1 	0 	0 	0
1.0007133 	0.056905545 	1.2689748e-05 	6.81432e-22
1.0014798 	0.11747147 	1.9354769e-06 	-2.2514448e-21
1.0023036 	0.1813566 	-2.3889085e-05 	-4.8363224e-25
1.0031888 	0.24677423 	-4.6490563e-05 	-5.4313657e-25
1.00414 	0.31189526 	-4.4339841e-05 	4.6757979e-25
1.0051622 	0.37523419 	2.8934843e-06 	5.7480993e-26
1.0062606 	0.4350142 	0.00011752651 	1.6716069e-21
1.007441 	0.48897504 	0.00032147817 	2.2827351e-22
1.0087095 	0.53594352 	0.00062801649 	-2.1619143e-22
1.0100726 	0.57629101 	0.0010391776 	1.7695075e-22
1.0115374 	0.61089995 	0.0015460642 	-1.0498134e-21
1.0131115 	0.64064175 	0.0021362338 	6.7646202e-27
1.0148031 	0.66630316 	0.0027984659 	-1.3198638e-25
1.0166208 	0.68856366 	0.0035231152 	5.868793e-22
1.0185742 	0.70799582 	0.0043023832 	6.8673097e-23
1.0206732 	0.72507556 	0.0051302294 	-5.2014745e-22
1.0229289 	0.74019567 	0.0060021324 	-5.8276287e-24
1.0253529 	0.75367929 	0.0069148249 	3.733052e-22
1.0279578 	0.76579207 	0.0078660706 	-3.01309e-22
1.030757 	0.77675135 	0.0088544477 	-6.7461054e-22
1.033765 	0.78673564 	0.0098791895 	2.8164834e-22
1.0369974 	0.79589336 	0.010940058 	2.8444116e-22
1.0404711 	0.80434803 	0.012037204 	-2.4068038e-22
1.0442038 	0.81220252 	0.013171071 	-1.3330692e-23
1.0482151 	0.81954292 	0.0143423 	4.4049277e-22
1.0525256 	0.82644151 	0.015551649 	-2.711647e-24
1.0571578 	0.83295921 	0.016799915 	-1.9802935e-22
1.0621355 	0.83914744 	0.018087861 	1.0835053e-23
1.0674846 	0.84504964 	0.019416131 	-1.0377507e-24
1.0732328 	0.85070252 	0.020785166 	-1.8411388e-25
1.0794099 	0.85613702 	0.022195104 	-2.0794593e-23
1.0860478 	0.86137916 	0.023645673 	-1.0703541e-22
1.0931809 	0.86645076 	0.02513607 	1.7924614e-23
1.1008463 	0.87136996 	0.026664833 	-9.5116861e-24
1.1090835 	0.87615187 	0.028229694 	-1.5524908e-24
1.1179353 	0.88080897 	0.029827432 	1.111733e-22
1.1274475 	0.88535167 	0.031453714 	4.6886744e-23
1.1376694 	0.88978873 	0.033102936 	-1.265893e-22
1.148654 	0.89412775 	0.034768071 	2.3395499e-23
1.160458 	0.89837573 	0.03644052 	1.2497055e-22
1.1731428 	0.90253954 	0.038109995 	-7.0977878e-23
1.1867739 	0.90662655 	0.039764419 	-6.91567e-23
1.201422 	0.9106452 	0.041389884 	2.6911588e-26
1.217163 	0.91460565 	0.042970662 	7.1111726e-23
1.2340783 	0.91852043 	0.044489283 	3.1030032e-29
1.2522557 	0.92240503 	0.045926691 	4.1001842e-27
1.2717893 	0.92627846 	0.04726251 	8.1745718e-24
1.2927802 	0.93016386 	0.048475369 	8.1811105e-24
1.3153372 	0.93408888 	0.049543343 	3.9968701e-24
1.3395772 	0.93808609 	0.050444503 	-4.5183025e-23
1.3656256 	0.94219305 	0.051157539 	9.0170025e-25
1.3936175 	0.94645229 	0.051662444 	-1.3201742e-22
1.4236977 	0.95091105 	0.051941255 	-1.209805e-23
1.4560222 	0.95562067 	0.051978809 	4.1826842e-22
1.4907583 	0.96063546 	0.051763464 	2.6074777e-22
1.5280861 	0.96601111 	0.051287744 	-3.2246514e-22
1.5681987 	0.97180215 	0.05054873 	-1.8788646e-22
1.6113041 	0.97805894 	0.049547933 	1.49008e-22
1.6576255 	0.9848245 	0.048290872 	-3.4393144e-22
1.7074028 	0.99213056 	0.046786735 	-5.1720104e-22
1.7608939 	0.99999187 	0.045047844 	7.9672086e-23
1.8183759 	1.0083995 	0.043088624 	4.3876578e-24
1.8801465 	1.0173143 	0.040925206 	-1.3302668e-22
1.9465256 	1.0266598 	0.038576576 	2.4902335e-22
2.0178571 	1.0361531 	0.036100757 	-1.6620156e-22
2.0891887 	1.0451203 	0.033642406 	-1.3511142e-22
2.1555678 	1.0529944 	0.03132857 	9.5047979e-22
2.2173384 	1.0596694 	0.029185487 	5.6524969e-22
2.2748203 	1.0652146 	0.027202071 	-8.248016e-23
2.3283114 	1.0697249 	0.025363805 	-3.7528645e-22
2.3780888 	1.0733064 	0.023656795 	-3.1782293e-22
2.4244102 	1.0760646 	0.022068972 	2.9734005e-22
2.4675155 	1.0780973 	0.020589884 	-2.7520415e-23
2.5076282 	1.0794906 	0.019210435 	3.285431e-24
2.5449559 	1.0803173 	0.017922605 	1.3624256e-22
2.5796921 	1.0806373 	0.016719244 	1.6824334e-22
2.6120166 	1.0804978 	0.015593927 	1.8621056e-23
2.6420968 	1.0799346 	0.01454084 	-3.6793417e-22
2.6700887 	1.0789739 	0.013554686 	-5.8789544e-23
2.6961371 	1.0776329 	0.012630616 	1.2503297e-22
2.720377 	1.0759216 	0.011764166 	-3.4498369e-23
2.7429341 	1.0738437 	0.010951214 	-1.0622427e-22
2.763925 	1.0713979 	0.010187935 	-1.1796149e-23
2.7834586 	1.0685783 	0.0094707572 	7.0560879e-23
2.8016359 	1.0653762 	0.0087963341 	-2.017709e-24
2.8185513 	1.0617802 	0.0081615231 	5.02374e-23
2.8342923 	1.0577773 	0.0075633844 	-1.7345707e-22
2.8489404 	1.0533537 	0.0069991898 	-8.0789701e-23
2.8625715 	1.0484954 	0.0064664289 	4.2996149e-23
2.8752563 	1.0431881 	0.0059628171 	-9.7361683e-23
2.8870603 	1.0374184 	0.0054862979 	1.2320262e-22
2.8980449 	1.0311727 	0.0050350411 	8.5991753e-23
2.9082668 	1.0244376 	0.0046074647 	-4.4996887e-23
2.917779 	1.0171992 	0.0042022573 	1.1605498e-22
2.9266308 	1.009442 	0.0038183722 	2.9306224e-23
2.934868 	1.0011484 	0.003455009 	-1.1265677e-22
2.9425333 	0.99229702 	0.0031115894 	-1.1075895e-22
2.9496665 	0.98286125 	0.0027877228 	1.329705e-22
2.9563044 	0.97280817 	0.0024831717 	-2.1740708e-23
2.9624815 	0.96209694 	0.0021978072 	-1.2008628e-22
2.9682297 	0.95067742 	0.0019315677 	9.2741297e-23
2.9735788 	0.93848881 	0.0016844215 	-1.5198177e-23
2.9785565 	0.92545838 	0.0014563669 	-5.5725095e-23
2.9831887 	0.91150005 	0.0012474619 	-6.0964659e-23
2.9874992 	0.89651306 	0.0010577879 	1.0898064e-22
2.9915105 	0.88038099 	0.00088735957 	5.3509929e-23
2.9952432 	0.86297081 	0.00073603668 	-6.070501e-23
2.9987168 	0.84413301 	0.000603499 	1.1659778e-29
3.0019493 	0.82370354 	0.00048923662 	5.0231614e-23
3.0049573 	0.80150213 	0.00039250515 	-6.189212e-24
3.0077565 	0.777332 	0.00031233842 	-5.9375167e-23
3.0103613 	0.75098443 	0.00024755174 	-4.5410913e-24
3.0127853 	0.72224442 	0.00019670979 	-1.5837347e-24
3.015041 	0.69090141 	0.00015812478 	4.9036951e-23
3.0171401 	0.65676571 	0.00012988187 	-1.0659265e-23
3.0190935 	0.61969088 	0.00010990976 	-5.9694758e-23
3.0209112 	0.57960433 	9.6083202e-05 	7.3300959e-23
3.0226028 	0.53654911 	8.6388883e-05 	-3.7120047e-23
3.0241769 	0.49090786 	7.8815584e-05 	1.4647253e-25
3.0256417 	0.44359056 	7.1557188e-05 	1.6098828e-23
3.0270048 	0.39556793 	6.3444517e-05 	-9.4463574e-23
3.0282733 	0.34741118 	5.409496e-05 	1.643994e-23
3.0294537 	0.29949731 	4.3784006e-05 	1.7230214e-23
3.0305521 	0.25222095 	3.3080952e-05 	1.1464091e-23
3.0315743 	0.20598189 	2.2700281e-05 	-6.3421741e-24
3.0325255 	0.16115135 	1.3419333e-05 	-9.8523267e-24
3.0334107 	0.11803328 	6.006199e-06 	6.9238454e-24
3.0342344 	0.076840391 	1.3087436e-06 	-1.6111334e-24
3.035001 	0.037692654 	-8.5511532e-07 	-2.1873643e-25
3.0357143 	0 	0 	0
