1 	0 	0 	0 	0 	0 	0
1.0007133 	0.0053985727 	-0.00015350056 	2.8564429e-24 	0.005398612 	6.6509425e-24 	0.0053986028
1.0014798 	0.0070325041 	-0.00048615486 	-2.9182426e-23 	0.0070331534 	-5.7937792e-24 	0.0070328644
1.0023036 	0.0090240727 	-0.0010299816 	1.1182219e-22 	0.009025657 	-1.2403171e-23 	0.0090249436
1.0031888 	0.011241971 	-0.0017681052 	1.0982437e-23 	0.011243099 	2.7297643e-26 	0.011242688
1.00414 	0.013507525 	-0.0026252277 	-1.4042603e-22 	0.013503732 	-2.6796266e-25 	0.013505848
1.0051622 	0.015662121 	-0.003493563 	-3.8391051e-24 	0.015644829 	-5.0072335e-23 	0.015653826
1.0062606 	0.017601501 	-0.0044449618 	1.2518289e-22 	0.017554579 	4.5742986e-24 	0.017578667
1.007441 	0.019230756 	-0.0054865729 	1.0576507e-21 	0.019125282 	9.3729636e-23 	0.019178791
1.0087095 	0.020496093 	-0.0063807017 	-3.3827754e-21 	0.020295015 	-1.1851127e-23 	0.020396366
1.0100726 	0.021446129 	-0.0070405336 	-6.8487381e-22 	0.021113037 	8.9810695e-23 	0.021280624
1.0115374 	0.022172645 	-0.0075085608 	6.2287314e-21 	0.021674047 	9.5911522e-24 	0.021924696
1.0131115 	0.022758174 	-0.0078182575 	-4.8397511e-22 	0.02206359 	-1.3502015e-22 	0.022412544
1.0148031 	0.023265532 	-0.0080013515 	-3.0813742e-21 	0.022347157 	-1.0437967e-22 	0.022808381
1.0166208 	0.023738349 	-0.0080850413 	-4.3906249e-21 	0.022570847 	-4.847942e-23 	0.023157073
1.0185742 	0.024204832 	-0.0080913645 	5.8672097e-21 	0.022765017 	2.6953636e-22 	0.02348791
1.0206732 	0.024681876 	-0.0080375756 	4.4223451e-21 	0.022948476 	5.7270297e-23 	0.023818754
1.0229289 	0.025178589 	-0.0079368868 	-1.2582148e-20 	0.02313211 	-2.9634613e-22 	0.024159613
1.0253529 	0.025698941 	-0.0077991636 	5.4260821e-22 	0.023321589 	9.7135284e-24 	0.024515325
1.0279578 	0.026243998 	-0.0076313373 	1.6088861e-20 	0.023519597 	5.608417e-22 	0.024887785
1.030757 	0.026813677 	-0.0074381103 	8.8732591e-21 	0.023727438 	4.2913414e-23 	0.025277621
1.033765 	0.027407234 	-0.0072232657 	-2.0062411e-20 	0.023945535 	-6.4190905e-22 	0.02568469
1.0369974 	0.028022999 	-0.0069895769 	-9.5201997e-21 	0.024173444 	3.8965795e-23 	0.026107969
1.0404711 	0.028658675 	-0.0067383121 	1.1134089e-20 	0.024410231 	4.2346274e-22 	0.026545873
1.0442038 	0.029311522 	-0.0064696863 	-3.7061446e-23 	0.024654711 	-3.6154204e-22 	0.026996474
1.0482151 	0.029978433 	-0.0061832732 	-1.4320784e-20 	0.024905622 	-6.3089848e-22 	0.027457632
1.0525256 	0.030655995 	-0.0058781702 	-1.319637e-20 	0.025161724 	2.5069956e-22 	0.027927066
1.0571578 	0.031340483 	-0.0055531497 	1.4940431e-20 	0.025421872 	4.1281985e-22 	0.028402396
1.0621355 	0.032027833 	-0.0052067882 	1.4431303e-20 	0.025685068 	1.8513111e-23 	0.028881155
1.0674846 	0.0327136 	-0.0048376137 	9.8386276e-23 	0.025950509 	1.4476246e-23 	0.029360785
1.0732328 	0.033392904 	-0.0044442656 	1.3093902e-22 	0.026217609 	1.5784122e-23 	0.029838634
1.0794099 	0.034060372 	-0.0040256467 	-1.6684449e-20 	0.026486026 	-1.7186659e-22 	0.030311931
1.0860478 	0.034710088 	-0.0035810942 	3.5681842e-20 	0.026755667 	1.0170405e-21 	0.03077777
1.0931809 	0.03533555 	-0.0031105413 	1.6442332e-20 	0.027026688 	1.5777201e-22 	0.031233085
1.1008463 	0.035929636 	-0.0026147016 	-1.7544154e-20 	0.027299472 	-1.7756912e-22 	0.031674624
1.1090835 	0.036484599 	-0.0020952521 	-5.5424397e-22 	0.027574584 	-1.0395863e-22 	0.032098924
1.1179353 	0.036992087 	-0.001554975 	-1.9197048e-20 	0.027852708 	-9.2103003e-22 	0.032502286
1.1274475 	0.03744319 	-0.00099790348 	-3.8382459e-20 	0.028134548 	-1.2630607e-21 	0.032880747
1.1376694 	0.037828534 	-0.00042942797 	6.0489375e-22 	0.0284207 	6.3054961e-22 	0.033230067
1.148654 	0.038138418 	0.00014365698 	1.8128907e-20 	0.028711495 	1.3702707e-22 	0.033545709
1.160458 	0.038363 	0.00071315082 	-9.6548687e-22 	0.029006806 	-5.5067031e-22 	0.033822832
1.1731428 	0.038492542 	0.0012695311 	2.0089989e-20 	0.02930583 	1.2553757e-21 	0.034056297
1.1867739 	0.038517686 	0.0018021196 	-1.7859942e-20 	0.029606854 	-5.6976115e-22 	0.034240689
1.201422 	0.038429809 	0.0022993458 	-2.7827351e-22 	0.029906993 	-1.0459849e-22 	0.034370349
1.217163 	0.038221414 	0.0027491212 	1.807483e-20 	0.030201973 	5.1292601e-22 	0.034439454
1.2340783 	0.037886865 	0.0031393972 	-1.1800183e-23 	0.030486184 	4.917793e-23 	0.0344424
1.2522557 	0.037421503 	0.0034584905 	-4.7337816e-22 	0.030751647 	-6.4588989e-24 	0.034372837
1.2717893 	0.036822626 	0.0036958225 	-1.1613245e-22 	0.030988403 	-6.7025135e-23 	0.034224355
1.2927802 	0.036090924 	0.0038427411 	1.4665934e-22 	0.031185343 	-5.8672075e-23 	0.033991604
1.3153372 	0.035229482 	0.0038929469 	1.504906e-21 	0.031329513 	1.1388554e-22 	0.033669446
1.3395772 	0.034243885 	0.0038431379 	-1.4594431e-20 	0.031406469 	-9.5139771e-22 	0.033253196
1.3656256 	0.03314227 	0.0036934909 	-9.1854572e-22 	0.031400832 	-8.9388852e-24 	0.03273892
1.3936175 	0.031935096 	0.0034479809 	1.4200059e-22 	0.031296861 	3.6619936e-22 	0.032123619
1.4236977 	0.030634766 	0.0031145313 	-2.6639629e-21 	0.031079158 	-4.2386173e-22 	0.031405393
1.4560222 	0.029255095 	0.0027049839 	2.7198658e-20 	0.030733472 	9.8371408e-22 	0.030583585
1.4907583 	0.027810648 	0.0022348619 	1.4811042e-20 	0.030247563 	9.6366472e-22 	0.029658894
1.5280861 	0.026315943 	0.0017229466 	-1.156123e-20 	0.029612122 	-1.4514294e-22 	0.028633419
1.5681987 	0.024784412 	0.0011904786 	-9.1338616e-21 	0.028821688 	-5.0600974e-22 	0.027510583
1.6113041 	0.023227537 	0.0006597648 	2.4095932e-21 	0.027875018 	5.6334559e-23 	0.026294804
1.6576255 	0.021656169 	0.00015287552 	-1.3682543e-20 	0.02677732 	-4.8819838e-22 	0.024993415
1.7074028 	0.020081318 	-0.00030945613 	-1.611466e-20 	0.025541387 	-8.491574e-22 	0.023617818
1.7608939 	0.018513282 	-0.0007092468 	5.5734454e-21 	0.02418671 	2.0879433e-22 	0.022182643
1.8183759 	0.016958373 	-0.0010322279 	1.0713462e-21 	0.022732567 	1.2059533e-22 	0.020700509
1.8801465 	0.01542111 	-0.0012681155 	-4.1068732e-21 	0.021196529 	-2.1188611e-22 	0.019182286
1.9465256 	0.013910068 	-0.001409204 	6.0963954e-21 	0.019600418 	2.7188566e-22 	0.017640735
2.0178571 	0.012463716 	-0.0014530901 	-2.8570505e-21 	0.017996904 	-2.3355499e-23 	0.01611092
2.0891887 	0.011162396 	-0.0014110729 	-2.777635e-21 	0.016498432 	-3.1708836e-22 	0.014683192
2.1555678 	0.010049327 	-0.0013034603 	1.618491e-20 	0.015188411 	3.6304343e-22 	0.013432667
2.2173384 	0.0091071885 	-0.0011470833 	9.5474239e-21 	0.014063404 	4.8471754e-22 	0.012360434
2.2748203 	0.0083091983 	-0.00095783941 	-1.5732206e-21 	0.013094091 	1.364365e-22 	0.011439743
2.3283114 	0.007634183 	-0.00075040981 	-7.9213523e-21 	0.012255017 	-1.4640151e-22 	0.010646057
2.3780888 	0.0070654483 	-0.00053519312 	-5.3892463e-21 	0.01152344 	-2.9752704e-22 	0.0099590149
2.4244102 	0.0065890502 	-0.00031907163 	6.2934057e-21 	0.010880274 	8.2483089e-23 	0.009361863
2.4675155 	0.0061929963 	-0.00010638312 	-2.0634932e-22 	0.010310063 	8.1098838e-23 	0.0088408611
2.5076282 	0.0058668074 	0.00010032271 	1.641592e-22 	0.0098004939 	-4.2954683e-23 	0.0083847634
2.5449559 	0.0056012417 	0.00029964756 	2.2728404e-21 	0.0093419103 	-6.266613e-24 	0.0079843719
2.5796921 	0.0053880955 	0.00049099025 	2.3371668e-21 	0.0089268849 	6.1743604e-23 	0.0076322019
2.6120166 	0.0052201211 	0.00067420266 	1.0264703e-22 	0.0085498297 	1.4894523e-22 	0.0073221848
2.6420968 	0.0050909053 	0.00084935887 	-5.8777536e-21 	0.0082066696 	-6.3283511e-23 	0.0070494413
2.6700887 	0.0049948328 	0.0010166336 	-1.306618e-21 	0.007894512 	-1.560245e-22 	0.0068100551
2.6961371 	0.0049270618 	0.001176192 	1.7705564e-21 	0.0076113491 	1.7421188e-23 	0.0066008805
2.720377 	0.0048834527 	0.0013281334 	-5.986463e-22 	0.0073558353 	5.6534189e-23 	0.0064194128
2.7429341 	0.0048605565 	0.0014724435 	-1.708131e-21 	0.0071270809 	-2.5135327e-23 	0.0062636532
2.763925 	0.0048555592 	0.0016090489 	-5.7498999e-22 	0.0069245014 	-5.4941681e-23 	0.0061320122
2.7834586 	0.0048662284 	0.0017378142 	1.032657e-21 	0.0067476965 	9.680328e-24 	0.0060232298
2.8016359 	0.004890866 	0.001858541 	1.3840678e-22 	0.0065963298 	8.0479373e-24 	0.0059362881
2.8185513 	0.004928235 	0.0019710319 	7.3828381e-22 	0.0064700513 	4.9191903e-23 	0.0058703522
2.8342923 	0.0049774881 	0.0020751263 	-1.3482262e-21 	0.0063684368 	2.0738813e-23 	0.0058247119
2.8489404 	0.0050380937 	0.0021707362 	-9.7925004e-22 	0.006290953 	-5.6620223e-23 	0.0057987299
2.8625715 	0.0051096999 	0.0022578159 	2.036783e-22 	0.0062368885 	5.0822156e-24 	0.0057917538
2.8752563 	0.0051921658 	0.0023364833 	-6.5098833e-22 	0.0062055118 	-2.0306207e-23 	0.0058032192
2.8870603 	0.0052853913 	0.0024069431 	8.4717344e-22 	0.0061959177 	-2.9924001e-23 	0.0058324805
2.8980449 	0.0053892178 	0.0024694286 	4.5230392e-22 	0.0062069923 	3.3495006e-23 	0.0058787621
2.9082668 	0.0055035876 	0.0025243579 	-2.8315832e-22 	0.0062376942 	-7.4883794e-24 	0.0059413911
2.917779 	0.0056284803 	0.0025722769 	5.8238068e-22 	0.0062869937 	-9.2364888e-24 	0.0060197168
2.9266308 	0.0057638666 	0.0026138006 	2.2333714e-22 	0.0063538984 	3.8204465e-23 	0.0061131096
2.934868 	0.0059097101 	0.0026496025 	-3.8392764e-22 	0.0064374935 	2.0016516e-23 	0.0062209852
2.9425333 	0.0060659867 	0.0026803968 	-3.1290338e-22 	0.0065369797 	-3.6640136e-23 	0.0063428317
2.9496665 	0.0062326992 	0.0027068811 	2.4275088e-22 	0.0066517016 	-1.1752014e-23 	0.0064782323
2.9563044 	0.0064098844 	0.002729705 	1.7269318e-23 	0.0067811577 	3.3342209e-23 	0.0066268733
2.9624815 	0.0065975821 	0.0027494227 	-2.8882128e-22 	0.0069249633 	-1.5110243e-23 	0.0067885091
2.9682297 	0.0067957594 	0.0027664228 	1.8788269e-22 	0.007082758 	-1.1567059e-23 	0.006962878
2.9735788 	0.007004238 	0.0027808753 	-2.5873563e-23 	0.0072541056 	1.6206667e-23 	0.0071496162
2.9785565 	0.0072226468 	0.0027927424 	-9.5345645e-23 	0.0074384038 	4.5604477e-24 	0.007348184
2.9831887 	0.0074503338 	0.0028017998 	-9.4267293e-23 	0.0076348169 	-1.6158578e-23 	0.0075577903
2.9874992 	0.0076862117 	0.0028076055 	1.4910878e-22 	0.0078421637 	-1.0100261e-23 	0.0077772625
2.9915105 	0.0079283301 	0.0028093226 	8.0806177e-23 	0.0080584619 	1.4462539e-23 	0.0080045971
2.9952432 	0.0081734673 	0.0028055612 	-6.9266711e-23 	0.0082804788 	4.0747825e-24 	0.0082365357
2.9987168 	0.0084168589 	0.0027942967 	1.2973011e-24 	0.0085034227 	-7.8875324e-24 	0.0084682714
3.0019493 	0.0086517427 	0.0027731302 	2.2786112e-23 	0.0087204884 	2.9511238e-25 	0.0086929954
3.0049573 	0.0088688743 	0.0027393588 	9.0737705e-25 	0.0089223589 	6.478842e-24 	0.0089014058
3.0077565 	0.0090560462 	0.0026895832 	-2.4489138e-23 	0.009096706 	2.0276137e-27 	0.0090812136
3.0103613 	0.0091977971 	0.0026197312 	-2.6098608e-24 	0.0092279237 	-2.7920503e-24 	0.0092168683
3.0127853 	0.0092758817 	0.0025254746 	-6.3258378e-25 	0.0092975973 	-2.2010192e-24 	0.0092900256
3.015041 	0.0092701012 	0.0024025844 	1.1720515e-23 	0.009285324 	1.8191081e-25 	0.0092803726
3.0171401 	0.0091597036 	0.0022473871 	7.3822037e-25 	0.0091701077 	3.49308e-24 	0.0091670251
3.0190935 	0.00892592 	0.0020573951 	-1.0180684e-23 	0.0089329008 	-2.0050199e-24 	0.0089310662
3.0209112 	0.0085569891 	0.0018325381 	5.5817243e-24 	0.0085616442 	-8.7223539e-25 	0.0085605795
3.0226028 	0.008055308 	0.0015740626 	-8.735776e-25 	0.0080584518 	1.5556061e-24 	0.0080578112
3.0241769 	0.0074490861 	0.0013188675 	-2.0867938e-24 	0.0074513017 	-8.3020669e-25 	0.007450862
3.0256417 	0.006781992 	0.0011086549 	1.5468887e-24 	0.0067837012 	1.0497959e-24 	0.0067833294
3.0270048 	0.0060828732 	0.00092179245 	-2.793396e-24 	0.0060842861 	1.2451744e-25 	0.0060839279
3.0282733 	0.0053705186 	0.00073668614 	3.3516187e-25 	0.0053716698 	-9.2929127e-25 	0.0053713355
3.0294537 	0.0046697001 	0.00056254608 	3.0904716e-25 	0.0046705929 	3.4172562e-26 	0.0046703067
3.0305521 	0.004008076 	0.00040732513 	5.2557025e-26 	0.0040087169 	9.9791073e-26 	0.0040084974
3.0315743 	0.0034109501 	0.00027770563 	4.7041695e-28 	0.0034113643 	7.0111412e-26 	0.0034112171
3.0325255 	0.0028967253 	0.00017674955 	-3.9226797e-26 	0.0028969582 	-2.2782767e-26 	0.0028968746
3.0334107 	0.0024748092 	0.00010316698 	1.0775956e-26 	0.0024749166 	-1.6449522e-26 	0.0024748794
3.0342344 	0.0021464055 	5.2425812e-05 	-3.1110458e-29 	0.0021464419 	7.0089091e-27 	0.0021464308
3.035001 	0.0019071431 	1.8677477e-05 	1.5588819e-28 	0.0019071501 	-6.294819e-28 	0.0019071485
3.0357143 	0 	0 	0 	0 	0 	0
