0.44815628 	0 	0 	0 	0 	0 	0
0.44909187 	0.00068394808 	1.3679608e-05 	3.9037477e-22 	0.00057602501 	6.3356405e-22 	0.00063000573
0.45009717 	0.0011189067 	4.0615609e-05 	-7.0598951e-23 	0.00079868972 	-2.4896245e-21 	0.00095880996
0.45117744 	0.0015843997 	7.6175468e-05 	-1.0033194e-20 	0.00098359549 	-1.158768e-20 	0.0012839868
0.45233828 	0.0020403277 	0.00011326757 	8.3451114e-21 	0.001145671 	1.6847652e-20 	0.0015929995
0.45358568 	0.0024602013 	0.00014682903 	1.6871462e-20 	0.0012982046 	-4.7667665e-21 	0.0018792046
0.4549261 	0.0028346097 	0.00017464584 	-4.7817413e-20 	0.0014487672 	-4.2801243e-20 	0.0021416898
0.45636646 	0.0031650178 	0.00019638529 	-9.9674329e-21 	0.0016010884 	3.7151783e-20 	0.0023830525
0.45791423 	0.0034574641 	0.00021247929 	3.8093951e-20 	0.0017574312 	2.747626e-20 	0.002607447
0.4595774 	0.0037151065 	0.00022249492 	-1.9907704e-20 	0.001923757 	-6.0347361e-21 	0.0028194351
0.46136458 	0.003953957 	0.00022953661 	8.9830441e-21 	0.0020895103 	3.1913687e-21 	0.0030217431
0.46328499 	0.0041876914 	0.00023703149 	3.9747913e-21 	0.0022377691 	2.2022312e-20 	0.0032127402
0.46534857 	0.0043933439 	0.00023961981 	4.7023661e-20 	0.0023872232 	-3.6349436e-20 	0.0033902828
0.46756597 	0.0045611262 	0.00023448229 	-4.8004169e-20 	0.002551498 	-2.9610755e-20 	0.0035563115
0.46994866 	0.0047048217 	0.00022418278 	-1.5756047e-20 	0.0027240036 	6.4011344e-20 	0.0037144189
0.47250895 	0.0048300863 	0.00020937218 	1.237246e-19 	0.0029048244 	-5.3041065e-20 	0.0038674615
0.47526006 	0.0049410425 	0.00019041625 	-5.3801682e-20 	0.0030944583 	-5.9908146e-20 	0.0040177574
0.47821618 	0.0050407362 	0.00016749344 	-5.301462e-20 	0.0032937092 	8.1754528e-20 	0.0041672309
0.4813926 	0.0051314754 	0.00014063258 	1.3299308e-19 	0.0035036171 	-5.340343e-20 	0.0043175551
0.48480569 	0.0052150632 	0.00010973538 	8.1625266e-22 	0.0037254297 	-3.5400281e-20 	0.0044702562
0.48847307 	0.0052929713 	7.4589205e-05 	5.1026541e-20 	0.0039605976 	-4.8851094e-20 	0.0046267955
0.49241365 	0.0053664679 	3.4866687e-05 	-3.0556346e-20 	0.0042107866 	-2.0812596e-20 	0.0047886393
0.49664777 	0.0054367191 	-9.8879775e-06 	-9.2327586e-20 	0.0044779073 	3.0904622e-20 	0.0049573267
0.50119723 	0.0055048823 	-6.0278502e-05 	-1.3354492e-19 	0.0047641559 	6.1857909e-20 	0.0051345333
0.5060855 	0.0055721865 	-0.00011709318 	-1.6702027e-19 	0.0050720734 	2.3217641e-19 	0.0053221445
0.51133774 	0.0056400251 	-0.00018135116 	2.2679725e-19 	0.0054046222 	-1.20461e-19 	0.0055223391
0.51698101 	0.005710065 	-0.00025436235 	-1.329103e-19 	0.0057652826 	8.6906728e-21 	0.0057376901
0.52304435 	0.0057843682 	-0.00033781455 	-1.9358689e-20 	0.006158189 	1.5148328e-19 	0.0059712951
0.52955895 	0.0058655413 	-0.00043388359 	3.5251238e-19 	0.0065882919 	-2.472006e-19 	0.0062269325
0.5365583 	0.0059569432 	-0.00054537962 	-6.9669144e-20 	0.0070615862 	-1.1192919e-19 	0.0065092792
0.54407839 	0.006062952 	-0.00067594255 	-1.3983968e-19 	0.0075854215 	1.1270242e-19 	0.0068241982
0.55215783 	0.0061892605 	-0.00083029385 	3.34586e-20 	0.0081688472 	5.1797991e-20 	0.0071790597
0.56083809 	0.0063432761 	-0.0010145777 	7.1420635e-20 	0.0088230812 	-5.7513158e-20 	0.0075831759
0.57016371 	0.0065346237 	-0.00123681 	-2.3696189e-20 	0.0095621029 	-3.3090748e-20 	0.0080483457
0.58018248 	0.0067757234 	-0.0015074914 	-6.0541555e-20 	0.010403314 	6.1876569e-20 	0.0085894857
0.59094573 	0.0070825456 	-0.0018404404 	5.8348363e-20 	0.011368356 	-1.4596459e-20 	0.0092254056
0.60250854 	0.0074752202 	-0.0022539489 	-1.5928316e-20 	0.01248401 	-1.0909131e-20 	0.0099796376
0.61493003 	0.0079782296 	-0.0027715617 	-3.5511789e-20 	0.013782672 	3.1947879e-20 	0.01088047
0.62827366 	0.0086183922 	-0.0034213744 	7.0258703e-20 	0.015301857 	2.1429189e-20 	0.011960144
0.64260754 	0.0094286276 	-0.0042280329 	3.3290715e-20 	0.017073333 	-7.2095988e-20 	0.013250937
0.65800475 	0.010449825 	-0.0052001073 	-9.2548963e-20 	0.019104419 	-6.9933949e-20 	0.01477699
0.6745437 	0.011729684 	-0.0063133396 	-3.2570844e-20 	0.021352348 	3.1426891e-20 	0.016541115
0.69230851 	0.01329937 	-0.0075155889 	5.0011865e-20 	0.02371981 	9.0254209e-20 	0.018509886
0.71138943 	0.015130377 	-0.0087539883 	-9.370263e-21 	0.026081763 	3.8482217e-20 	0.020606393
0.73188325 	0.017132277 	-0.0099797089 	4.7774663e-20 	0.028298483 	-5.6319052e-20 	0.022715714
0.7538938 	0.01918274 	-0.01113558 	-5.5860958e-20 	0.030219669 	2.6652124e-20 	0.024701417
0.77753238 	0.021155277 	-0.012156717 	-2.0462984e-19 	0.031710535 	3.8724695e-20 	0.026432942
0.80291836 	0.022941268 	-0.01298478 	-7.6421614e-20 	0.03268456 	-3.6371195e-20 	0.027812781
0.8301797 	0.024473781 	-0.01358643 	1.1368325e-20 	0.033131515 	-2.8956219e-20 	0.028802413
0.85945355 	0.025744455 	-0.013967088 	1.0685448e-19 	0.033128331 	-7.3147192e-21 	0.029436019
0.8908869 	0.026790568 	-0.014162462 	1.5183036e-19 	0.032805346 	-1.6895595e-21 	0.029797396
0.92463724 	0.027661352 	-0.014213775 	5.0054834e-21 	0.032289157 	-4.4592737e-21 	0.029974557
0.96087331 	0.028401324 	-0.014158582 	3.8587616e-19 	0.031677897 	-3.3268519e-20 	0.030038958
0.99977583 	0.029046991 	-0.014031236 	-3.1632765e-19 	0.03103971 	6.0613819e-20 	0.030042906
1.0415383 	0.029612594 	-0.013850278 	-3.5642234e-19 	0.030399846 	2.4644228e-20 	0.030005799
1.0863681 	0.030087087 	-0.013617601 	1.7634673e-19 	0.029746717 	-3.2324909e-20 	0.029916419
1.1344869 	0.0304369 	-0.013321601 	3.5277141e-20 	0.029044504 	1.5088607e-20 	0.029740334
1.1861322 	0.030623086 	-0.012948903 	-7.3643089e-19 	0.028254722 	6.1113704e-20 	0.029438666
1.241558 	0.030611989 	-0.012490008 	-4.6016959e-19 	0.027350164 	7.4299116e-21 	0.028980873
1.3010361 	0.030368834 	-0.011934214 	2.3904525e-19 	0.026313296 	-4.3722703e-20 	0.028340879
1.3648571 	0.029861064 	-0.011274821 	5.7792992e-19 	0.025140504 	-2.9144194e-20 	0.027500615
1.4333318 	0.029061244 	-0.010512123 	-1.9294844e-19 	0.023839364 	5.9889154e-21 	0.026450198
1.5067924 	0.027950857 	-0.0096538762 	7.7539864e-19 	0.022422838 	-4.5752856e-20 	0.025186662
1.585594 	0.026527093 	-0.0087141648 	7.8296362e-19 	0.020901961 	-2.6054834e-20 	0.023714658
1.670116 	0.024809623 	-0.0077068002 	-3.6844628e-19 	0.019283092 	2.7751221e-20 	0.022046783
1.7201551 	0.023732409 	-0.007140317 	-5.4978997e-20 	0.018360953 	9.5057947e-21 	0.021046353
1.7607692 	0.022854012 	-0.0066788251 	1.9291005e-19 	0.017613946 	-4.8102343e-21 	0.020233028
1.851244 	0.020808675 	-0.0057533138 	-5.7445665e-19 	0.016030873 	2.1121549e-20 	0.018418879
1.9352734 	0.018856776 	-0.0049940767 	-3.7814403e-19 	0.014626799 	-3.857173e-21 	0.016742338
2.0133292 	0.017094989 	-0.0043517585 	3.6728441e-19 	0.013385129 	-1.6879624e-20 	0.015240219
2.0858467 	0.015545731 	-0.0037842465 	2.859663e-19 	0.012280609 	8.8477173e-21 	0.013912964
2.153228 	0.014197665 	-0.0032754982 	-7.7092919e-19 	0.011306483 	1.0649784e-20 	0.012752046
2.2158443 	0.013031547 	-0.0028128473 	2.97879e-19 	0.010455019 	-2.5178211e-20 	0.011743229
2.2740391 	0.012025884 	-0.0023876394 	8.2402346e-19 	0.0097153566 	-5.4671379e-21 	0.010870586
2.3281301 	0.011159031 	-0.0019935583 	-8.9277375e-20 	0.0090758865 	1.2658461e-20 	0.01011743
2.3784113 	0.010410862 	-0.001626173 	-2.6928915e-21 	0.0085247345 	-4.739647e-21 	0.0094677792
2.4251549 	0.0097634477 	-0.0012823177 	1.944795e-19 	0.0080505646 	-1.7458226e-21 	0.0089069937
2.4686132 	0.0092012989 	-0.00095968398 	8.3489284e-21 	0.007642985 	1.2644297e-20 	0.0084221342
2.5090199 	0.0087113312 	-0.00065657549 	-5.679682e-19 	0.0072927544 	6.4427315e-22 	0.0080020408
2.5465917 	0.0082826931 	-0.00037167458 	1.845792e-19 	0.0069918198 	-1.9191447e-20 	0.0076372552
2.5815297 	0.0079064769 	-0.00010391695 	4.718769e-19 	0.0067332898 	3.4442849e-21 	0.0073198864
2.6140201 	0.0075754729 	0.00014756577 	-1.6515103e-19 	0.0065113271 	1.552141e-20 	0.0070434077
2.6442361 	0.0072838887 	0.00038352195 	-3.121759e-19 	0.0063210462 	2.1471334e-22 	0.0068024739
2.672338 	0.0070270819 	0.00060459764 	-7.3171766e-20 	0.0061584138 	-1.3606926e-20 	0.0065927553
2.698475 	0.0068013729 	0.00081134747 	3.7372053e-19 	0.0060201307 	-4.4429395e-21 	0.0064107648
2.7227854 	0.0066038726 	0.001004278 	7.2804223e-20 	0.0059035322 	1.222141e-20 	0.0062537174
2.7453976 	0.0064323085 	0.0011838603 	-2.2698899e-19 	0.0058065144 	-1.2856298e-21 	0.0061194257
2.766431 	0.0062849125 	0.0013505453 	1.3870295e-19 	0.0057274535 	-4.5337061e-21 	0.0060061972
2.7859964 	0.0061603323 	0.0015047899 	-1.5570335e-20 	0.0056651341 	1.2463998e-20 	0.0059127484
2.8041967 	0.0060575522 	0.001647075 	-3.3625741e-19 	0.0056186917 	-4.0792951e-21 	0.0058381373
2.8211278 	0.0059758268 	0.0017778953 	1.4015136e-19 	0.0055875648 	-7.6423012e-21 	0.0057817105
2.8368784 	0.0059146346 	0.001897808 	-3.9045746e-21 	0.0055714505 	7.6636763e-21 	0.0057430592
2.8515312 	0.0058736644 	0.0020075034 	-1.3308359e-19 	0.0055702822 	-5.7592364e-21 	0.0057219892
2.8651631 	0.0058525973 	0.0021076388 	1.6308851e-19 	0.0055840475 	-4.4819864e-21 	0.0057183356
2.8778453 	0.0058512045 	0.0021987901 	1.9929988e-20 	0.0056128597 	3.8406272e-21 	0.0057320463
2.8896443 	0.0058700764 	0.0022819486 	2.167601e-20 	0.0056576042 	1.5446127e-21 	0.0057638544
2.9006217 	0.0059096483 	0.00235803 	-2.1138688e-20 	0.0057190573 	1.5634001e-21 	0.0058143654
2.910835 	0.0059699349 	0.0024277374 	-1.7707792e-20 	0.0057976456 	-1.5546661e-21 	0.0058838027
2.9203374 	0.0060513657 	0.0024919804 	1.4517947e-20 	0.0058941981 	-1.5191322e-21 	0.0059727937
2.9291785 	0.0061544795 	0.0025515789 	1.6532577e-20 	0.0060096592 	1.4579727e-22 	0.00608208
2.9374045 	0.0062798799 	0.0026072774 	8.1763479e-21 	0.0061450429 	2.8028812e-21 	0.0062124707
2.9450582 	0.0064281912 	0.0026596969 	-3.1329328e-20 	0.0063013843 	1.7373932e-21 	0.006364796
2.9521795 	0.0065999905 	0.0027092857 	-2.3178124e-20 	0.0064796613 	-4.54274e-21 	0.0065398334
2.9588056 	0.0067957043 	0.0027562896 	3.9336488e-20 	0.0066806856 	-1.6948399e-21 	0.0067382016
2.9649709 	0.0070154623 	0.0028006901 	8.5929643e-21 	0.0069049508 	3.2479824e-21 	0.0069602124
2.9707075 	0.0072589074 	0.0028421622 	-1.1008734e-20 	0.0071524344 	5.1441626e-22 	0.0072056759
2.9760453 	0.0075249548 	0.0028800411 	-1.0603386e-21 	0.0074223488 	-2.0970379e-21 	0.0074736561
2.981012 	0.0078115012 	0.0029132893 	1.3192788e-20 	0.0077128449 	3.3726815e-22 	0.0077621767
2.9856335 	0.0081150965 	0.0029404767 	-2.6273297e-21 	0.0080206774 	1.4321433e-21 	0.0080678899
2.9899337 	0.008430584 	0.0029597704 	-3.67926e-21 	0.0083408413 	-5.7835338e-22 	0.0083857151
2.9939351 	0.0087507346 	0.0029689355 	2.3564847e-21 	0.0086662027 	3.5025491e-22 	0.0087084707
2.9976584 	0.0090658947 	0.0029653566 	-4.3240476e-21 	0.008987147 	1.3704064e-21 	0.0090265225
3.001123 	0.0093635936 	0.002945993 	-7.1450652e-21 	0.0092911897 	-3.7751254e-22 	0.0093273929
3.0043468 	0.0096285251 	0.0029075038 	-1.1005078e-21 	0.009562958 	-1.0620606e-21 	0.0095957426
3.0073466 	0.0098423561 	0.00284625 	1.0704564e-21 	0.0097840063 	-1.2277267e-22 	0.009813182
3.0101381 	0.0099837178 	0.0027582704 	-8.1200944e-24 	0.0099328192 	-7.7050013e-23 	0.009958269
3.0127355 	0.010028983 	0.0026394491 	8.8555229e-22 	0.0099855956 	1.230594e-22 	0.01000729
3.0151526 	0.0099541419 	0.0024861518 	-2.9190581e-22 	0.0099181295 	3.3540632e-22 	0.0099361359
3.0174017 	0.0097349979 	0.0022948103 	-5.3473246e-22 	0.0097060285 	-3.6974289e-22 	0.0097205133
3.0194946 	0.0093524235 	0.0020631252 	6.8628999e-22 	0.0093299724 	-4.9046813e-22 	0.0093411992
3.0214421 	0.008801036 	0.0017923986 	8.0897127e-22 	0.0087844049 	3.4064519e-22 	0.0087927182
3.0232543 	0.00809662 	0.0014843633 	-2.1167115e-22 	0.0080849818 	4.29465e-22 	0.0080908005
3.0249407 	0.0072969657 	0.0012074524 	-3.1826257e-22 	0.0072890134 	-1.5641997e-22 	0.0072929945
3.0265099 	0.0064614275 	0.00098613769 	9.8689509e-23 	0.0064559293 	-1.6574376e-22 	0.0064586783
3.0279701 	0.0056186755 	0.00077313226 	6.1838716e-23 	0.0056150316 	6.2954546e-24 	0.0056168519
3.029329 	0.0047988891 	0.00057132244 	3.0531179e-23 	0.0047966496 	1.0899278e-23 	0.0047977697
3.0305934 	0.0040388925 	0.00039327469 	9.9662164e-24 	0.0040376405 	1.7444596e-23 	0.0040382666
3.0317701 	0.0033739429 	0.00024918913 	-2.1253904e-24 	0.0033733189 	1.658746e-23 	0.0033736309
3.032865 	0.002829292 	0.00014291478 	-4.5274829e-24 	0.0028290245 	1.6600652e-24 	0.0028291583
3.0338839 	0.0024163642 	7.0805135e-05 	-5.3522402e-25 	0.0024162735 	-3.1437603e-24 	0.0024163187
3.034832 	0.0021348007 	2.4617867e-05 	8.1185085e-26 	0.0021347815 	-6.020898e-25 	0.002134791
3.0357143 	0 	0 	0 	0 	0 	0
