0.44815628 	0 	0 	0
0.44909187 	-0.010228216 	0.0079500636 	-2.8783158e-19
0.45009717 	-0.020324416 	0.015810989 	-4.7972686e-19
0.45117744 	-0.03009845 	0.02341503 	-1.4461644e-19
0.45233828 	-0.03927844 	0.030560718 	5.6844128e-19
0.45358568 	-0.047747236 	0.037156473 	-6.9949662e-19
0.4549261 	-0.055493972 	0.043194284 	1.2738329e-19
0.45636646 	-0.062559271 	0.048706324 	9.3520778e-19
0.45791423 	-0.068999828 	0.053737165 	-2.4219112e-19
0.4595774 	-0.074871812 	0.058331141 	6.4866433e-20
0.46136458 	-0.080176518 	0.062490052 	2.8601981e-20
0.46328499 	-0.084833405 	0.066151877 	-3.3692974e-20
0.46534857 	-0.088809765 	0.069291593 	-1.8878381e-19
0.46756597 	-0.092189344 	0.071974867 	-4.4185306e-20
0.46994866 	-0.095079736 	0.074285899 	2.1314058e-19
0.47250895 	-0.097561634 	0.076287848 	-2.9749504e-19
0.47526006 	-0.099695239 	0.078028117 	-8.6011689e-21
0.47821618 	-0.10152533 	0.079542246 	1.4946734e-19
0.4813926 	-0.10308494 	0.08085679 	-1.6908745e-19
0.48480569 	-0.10439792 	0.081991364 	-4.6344075e-20
0.48847307 	-0.10548074 	0.082960084 	-4.7329166e-20
0.49241365 	-0.10634363 	0.083772553 	-7.1448047e-21
0.49664777 	-0.10699133 	0.084434527 	8.8389946e-20
0.50119723 	-0.10742342 	0.084948323 	1.0963762e-19
0.5060855 	-0.10763436 	0.085313032 	2.2521901e-19
0.51133774 	-0.10761312 	0.085524547 	-1.8517377e-19
0.51698101 	-0.10734255 	0.085575439 	7.471011e-20
0.52304435 	-0.10679836 	0.085454669 	7.4104605e-20
0.52955895 	-0.10594749 	0.085147124 	-3.2606906e-19
0.5365583 	-0.10474591 	0.08463295 	1.0274928e-21
0.54407839 	-0.10313552 	0.083886659 	1.4860321e-19
0.55215783 	-0.10103983 	0.082875947 	-1.9862841e-21
0.56083809 	-0.09835795 	0.081560168 	-7.6952678e-20
0.57016371 	-0.094956278 	0.079888389 	3.9806017e-21
0.58018248 	-0.09065681 	0.077796946 	7.592414e-20
0.59094573 	-0.0852208 	0.075206474 	-3.5661294e-20
0.60250854 	-0.078326115 	0.072018435 	3.3241044e-21
0.61493003 	-0.069535977 	0.06811129 	2.6359906e-20
0.62827366 	-0.058260521 	0.063335205 	-3.0735889e-20
0.64260754 	-0.043715922 	0.057507598 	-2.5458594e-19
0.65800475 	-0.024955784 	0.050438869 	4.1179834e-20
0.6745437 	-0.0010066078 	0.041994994 	3.4172833e-19
0.69230851 	0.028829939 	0.032209181 	2.2821212e-19
0.71138943 	0.06472838 	0.021341514 	-1.9460338e-19
0.73188325 	0.10633332 	0.0098210933 	-1.432728e-19
0.7538938 	0.15286577 	-0.0018438187 	4.6469663e-20
0.77753238 	0.20328067 	-0.013151109 	-2.3769808e-19
0.80291836 	0.2564223 	-0.02366764 	-1.1282581e-19
0.8301797 	0.31114575 	-0.033063336 	8.412534e-20
0.85945355 	0.36635875 	-0.041114632 	1.3445501e-19
0.8908869 	0.42103286 	-0.047698533 	6.1900049e-20
0.92463724 	0.47424868 	-0.052787789 	-1.7929039e-21
0.96087331 	0.52526346 	-0.056441429 	1.0195975e-19
0.99977583 	0.57355403 	-0.0587815 	-4.4287844e-20
1.0415383 	0.61883195 	-0.059965486 	-9.3897715e-20
1.0863681 	0.66103062 	-0.060160327 	2.0291383e-20
1.1344869 	0.70026498 	-0.059521014 	-2.4123454e-21
1.1861322 	0.73677921 	-0.058179533 	-6.9395878e-20
1.241558 	0.77088679 	-0.056241218 	-3.9561327e-20
1.3010361 	0.80291706 	-0.053788166 	4.2158879e-20
1.3648571 	0.83317949 	-0.050888286 	4.193924e-20
1.4333318 	0.86194221 	-0.047605081 	-1.7024819e-20
1.5067924 	0.88942085 	-0.044003365 	4.8254874e-20
1.585594 	0.91576957 	-0.040152707 	5.1636775e-20
1.670116 	0.94106785 	-0.036116345 	-2.4710774e-20
1.7201551 	0.95425739 	-0.033850249 	-4.0910056e-21
1.7607692 	0.9649396 	-0.031999517 	1.2147807e-20
1.851244 	0.98628828 	-0.028107323 	-3.7093901e-20
1.9352734 	1.0045934 	-0.024725657 	-2.4441346e-20
2.0133292 	1.0201966 	-0.021877043 	2.6085987e-20
2.0858467 	1.0334668 	-0.019475114 	1.9477985e-20
2.153228 	1.0446941 	-0.017438499 	-5.4376843e-20
2.2158443 	1.054119 	-0.015705052 	1.9232735e-20
2.2740391 	1.0619544 	-0.014222428 	5.6601938e-20
2.3281301 	1.0683925 	-0.012948132 	-5.9975507e-21
2.3784113 	1.0736075 	-0.011847255 	-2.8475173e-22
2.4251549 	1.0777559 	-0.010891174 	1.2970342e-20
2.4686132 	1.0809752 	-0.01005641 	5.7113888e-22
2.5090199 	1.0833841 	-0.0093237066 	-3.6806626e-20
2.5465917 	1.0850826 	-0.0086772756 	1.2439488e-20
2.5815297 	1.0861537 	-0.0081041582 	3.0848415e-20
2.6140201 	1.0866641 	-0.0075936994 	-1.1359455e-20
2.6442361 	1.0866669 	-0.0071371124 	-2.1605687e-20
2.672338 	1.0862028 	-0.0067271221 	-4.7711462e-21
2.698475 	1.0853017 	-0.0063576744 	2.8022845e-20
2.7227854 	1.0839846 	-0.0060237003 	4.4350709e-21
2.7453976 	1.0822646 	-0.0057209237 	-1.8046426e-20
2.766431 	1.0801483 	-0.0054457051 	1.2692009e-20
2.7859964 	1.0776362 	-0.005194913 	-2.6025211e-21
2.8041967 	1.074724 	-0.0049658179 	-3.4825508e-20
2.8211278 	1.071403 	-0.0047560034 	1.8455341e-20
2.8368784 	1.0676604 	-0.0045632949 	-4.5180035e-21
2.8515312 	1.06348 	-0.0043856911 	-1.4730378e-20
2.8651631 	1.0588414 	-0.0042213315 	2.3295427e-20
2.8778453 	1.0537209 	-0.0040684458 	3.9968796e-21
2.8896443 	1.0480908 	-0.0039253238 	3.5242223e-21
2.9006217 	1.0419198 	-0.0037903 	-4.337889e-21
2.910835 	1.0351724 	-0.0036617295 	-4.683383e-21
2.9203374 	1.0278074 	-0.0035380018 	4.9989789e-21
2.9291785 	1.0197776 	-0.0034175415 	4.4205551e-21
2.9374045 	1.0110293 	-0.0032988231 	3.8955903e-21
2.9450582 	1.0015014 	-0.0031803944 	-1.5539374e-20
2.9521795 	0.99112456 	-0.0030609059 	-8.4092945e-21
2.9588056 	0.97982107 	-0.0029391455 	2.1323244e-20
2.9649709 	0.96750415 	-0.0028140766 	5.2817721e-21
2.9707075 	0.95407816 	-0.0026848781 	-8.9069508e-21
2.9760453 	0.93943881 	-0.0025509831 	5.6287642e-22
2.981012 	0.92347371 	-0.0024121122 	1.3418771e-20
2.9856335 	0.90606319 	-0.0022682986 	-3.7978049e-21
2.9899337 	0.88708119 	-0.0021199006 	-4.0706586e-21
2.9939351 	0.86639607 	-0.0019675986 	4.0489963e-21
2.9976584 	0.84387118 	-0.0018123722 	-9.3707392e-21
3.001123 	0.81936491 	-0.0016554642 	-1.7379857e-20
3.0043468 	0.79273041 	-0.0014983256 	-2.3105526e-21
3.0073466 	0.76381547 	-0.0013425501 	2.627404e-21
3.0101381 	0.73246209 	-0.0011898041 	2.2627501e-22
3.0127355 	0.6985076 	-0.0010417549 	4.7047711e-21
3.0151526 	0.66179112 	-0.00090001901 	-3.6350548e-21
3.0174017 	0.62216307 	-0.00076610568 	-5.3349413e-21
3.0194946 	0.57950169 	-0.00064135174 	1.037564e-20
3.0214421 	0.53375241 	-0.00052683701 	1.4713233e-20
3.0232543 	0.48499075 	-0.00042374909 	-9.4854492e-21
3.0249407 	0.43385983 	-0.0003328242 	-1.146513e-20
3.0265099 	0.38162994 	-0.00025442769 	4.8424256e-21
3.0279701 	0.32929686 	-0.00018801928 	4.8420312e-21
3.029329 	0.27737791 	-0.00013276619 	4.0818328e-21
3.0305934 	0.22635911 	-8.838419e-05 	2.9005126e-21
3.0317701 	0.17676505 	-5.4111835e-05 	-1.0260841e-21
3.032865 	0.129092 	-2.9075568e-05 	-3.2716623e-21
3.0338839 	0.083725664 	-1.237963e-05 	-9.4564676e-22
3.034832 	0.040894643 	-3.1441758e-06 	3.645119e-22
3.0357143 	0 	0 	0
