0 	0 	0 	0 	0 	0 	0
0.0010637159 	0.0017704114 	-0.00019187586 	-8.4057203e-28 	0.0017710011 	-3.3476889e-26 	0.0017707072
0.0022067933 	0.0028085113 	-0.00048112424 	1.6172232e-26 	0.002811353 	-9.7301925e-26 	0.002809933
0.0034351532 	0.0037223762 	-0.00074092348 	2.7699634e-26 	0.0037299455 	3.3624943e-25 	0.0037261725
0.0047551584 	0.0045331987 	-0.00092604962 	-1.3857847e-25 	0.0045481706 	4.039056e-25 	0.0045406861
0.0061736463 	0.0052669575 	-0.0010682447 	-7.1112358e-26 	0.0052932027 	-6.4372539e-25 	0.0052800428
0.0076979646 	0.0059185214 	-0.0012209528 	1.8747308e-25 	0.0059631078 	-4.6140438e-25 	0.0059408027
0.0093360089 	0.0064792988 	-0.0013543743 	1.1305743e-25 	0.0065495358 	3.9505708e-25 	0.0065144512
0.011096264 	0.0069658933 	-0.001441298 	-4.2795664e-28 	0.0070670932 	6.8083787e-26 	0.0070165125
0.012987848 	0.0074004813 	-0.0015125768 	1.3299796e-25 	0.0075376501 	-1.5382542e-25 	0.0074690675
0.015020559 	0.0077974343 	-0.0015757718 	1.3738311e-25 	0.0079754956 	-1.2287511e-25 	0.0078864679
0.017204926 	0.0081663724 	-0.0016350903 	7.0242356e-25 	0.0083903469 	8.448773e-25 	0.008278362
0.019552264 	0.0085140225 	-0.0016930933 	-1.9625086e-24 	0.0087890455 	1.1417994e-24 	0.0086515356
0.022074732 	0.0088452624 	-0.0017514783 	-1.9136737e-24 	0.0091766244 	-7.7389403e-25 	0.0090109446
0.024785396 	0.0091637542 	-0.0018114657 	-2.7396179e-25 	0.009556927 	-4.9771421e-25 	0.0093603415
0.027698296 	0.0094723388 	-0.0018740015 	-1.3248589e-24 	0.0099329883 	-2.9110105e-25 	0.0097026643
0.030828522 	0.0097732886 	-0.0019398724 	7.2601248e-25 	0.01030728 	-2.549544e-24 	0.010040285
0.034192287 	0.010068477 	-0.0020097757 	6.8719132e-24 	0.010681872 	-3.7304199e-24 	0.010375175
0.037807015 	0.010359496 	-0.0020843574 	1.3659345e-23 	0.011058541 	-2.3330389e-24 	0.010709019
0.04169143 	0.010647737 	-0.0021642415 	1.6703253e-23 	0.011438846 	4.5975677e-24 	0.011043292
0.045865653 	0.010934458 	-0.0022500493 	-2.3441076e-24 	0.011824183 	5.0368659e-24 	0.011379321
0.050351306 	0.011220825 	-0.0023424118 	2.1396107e-24 	0.012215825 	-1.4998792e-24 	0.011718325
0.055171623 	0.011507953 	-0.0024419854 	2.2077411e-24 	0.012614944 	2.0543494e-24 	0.012061449
0.060351574 	0.011796938 	-0.0025494518 	-1.1128207e-23 	0.013022639 	-7.5709241e-24 	0.012409788
0.06591799 	0.012088879 	-0.0026655253 	4.3391273e-23 	0.013439943 	-1.3018245e-23 	0.012764411
0.071899704 	0.012384903 	-0.0027909608 	4.3462453e-23 	0.013867838 	-4.0079805e-24 	0.01312637
0.078327701 	0.012686184 	-0.0029265564 	6.4133e-23 	0.014307262 	-4.9372713e-24 	0.013496722
0.085235276 	0.012993963 	-0.0030731615 	6.4025698e-23 	0.014759107 	4.3298053e-24 	0.013876535
0.092658211 	0.013309563 	-0.0032316644 	3.2277152e-23 	0.015224228 	-3.3192892e-24 	0.014266895
0.10063495 	0.0136344 	-0.0034030026 	7.9999969e-23 	0.015703436 	2.0585721e-24 	0.014668918
0.10920683 	0.013970003 	-0.0035881651 	-1.5170724e-24 	0.016197496 	4.5757842e-23 	0.015083749
0.11841823 	0.014318016 	-0.0037881796 	-1.7447588e-22 	0.016707122 	4.5259645e-23 	0.015512569
0.12831687 	0.014680211 	-0.004004117 	-2.2015225e-22 	0.017232968 	-2.2810924e-23 	0.015956589
0.13895403 	0.015058484 	-0.0042370723 	8.1924139e-24 	0.017775612 	-5.7738478e-23 	0.016417049
0.1503848 	0.015454859 	-0.0044881598 	1.011341e-22 	0.018335543 	-5.0443128e-23 	0.016895202
0.1626684 	0.01587147 	-0.0047584972 	2.8513009e-22 	0.018913136 	-4.7738496e-23 	0.017392304
0.17586845 	0.016310546 	-0.0050491759 	2.8309732e-22 	0.019508621 	6.0772688e-23 	0.017909585
0.19005333 	0.016774376 	-0.0053612436 	-2.3487542e-22 	0.020122042 	1.6565138e-22 	0.018448211
0.20529651 	0.017265261 	-0.0056956579 	-6.8543265e-22 	0.020753206 	8.5270189e-23 	0.019009236
0.22167696 	0.017785442 	-0.0060532344 	-4.5287228e-22 	0.021401609 	2.3416231e-23 	0.019593529
0.23927951 	0.018337009 	-0.0064345924 	-6.3883628e-22 	0.022066349 	7.9137774e-24 	0.020201684
0.25819535 	0.018921769 	-0.006840079 	-1.6126281e-22 	0.022746008 	-2.1015828e-22 	0.020833894
0.27852246 	0.019541082 	-0.0072696696 	9.3921873e-22 	0.023438502 	-3.2341004e-22 	0.021489798
0.30036613 	0.020195641 	-0.0077228534 	1.5223959e-21 	0.024140891 	-1.6604127e-22 	0.022168274
0.32383951 	0.020885209 	-0.0081985017 	1.0597134e-21 	0.024849154 	2.1024134e-22 	0.022867191
0.34906419 	0.021608273 	-0.0086946977 	-8.0856584e-22 	0.025557897 	3.1307889e-22 	0.023583095
0.37617083 	0.022361641 	-0.0092085405 	-8.0317292e-22 	0.026260031 	2.4789822e-22 	0.024310848
0.40529983 	0.023139961 	-0.0097359308 	-2.257773e-21 	0.026946388 	2.3979343e-22 	0.025043187
0.43660209 	0.023935161 	-0.010271328 	-9.036667e-22 	0.027605312 	-2.7625031e-22 	0.025770251
0.47023974 	0.024735855 	-0.01080748 	7.3268271e-22 	0.028222247 	-8.1853234e-23 	0.026479067
0.50638702 	0.025526714 	-0.011335157 	-1.0533968e-21 	0.028779373 	3.1747734e-22 	0.027153061
0.54523117 	0.026287893 	-0.011842911 	-1.1285373e-21 	0.029255382 	2.8762369e-22 	0.027771652
0.5869734 	0.026994628 	-0.012316909 	-2.6139305e-21 	0.029625469 	3.0913788e-22 	0.028310058
0.63182993 	0.027617156 	-0.012741298 	-2.011946e-21 	0.029861656 	-3.9957087e-22 	0.028739437
0.6800331 	0.028118667 	-0.013095509 	3.9841177e-21 	0.029931206 	-2.0436263e-22 	0.029024961
0.73183261 	0.028463844 	-0.013360488 	-3.4036733e-21 	0.029807285 	1.3132732e-21 	0.02913555
0.78749677 	0.028616362 	-0.013516786 	-9.911531e-21 	0.029466168 	8.2545507e-22 	0.029041261
0.84731391 	0.028537405 	-0.01354263 	-6.2845611e-21 	0.028884622 	-3.0353927e-22 	0.028711011
0.91159388 	0.028198263 	-0.013421992 	-3.3396763e-22 	0.028053497 	-3.3796074e-22 	0.028125852
0.98066963 	0.027583866 	-0.013145023 	-2.323842e-21 	0.026980436 	4.6957981e-22 	0.027282109
1.054899 	0.02669795 	-0.012711443 	-9.9334513e-21 	0.025692526 	7.2117582e-22 	0.026195182
1.1346664 	0.025566032 	-0.012132862 	-4.1596692e-21 	0.02423563 	-4.4776846e-22 	0.024900759
1.2203851 	0.024233568 	-0.011432706 	6.9035594e-21 	0.022668394 	-4.2082421e-22 	0.023450922
1.3124991 	0.022757953 	-0.010642892 	-4.6369769e-21 	0.021051162 	5.8784871e-22 	0.021904497
1.4114856 	0.021195891 	-0.0098037246 	-6.7883244e-21 	0.019432126 	5.2933173e-22 	0.020313947
1.5178571 	0.019613676 	-0.0089631963 	-1.3850066e-20 	0.017854604 	9.9132201e-22 	0.018734185
1.6242287 	0.018118053 	-0.0081719475 	-3.2125424e-20 	0.01639295 	8.4107612e-22 	0.017255586
1.7232152 	0.016776323 	-0.007449994 	-1.2983939e-20 	0.015090133 	-7.1315885e-22 	0.015933279
1.8153292 	0.015576408 	-0.0067851127 	8.9399387e-21 	0.013924634 	-2.9497432e-22 	0.014750566
1.9010479 	0.01449476 	-0.0061635202 	-9.8564445e-21 	0.012870573 	8.8768299e-22 	0.013682701
1.9808153 	0.013516008 	-0.0055750744 	-2.273301e-20 	0.011913341 	2.4271734e-22 	0.012714703
2.0550447 	0.012629787 	-0.0050131445 	-4.3285813e-21 	0.011044744 	-2.0634023e-22 	0.011837288
2.1241204 	0.011828321 	-0.0044739249 	-1.0496386e-20 	0.010259588 	6.4994667e-22 	0.011043972
2.1884004 	0.011104904 	-0.003955607 	-2.2657903e-20 	0.0095536841 	4.8488036e-22 	0.010329308
2.2482175 	0.010453136 	-0.0034576523 	-1.7779429e-20 	0.0089228199 	-2.5103357e-22 	0.0096879878
2.3038817 	0.009866665 	-0.0029802227 	-5.7494779e-21 	0.0083623846 	-5.1246452e-22 	0.0091145306
2.3556812 	0.0093392237 	-0.002523774 	3.7948746e-21 	0.0078673509 	-1.8863781e-22 	0.0086032902
2.4038844 	0.0088647948 	-0.0020887903 	7.1425368e-22 	0.0074324285 	2.9549884e-22 	0.0081486123
2.4487409 	0.0084377955 	-0.0016756223 	-6.2541666e-21 	0.0070522717 	4.1418742e-22 	0.0077450323
2.4904831 	0.0080532294 	-0.0012844093 	-1.1262703e-20 	0.0067216736 	2.2588273e-22 	0.0073874491
2.5293273 	0.0077067873 	-0.00091505109 	-1.0344525e-20 	0.0064357221 	-1.0637736e-22 	0.0070712514
2.5654745 	0.0073948872 	-0.00056721082 	-4.5056665e-21 	0.0061899156 	-2.047004e-22 	0.0067923975
2.5991122 	0.0071146712 	-0.000240341 	-2.240738e-21 	0.0059802407 	6.2953067e-23 	0.0065474522
2.6304145 	0.0068639734 	6.6282024e-05 	-5.2710475e-21 	0.0058032231 	2.2561977e-22 	0.0063335951
2.6595435 	0.0066412671 	0.00035352095 	-7.5657417e-21 	0.005655959 	5.553472e-23 	0.0061486102
2.6866501 	0.0064456041 	0.00062233883 	-5.1749079e-21 	0.0055361348 	-2.334813e-22 	0.0059908671
2.7118748 	0.0062765557 	0.00087376051 	-7.3371506e-23 	0.0054420345 	-3.2189866e-22 	0.0058592934
2.7353482 	0.0061341562 	0.0011088379 	3.5288417e-21 	0.0053725377 	-2.1752068e-23 	0.0057533457
2.7571918 	0.0060188441 	0.0013286142 	3.2190687e-22 	0.0053271062 	1.5586561e-22 	0.0056729745
2.7775189 	0.0059314353 	0.0015341043 	-6.0161451e-22 	0.0053057787 	7.6981588e-23 	0.0056186071
2.7964348 	0.0058730027 	0.0017262587 	-1.1821686e-21 	0.0053090714 	1.1342277e-24 	0.0055910377
2.8140373 	0.0058447342 	0.0019059106 	-4.9092162e-22 	0.0053378479 	-9.486508e-23 	0.0055912919
2.8304178 	0.0058479481 	0.0020737877 	6.6203256e-22 	0.0053933036 	-6.9303479e-23 	0.0056206269
2.845661 	0.0058839313 	0.0022304816 	7.358672e-22 	0.0054767802 	2.7407048e-23 	0.005680357
2.8598458 	0.0059536705 	0.0023764077 	1.3992803e-22 	0.005589475 	6.6178737e-23 	0.0057715741
2.8730459 	0.0060576647 	0.0025118163 	-3.5895999e-22 	0.0057322106 	4.921901e-24 	0.0058949389
2.8853295 	0.0061956908 	0.0026367851 	-4.4714017e-24 	0.0059051624 	-1.4508715e-23 	0.0060504277
2.8967603 	0.0063665916 	0.0027512291 	-8.2682688e-23 	0.006107607 	2.0382796e-23 	0.0062371001
2.9073974 	0.0065681282 	0.0028549236 	-2.1941455e-22 	0.0063377379 	2.3984481e-23 	0.0064529336
2.9172961 	0.0067969324 	0.0029475425 	-3.0903391e-22 	0.0065925884 	-1.2640077e-24 	0.0066947607
2.9265075 	0.0070485842 	0.0030287063 	-1.7097317e-22 	0.0068680875 	-2.3489867e-23 	0.006958336
2.9350793 	0.0073178099 	0.0030980347 	-3.1815023e-23 	0.0071592449 	-1.6876869e-23 	0.0072385275
2.9430561 	0.0075987706 	0.0031552005 	1.2815838e-23 	0.0074604354 	-1.3446921e-23 	0.0075296031
2.950479 	0.0078853896 	0.003199956 	8.1419482e-23 	0.0077657327 	3.996131e-24 	0.007825561
2.9573866 	0.0081717551 	0.0032322403 	-1.0373383e-23 	0.0080693206 	2.4482395e-23 	0.0081205375
2.9638146 	0.0084521252 	0.0032520444 	-1.045967e-22 	0.0083655082 	1.3194318e-23 	0.0084088165
2.9697963 	0.0087211696 	0.0032594397 	-1.0144559e-22 	0.0086489804 	-7.4998718e-24 	0.0086850751
2.9753627 	0.0089742142 	0.003254662 	-4.4273681e-23 	0.0089150611 	-1.0616606e-23 	0.0089446376
2.9805427 	0.0092069775 	0.0032379327 	-1.8827047e-23 	0.0091594769 	-7.2031409e-24 	0.0091832273
2.985363 	0.0094154505 	0.0032093647 	3.3714113e-24 	0.0093782386 	-6.4420137e-24 	0.0093968444
2.9898486 	0.0095956826 	0.003168942 	1.8358231e-23 	0.0095674317 	8.5540987e-26 	0.0095815569
2.9940229 	0.0097435192 	0.003116507 	3.5672299e-24 	0.0097229435 	2.5968317e-24 	0.0097332313
2.9979073 	0.0098542877 	0.0030516447 	2.4433286e-24 	0.0098401377 	2.8672059e-24 	0.0098472128
3.001522 	0.0099224185 	0.0029735987 	-8.0007202e-24 	0.009913492 	2.6152643e-25 	0.0099179554
3.0048858 	0.0099410094 	0.0028810862 	-3.5792193e-25 	0.0099361719 	-2.5558513e-24 	0.0099385908
3.008016 	0.0099013531 	0.0027721295 	2.677062e-24 	0.0098995608 	-7.6364294e-25 	0.0099004571
3.0109289 	0.0097924289 	0.0026439021 	2.0560087e-24 	0.0097927492 	-1.0637466e-24 	0.0097925893
3.0136396 	0.009600532 	0.0024925642 	4.0904571e-24 	0.0096021591 	-1.3769945e-24 	0.0096013458
3.016162 	0.0093092663 	0.0023131676 	4.0520647e-24 	0.0093115323 	4.5609188e-25 	0.0093103995
3.0185094 	0.0089004276 	0.0020997997 	1.7088343e-24 	0.0089028115 	1.6293667e-24 	0.0089016197
3.0206937 	0.0083570506 	0.00184651 	-2.6769635e-25 	0.008359183 	7.4340537e-25 	0.0083581181
3.0227264 	0.0076707271 	0.0015485329 	-1.069341e-25 	0.0076724014 	2.0045308e-26 	0.0076715647
3.024618 	0.0068587697 	0.0012206871 	-1.0406702e-25 	0.0068599531 	1.6884672e-25 	0.0068593599
3.0263783 	0.0059858612 	0.00094277286 	-1.5415876e-25 	0.0059866704 	2.2757432e-25 	0.0059862655
3.0280163 	0.0051145102 	0.0007194374 	-1.8636131e-25 	0.0051150537 	-5.5165302e-26 	0.0051147824
3.0295406 	0.0042787272 	0.00050569358 	-3.9879754e-26 	0.0042790535 	-1.3617225e-25 	0.0042788904
3.0309591 	0.003517734 	0.00032300184 	-9.1252756e-27 	0.0035179048 	-2.05554e-26 	0.0035178193
3.0322791 	0.002869778 	0.00018330022 	-2.9507572e-27 	0.0028698533 	2.0452483e-26 	0.0028698157
3.0335075 	0.0023601819 	8.8205552e-05 	-3.9811038e-27 	0.0023602078 	6.7959416e-27 	0.0023601949
3.0346506 	0.0019970687 	2.9559838e-05 	-1.0298116e-27 	0.0019970743 	-5.0657253e-27 	0.0019970715
3.0357143 	0 	0 	0 	0 	0 	0
