0 	0 	0 	0
0.0010637159 	0.019808572 	-6.0157233e-07 	-2.0630104e-23
0.0022067933 	0.037994297 	-2.4287423e-06 	2.1079674e-24
0.0034351532 	0.053943742 	-6.8843328e-06 	1.0887082e-23
0.0047551584 	0.067655891 	-1.4185662e-05 	-3.0942455e-24
0.0061736463 	0.079532633 	-2.4731751e-05 	1.71924e-23
0.0076979646 	0.089731937 	-3.9059416e-05 	1.7197246e-23
0.0093360089 	0.09819611 	-5.7457762e-05 	8.5264984e-24
0.011096264 	0.10516225 	-8.0109973e-05 	-1.0612699e-24
0.012987848 	0.11105128 	-0.00010717321 	5.6915398e-25
0.015020559 	0.11617874 	-0.00013859859 	1.018886e-23
0.017204926 	0.12075064 	-0.00017448297 	0
0.019552264 	0.12490679 	-0.00021500238 	-3.0034769e-24
0.022074732 	0.1287458 	-0.00026038515 	-2.9483416e-24
0.024785396 	0.13233974 	-0.00031090615 	-1.5154845e-23
0.027698296 	0.13574308 	-0.00036688252 	-2.9496658e-23
0.030828522 	0.13899819 	-0.00042867074 	-9.8061832e-24
0.034192287 	0.14213907 	-0.00049666512 	4.4774353e-24
0.037807015 	0.14519371 	-0.00057129708 	0
0.04169143 	0.1481858 	-0.00065303498 	0
0.045865653 	0.15113596 	-0.00074238415 	-7.4221873e-24
0.050351306 	0.15406256 	-0.00083988712 	-1.464529e-23
0.055171623 	0.15698243 	-0.00094612368 	-2.920502e-23
0.060351574 	0.15991137 	-0.0010617108 	-2.8835343e-23
0.06591799 	0.16286459 	-0.0011873024 	-6.7330892e-24
0.071899704 	0.16585704 	-0.001323588 	-9.56091e-23
0.078327701 	0.16890371 	-0.0014712912 	-4.2662869e-23
0.085235276 	0.17201997 	-0.0016311673 	5.3207218e-23
0.092658211 	0.17522177 	-0.001803999 	-5.6781378e-23
0.10063495 	0.17852596 	-0.0019905913 	-2.4199738e-22
0.10920683 	0.18195054 	-0.0021917637 	-1.8617635e-22
0.11841823 	0.18551492 	-0.0024083405 	-8.8908717e-25
0.12831687 	0.18924026 	-0.0026411378 	0
0.13895403 	0.19314975 	-0.002890946 	0
0.1503848 	0.19726903 	-0.0031585089 	3.727571e-22
0.1626684 	0.20162651 	-0.0034444957 	2.0609641e-22
0.17586845 	0.20625383 	-0.0037494665 	-1.6854635e-22
0.19005333 	0.21118637 	-0.0040738293 	1.3094058e-22
0.20529651 	0.21646372 	-0.0044177864 	1.4770202e-23
0.22167696 	0.22213029 	-0.0047812692 	-1.1566934e-22
0.23927951 	0.22823592 	-0.0051638575 	0
0.25819535 	0.23483656 	-0.0055646833 	-1.1380806e-24
0.27852246 	0.24199492 	-0.0059823144 	-8.3951898e-22
0.30036613 	0.24978125 	-0.0064146177 	-1.4945663e-21
0.32383951 	0.25827393 	-0.0068585983 	2.7079445e-22
0.34906419 	0.26756019 	-0.0073102159 	1.765156e-21
0.37617083 	0.27773655 	-0.0077641766 	8.3756564e-22
0.40529983 	0.28890913 	-0.0082137062 	-2.5219574e-21
0.43660209 	0.30119364 	-0.0086503108 	-2.5703977e-21
0.47023974 	0.31471482 	-0.0090635376 	-1.6938088e-21
0.50638702 	0.32960535 	-0.0094407589 	9.7720832e-24
0.54523117 	0.34600376 	-0.0097670093 	-2.0663707e-22
0.5869734 	0.36405117 	-0.010024924 	-3.9911964e-21
0.63182993 	0.38388654 	-0.010194835 	-2.0072312e-21
0.67505548 	0.40339405 	-0.010249119 	3.4420105e-21
0.6800331 	0.4056397 	-0.010254917 	4.073456e-21
0.73183261 	0.42942113 	-0.010180048 	7.8076138e-21
0.78749677 	0.45531762 	-0.0099495161 	3.6580116e-21
0.84731391 	0.48336796 	-0.0095424326 	-7.1216224e-21
0.91159388 	0.51354837 	-0.0089429602 	-1.3561351e-20
0.98066963 	0.54575629 	-0.0081435838 	-6.4649975e-21
1.054899 	0.57979484 	-0.0071487059 	1.0730092e-21
1.1346664 	0.61536201 	-0.0059802802 	1.2385318e-21
1.2203851 	0.6520507 	-0.004679945 	9.4053167e-21
1.3124991 	0.6893734 	-0.0033093526 	6.8749245e-22
1.4114856 	0.72679966 	-0.001948574 	-1.5522464e-20
1.5178571 	0.76331819 	-0.00069605807 	-1.0626472e-20
1.6242287 	0.79665854 	0.00033348725 	-1.055807e-20
1.7232152 	0.82529881 	0.001100336 	-1.2918128e-21
1.8153292 	0.84955882 	0.0016472667 	4.4263941e-21
1.9010479 	0.8701088 	0.0020255942 	7.2677815e-23
1.9808153 	0.88749162 	0.0022788176 	0
2.0550447 	0.90215295 	0.0024409307 	0
2.1241204 	0.91446569 	0.0025379082 	-9.8655246e-21
2.1884004 	0.92474531 	0.0025890724 	-7.9610357e-21
2.2482175 	0.93326223 	0.0026085121 	2.0493817e-21
2.3038817 	0.94024968 	0.0026064092 	1.1763131e-21
2.3556812 	0.9459086 	0.0025900661 	-4.4325553e-21
2.4038844 	0.95041102 	0.0025646767 	-5.7677004e-21
2.4487409 	0.95390256 	0.0025339129 	0
2.4904831 	0.95650471 	0.0025003357 	-5.1182695e-22
2.5293273 	0.95831688 	0.0024656975 	-5.9146105e-22
2.5654745 	0.95941849 	0.0024311775 	0
2.5991122 	0.95987073 	0.002397553 	1.4243992e-21
2.6304145 	0.95971835 	0.0023653127 	1.2791738e-21
2.6595435 	0.95899105 	0.0023347374 	-1.4491237e-21
2.6866501 	0.95770491 	0.0023059563 	6.0721893e-23
2.7118748 	0.95586343 	0.0022789835 	1.308074e-21
2.7353482 	0.95345873 	0.0022537404 	0
2.7571918 	0.9504725 	0.002230068 	0
2.7775189 	0.94687732 	0.002207726 	0
2.7964348 	0.94263812 	0.0021863844 	-7.9663539e-23
2.8140373 	0.93771408 	0.0021656158 	-7.6765799e-23
2.8304178 	0.93206113 	0.0021448871 	-4.6728207e-22
2.845661 	0.92563506 	0.0021235522 	-4.6786471e-22
2.8598458 	0.918395 	0.0021008514 	0
2.8730459 	0.91030709 	0.0020759283 	4.4159629e-22
2.8853295 	0.90134801 	0.0020478725 	4.462312e-22
2.8967603 	0.8915077 	0.0020157711 	0
2.9073974 	0.88079084 	0.0019787658 	2.8687446e-22
2.9172961 	0.86921674 	0.001936111 	2.8707811e-22
2.9265075 	0.8568176 	0.0018872321 	3.2395117e-23
2.9350793 	0.84363521 	0.001831775 	-2.7257515e-22
2.9430561 	0.82971662 	0.0017696318 	2.2710898e-22
2.950479 	0.81510932 	0.0017009429 	5.2980175e-22
2.9573866 	0.79985655 	0.0016260807 	2.4471032e-24
2.9638146 	0.78399311 	0.001545617 	-3.9777735e-22
2.9697963 	0.7675417 	0.0014602833 	-6.0505756e-22
2.9753627 	0.75051008 	0.001370926 	1.6785238e-23
2.9805427 	0.73288884 	0.0012784646 	1.066719e-22
2.985363 	0.71464935 	0.0011838546 	-1.1327608e-22
2.9898486 	0.69574199 	0.0010880571 	-2.4881193e-24
2.9940229 	0.67609402 	0.00099201677 	-1.314653e-22
2.9979073 	0.65560712 	0.00089664683 	-1.3164076e-22
3.001522 	0.63415409 	0.00080282063 	-6.3751091e-26
3.0048858 	0.61157462 	0.00071136917 	-7.8522086e-23
3.008016 	0.58767012 	0.00062308285 	-7.8488466e-23
3.0109289 	0.56219736 	0.00053871623 	0
3.0136396 	0.5348616 	0.00045899453 	-4.588509e-25
3.016162 	0.50531189 	0.0003846197 	-3.196495e-25
3.0185094 	0.47314351 	0.00031626846 	-5.9211632e-23
3.0206937 	0.43791909 	0.00025460618 	7.0425623e-23
3.0227264 	0.39923224 	0.0002002583 	5.9159173e-23
3.024618 	0.35705955 	0.00015333491 	-3.3018596e-23
3.0263783 	0.31225224 	0.00011364604 	3.7709921e-23
3.0280163 	0.26606865 	8.0745344e-05 	9.4070506e-26
3.0295406 	0.2193618 	5.4069334e-05 	8.3101517e-26
3.0309591 	0.17277394 	3.3319695e-05 	0
3.0322791 	0.12703236 	1.8053721e-05 	0
3.0335075 	0.082810421 	7.7335663e-06 	3.6619286e-23
3.0346506 	0.040598926 	2.1655671e-06 	3.6639485e-23
3.0357143 	0 	0 	0
