0.44815628 	0 	0 	0 	0 	0 	0
0.44909187 	6.3374591e-08 	5.3993121e-12 	-4.2522517e-29 	6.3331991e-08 	-2.7263802e-29 	6.3353292e-08
0.45009717 	5.9727335e-08 	3.9785498e-11 	1.5023062e-27 	5.9410766e-08 	-6.0446643e-28 	5.9569054e-08
0.45117744 	2.2708996e-07 	3.5029887e-10 	-2.5827053e-27 	2.2428363e-07 	1.2580377e-26 	2.256868e-07
0.45233828 	6.9846573e-07 	1.9774341e-09 	-7.6566921e-26 	6.8251167e-07 	-4.8609361e-26 	6.9048873e-07
0.45358568 	1.744158e-06 	8.1245689e-09 	9.1744429e-25 	1.6781155e-06 	-4.6968531e-25 	1.7111369e-06
0.4549261 	3.7821969e-06 	2.6836817e-08 	-1.8193522e-24 	3.5623122e-06 	2.8507991e-24 	3.6722552e-06
0.45636646 	7.4360239e-06 	7.5765033e-08 	-5.4539976e-24 	6.8100401e-06 	8.4890144e-25 	7.1230343e-06
0.45791423 	1.3616766e-05 	1.899471e-07 	6.5592889e-24 	1.2033499e-05 	-5.9748936e-24 	1.2825138e-05
0.4595774 	2.362859e-05 	4.3332013e-07 	-2.5010419e-23 	1.998296e-05 	2.0763731e-23 	2.180579e-05
0.46136458 	3.9285776e-05 	9.1338906e-07 	2.9709654e-23 	3.1524834e-05 	-2.8421449e-23 	3.5405341e-05
0.46328499 	6.3001661e-05 	1.7949608e-06 	-7.2429889e-23 	4.7587217e-05 	2.9105074e-23 	5.5294517e-05
0.46534857 	9.7765197e-05 	3.302408e-06 	3.4973028e-22 	6.9074163e-05 	-2.5148647e-22 	8.3419838e-05
0.46756597 	0.00014687097 	5.6921012e-06 	-3.2017601e-22 	9.6772218e-05 	4.1683509e-22 	0.0001218219
0.46994866 	0.00021327928 	9.1759939e-06 	-3.076301e-22 	0.00013130244 	-1.08003e-22 	0.00017229141
0.47250895 	0.00029863816 	1.3797815e-05 	1.7581532e-21 	0.00017316862 	-1.4302107e-21 	0.00023590436
0.47526006 	0.00040232286 	1.9307697e-05 	-9.6777084e-23 	0.00022289924 	9.0300462e-22 	0.00031261271
0.47821618 	0.00052108224 	2.511385e-05 	-2.572156e-21 	0.0002812035 	1.3665144e-21 	0.00040114562
0.4813926 	0.00064968093 	3.0367331e-05 	5.6789823e-21 	0.00034900246 	-5.1126593e-21 	0.00049934606
0.48480569 	0.00078228945 	3.4150353e-05 	-5.9055022e-22 	0.00042727461 	1.1248533e-21 	0.00060478854
0.48847307 	0.0009138826 	3.5670325e-05 	8.8172208e-21 	0.00051678482 	-6.9364098e-21 	0.00071534271
0.49241365 	0.0010410148 	3.4371827e-05 	-3.6007631e-21 	0.00061786014 	4.191426e-21 	0.00082944899
0.49664777 	0.0011618805 	2.9948209e-05 	-5.8532073e-21 	0.00073033122 	5.5969388e-21 	0.00094611951
0.50119723 	0.0012759482 	2.2287844e-05 	-2.1455383e-20 	0.00085363976 	1.8401221e-20 	0.0010648094
0.5060855 	0.0013834758 	1.1397288e-05 	-3.6118766e-20 	0.00098704615 	2.571536e-20 	0.0011852778
0.51133774 	0.0014850985 	-2.6668162e-06 	4.445345e-20 	0.0011298379 	-3.8063296e-20 	0.0013074862
0.51698101 	0.001581556 	-1.9842789e-05 	-2.7354958e-20 	0.0012814764 	2.5897071e-20 	0.0014315352
0.52304435 	0.0016735483 	-4.0084959e-05 	-1.8031549e-20 	0.001441666 	9.6795667e-21 	0.0015576272
0.52955895 	0.0017616765 	-6.3368499e-05 	1.0009493e-19 	0.0016103633 	-8.2913361e-20 	0.0016860407
0.5365583 	0.0018464289 	-8.9684673e-05 	1.2832288e-21 	0.0017877579 	5.7864533e-21 	0.0018171146
0.54407839 	0.0019281872 	-0.00011903224 	-5.0441303e-20 	0.0019742433 	4.1297581e-20 	0.001951236
0.55215783 	0.0020072389 	-0.00015140813 	-3.0941744e-21 	0.0021703877 	-8.1207535e-22 	0.0020888326
0.56083809 	0.0020837894 	-0.0001867978 	3.4240107e-20 	0.002376913 	-2.8638948e-20 	0.0022303684
0.57016371 	0.0021579745 	-0.00022516767 	-1.6080241e-21 	0.0025946814 	3.4271483e-21 	0.0023763414
0.58018248 	0.0022298677 	-0.00026646546 	-3.4769084e-20 	0.0028246874 	2.8604184e-20 	0.0025272843
0.59094573 	0.0022994899 	-0.00031063367 	1.9059825e-20 	0.0030680562 	-1.7994799e-20 	0.0026837693
0.60250854 	0.0023668347 	-0.00035764697 	-3.2743355e-21 	0.0033260515 	3.64982e-21 	0.0028464213
0.61493003 	0.0024319345 	-0.00040760032 	-1.5949568e-20 	0.0036001085 	1.384922e-20 	0.0030159527
0.62827366 	0.0024950868 	-0.00046087092 	1.6779429e-20 	0.0038919145 	-1.8363471e-20 	0.0031932503
0.64260754 	0.0025573325 	-0.00051866736 	8.2960242e-20 	0.0042032646 	-7.2735918e-20 	0.003379589
0.65800475 	0.0026221971 	-0.00058432115 	-1.2066082e-20 	0.004535207 	1.7233996e-20 	0.0035771686
0.6745437 	0.0026972574 	-0.00066878378 	-9.8444375e-20 	0.0048850762 	8.8135112e-20 	0.0037903299
0.69230851 	0.0027997115 	-0.0008024944 	-5.9763099e-20 	0.0052513422 	5.156294e-20 	0.0040284314
0.71138943 	0.00296644 	-0.0010420067 	3.9980313e-20 	0.0056448254 	-3.8724851e-20 	0.0043114653
0.73188325 	0.0032615113 	-0.0014251188 	5.1819669e-20 	0.0061002858 	-4.5035219e-20 	0.0046855675
0.7538938 	0.0038236118 	-0.0019123601 	-2.8513341e-20 	0.0067015083 	2.5422702e-20 	0.0052605944
0.77753238 	0.0047455559 	-0.0024969531 	-2.4214189e-21 	0.0076280077 	-8.7896601e-21 	0.0061827861
0.80291836 	0.0059574429 	-0.003243253 	1.9382507e-21 	0.0089322671 	-6.5702576e-21 	0.0074454711
0.8301797 	0.0072138094 	-0.0040941545 	-1.5809518e-20 	0.010244982 	5.6829144e-21 	0.0087302522
0.85945355 	0.0082372792 	-0.0048443876 	-3.2914609e-21 	0.011118932 	5.5737196e-21 	0.0096761065
0.8908869 	0.0090430633 	-0.0051908373 	2.0538625e-20 	0.011487159 	2.8445688e-22 	0.010262898
0.92463724 	0.0098829242 	-0.0051811161 	5.3169826e-21 	0.011723418 	-1.2502854e-22 	0.010802335
0.96087331 	0.011126822 	-0.0052891648 	7.6470224e-20 	0.012429476 	-1.2327889e-21 	0.011777516
0.99977583 	0.013123121 	-0.0057979446 	-1.2259517e-19 	0.01399141 	2.6783224e-21 	0.013556842
1.0415383 	0.01574019 	-0.0066445817 	-6.6413729e-20 	0.016199776 	8.851522e-22 	0.015969777
1.0863681 	0.018384691 	-0.0075895917 	8.1475623e-20 	0.018416931 	-1.7230606e-21 	0.018399661
1.1344869 	0.020525291 	-0.0084679349 	2.4638166e-20 	0.020147886 	-1.9570187e-22 	0.020334897
1.1861322 	0.021911527 	-0.009148375 	-5.1645095e-19 	0.021205441 	6.6039896e-21 	0.021558399
1.241558 	0.022555405 	-0.0094910756 	-2.7440218e-19 	0.02162667 	1.9462843e-21 	0.022092541
1.3010361 	0.022665939 	-0.0094821484 	1.7503524e-19 	0.021591003 	-4.6799621e-21 	0.022129808
1.3648571 	0.022406091 	-0.0092124317 	4.3070331e-19 	0.021218948 	-4.0626973e-21 	0.021813022
1.4333318 	0.021790547 	-0.008760949 	-1.7100834e-19 	0.02050959 	4.8783336e-22 	0.021149748
1.5067924 	0.020868278 	-0.0081925926 	6.1649958e-19 	0.019515795 	-3.4500125e-21 	0.020191436
1.585594 	0.019712177 	-0.0075413221 	6.0583564e-19 	0.018313903 	-3.1582074e-21 	0.019013284
1.670116 	0.018377576 	-0.0068051748 	-2.9723977e-19 	0.016951203 	2.3114172e-21 	0.017665042
1.7201551 	0.01758289 	-0.0063704814 	-4.5047541e-20 	0.016160249 	1.3448723e-21 	0.016871111
1.7607692 	0.016936345 	-0.0060167919 	1.5412203e-19 	0.015518857 	6.0645776e-22 	0.016226223
1.851244 	0.015490219 	-0.005284608 	-4.9515541e-19 	0.014184416 	7.5103027e-22 	0.014835796
1.9352734 	0.01413928 	-0.0046603328 	-3.312863e-19 	0.013051416 	-2.6625887e-21 	0.013596005
2.0133292 	0.012934143 	-0.004101053 	3.4887665e-19 	0.012092903 	-1.4530942e-21 	0.012513952
2.0858467 	0.011876137 	-0.0035818522 	2.6279107e-19 	0.011259098 	2.9046055e-21 	0.01156729
2.153228 	0.010944809 	-0.0031019443 	-7.3664977e-19 	0.010523738 	-1.7557555e-21 	0.010734114
2.2158443 	0.01012207 	-0.0026587347 	2.6373682e-19 	0.0098690912 	-3.0042227e-21 	0.0099954844
2.2740391 	0.009392484 	-0.0022499481 	7.7014359e-19 	0.00927961 	3.2206903e-21 	0.0093359884
2.3281301 	0.0087433893 	-0.0018726932 	-8.248096e-20 	0.0087435761 	1.8816642e-21 	0.0087434411
2.3784113 	0.0081644945 	-0.0015242555 	-1.8717117e-21 	0.0082527563 	-1.130754e-21 	0.008208577
2.4251549 	0.0076477324 	-0.0012028683 	1.6110386e-19 	0.0078018316 	2.1459087e-22 	0.0077247713
2.4686132 	0.0071867643 	-0.0009046765 	1.418188e-20 	0.0073871016 	3.0596883e-21 	0.0072869454
2.5090199 	0.0067757985 	-0.00062579602 	-4.4213481e-19 	0.0070055445 	-1.9573898e-21 	0.0068906664
2.5465917 	0.006409679 	-0.0003649267 	1.2951601e-19 	0.0066553092 	-3.9728516e-21 	0.0065324888
2.5815297 	0.0060845905 	-0.00012071931 	3.4731626e-19 	0.0063356767 	2.2583238e-21 	0.0062101341
2.6140201 	0.0057977034 	0.00010824326 	-1.1481738e-19 	0.0060464173 	3.1189042e-21 	0.0059220629
2.6442361 	0.0055467859 	0.00032292045 	-2.1079237e-19 	0.0057875758 	-6.1526545e-22 	0.0056671833
2.672338 	0.0053300899 	0.00052396214 	-4.7958536e-20 	0.0055593627 	-3.3646446e-21 	0.0054447261
2.698475 	0.0051462276 	0.00071179441 	2.2964414e-19 	0.0053620091 	-3.3504114e-22 	0.0052541182
2.7227854 	0.0049940564 	0.00088674197 	4.6989286e-20 	0.0051956201 	3.0364353e-21 	0.005094837
2.7453976 	0.0048724734 	0.0010490843 	-1.3339365e-19 	0.0050600137 	-7.9121424e-22 	0.0049662407
2.766431 	0.0047802341 	0.0011990852 	7.7248219e-20 	0.0049545552 	-7.8882599e-22 	0.0048673908
2.7859964 	0.0047157687 	0.001337085 	-6.5987247e-21 	0.0048780092 	2.9955284e-21 	0.004796885
2.8041967 	0.0046770318 	0.0014635136 	-1.8377249e-19 	0.0048284321 	-1.5768023e-21 	0.004752729
2.8211278 	0.0046615414 	0.0015789334 	7.5188717e-20 	0.0048032886 	-1.5917918e-21 	0.0047324102
2.8368784 	0.0046656353 	0.0016837387 	-2.2142106e-21 	0.0047987425 	1.9654843e-21 	0.0047321835
2.8515312 	0.0046861248 	0.0017785016 	-7.1046289e-20 	0.0048113587 	-1.7088579e-21 	0.00474874
2.8651631 	0.0047207783 	0.0018641797 	8.9517284e-20 	0.004838631 	-8.8916197e-22 	0.0047797038
2.8778453 	0.0047660663 	0.0019414753 	1.1676252e-20 	0.0048767385 	1.0460208e-21 	0.0048214011
2.8896443 	0.0048184387 	0.0020111125 	1.2264856e-20 	0.0049218858 	4.0744775e-22 	0.004870162
2.9006217 	0.0048753273 	0.0020740197 	-1.2543286e-20 	0.0049713108 	3.7370836e-22 	0.0049233197
2.910835 	0.0049347026 	0.00213114 	-1.116187e-20 	0.0050228469 	-4.1151577e-22 	0.0049787756
2.9203374 	0.0049950688 	0.002183425 	9.8767231e-21 	0.0050749353 	-8.0319057e-22 	0.0050350029
2.9291785 	0.0050554097 	0.0022318025 	1.0297877e-20 	0.0051265666 	-3.544304e-22 	0.0050909893
2.9374045 	0.0051150939 	0.0022771108 	5.6076179e-21 	0.0051771798 	1.1697253e-21 	0.0051461381
2.9450582 	0.0051737547 	0.0023200543 	-2.3151482e-20 	0.0052265353 	8.6421006e-22 	0.0052001463
2.9521795 	0.0052311671 	0.0023611596 	-1.579097e-20 	0.005274578 	-1.3138764e-21 	0.0052528738
2.9588056 	0.0052871247 	0.0024007202 	2.9576916e-20 	0.0053213002 	-4.9413744e-22 	0.0053042138
2.9649709 	0.0053413265 	0.0024387636 	6.5523459e-21 	0.0053666135 	9.8534103e-22 	0.0053539706
2.9707075 	0.0053932769 	0.0024750259 	-8.928214e-21 	0.0054102414 	1.586496e-22 	0.0054017513
2.9760453 	0.0054422045 	0.0025089306 	-6.2567827e-22 	0.0054515729 	-6.5333128e-22 	0.0054468782
2.981012 	0.0054870968 	0.002542629 	1.109242e-20 	0.0054895491 	1.0868598e-22 	0.0054883352
2.9856335 	0.0055262477 	0.002568218 	-2.2966055e-21 	0.0055223173 	4.4424567e-22 	0.005524304
2.9899337 	0.0055568183 	0.0025816732 	-3.2187275e-21 	0.0055471802 	-1.8179039e-22 	0.0055519982
2.9939351 	0.0055744846 	0.0025888067 	2.0542232e-21 	0.0055602354 	1.063983e-22 	0.0055673484
2.9976584 	0.0055736243 	0.0025876588 	-3.858956e-21 	0.0055561576 	4.0851181e-22 	0.0055648854
3.001123 	0.0055474366 	0.0025750656 	-6.4482214e-21 	0.0055281553 	-1.1821739e-22 	0.0055377936
3.0043468 	0.0054877751 	0.002547216 	-9.9703608e-22 	0.005467925 	-3.140865e-22 	0.0054778487
3.0073466 	0.0053860382 	0.0025000998 	9.8047434e-22 	0.0053666537 	-3.797211e-23 	0.0053763452
3.0101381 	0.0052331752 	0.0024295326 	-1.5452727e-23 	0.0052150645 	-3.0044348e-23 	0.0052241192
3.0127355 	0.0050193932 	0.0023305434 	8.0186095e-22 	0.0050031448 	4.0671712e-23 	0.0050112684
3.0151526 	0.0047349358 	0.0021985631 	-2.6886837e-22 	0.0047209263 	1.0368894e-22 	0.0047279304
3.0174017 	0.0043713552 	0.00202999 	-5.0221184e-22 	0.0043597611 	-1.1023557e-22 	0.0043655571
3.0194946 	0.0039235929 	0.0018223315 	6.4697465e-22 	0.0039144067 	-1.4488482e-22 	0.0039190018
3.0214421 	0.0033930028 	0.0015761307 	7.5665569e-22 	0.0033860673 	9.8169654e-23 	0.0033895364
3.0232543 	0.0027888403 	0.0012778912 	-1.79957e-22 	0.0027839745 	1.2458865e-22 	0.0027864048
3.0249407 	0.0021383746 	0.00093250651 	-2.8927366e-22 	0.0021353316 	-3.4405856e-23 	0.002136853
3.0265099 	0.0014984965 	0.00059252488 	6.0777035e-23 	0.001496846 	-3.6803589e-23 	0.0014976728
3.0279701 	0.00094216892 	0.00031671406 	2.6445256e-23 	0.00094141159 	5.6813257e-25 	0.00094179059
3.029329 	0.00052372434 	0.00013742718 	7.1420911e-24 	0.00052344111 	8.638352e-25 	0.00052358271
3.0305934 	0.00025342962 	4.6902022e-05 	1.2078582e-24 	0.00025334704 	5.1350487e-25 	0.00025338829
3.0317701 	0.00010370501 	1.2080914e-05 	6.3189341e-26 	0.00010368732 	2.8487486e-25 	0.00010369616
3.032865 	3.3794982e-05 	2.171058e-06 	-7.9766989e-26 	3.3792465e-05 	2.517558e-26 	3.3793723e-05
3.0338839 	8.2368388e-06 	2.3608071e-07 	-2.7468313e-27 	8.236642e-06 	-3.7491204e-27 	8.2367398e-06
3.034832 	5.1316881e-06 	2.0919886e-08 	5.6622705e-29 	5.1316796e-06 	-1.2105107e-28 	5.1316837e-06
3.0357143 	0 	0 	0 	0 	0 	0
