-1.5969174e-09 	0 	0 	0 	0 	0 	0
0.0010637143 	2.327758e-07 	2.8521517e-10 	-3.1135312e-30 	2.3276958e-07 	1.0519741e-30 	2.3277268e-07
0.0022067917 	5.7231708e-07 	4.3022446e-09 	-7.7123479e-30 	5.7214955e-07 	-7.3626007e-29 	5.7223317e-07
0.0034351516 	2.4379732e-06 	4.139266e-08 	7.3807919e-31 	2.4358388e-06 	-7.8447415e-29 	2.4369061e-06
0.0047551568 	7.5554029e-06 	2.4127409e-07 	2.3341214e-28 	7.5400377e-06 	3.8877292e-27 	7.5477217e-06
0.0061736447 	1.882619e-05 	1.013996e-06 	-9.5364688e-26 	1.8749467e-05 	-5.6153017e-27 	1.8787832e-05
0.0076979629 	4.0554597e-05 	3.3923589e-06 	1.8800562e-25 	4.0257297e-05 	-7.3121143e-26 	4.0405945e-05
0.0093360072 	7.8733937e-05 	9.5401451e-06 	2.9165178e-25 	7.7781231e-05 	6.223631e-26 	7.8257567e-05
0.011096262 	0.00014101238 	2.3198617e-05 	1.7839322e-27 	0.0001383944 	1.306314e-25 	0.00013970341
0.012987846 	0.00023578112 	4.9394908e-05 	-6.8437019e-26 	0.00022948715 	-7.4926033e-27 	0.00023263446
0.015020557 	0.00036994698 	9.2542243e-05 	2.1561955e-25 	0.00035655673 	1.1169978e-24 	0.00036325322
0.017204925 	0.00054602264 	0.00015318583 	-3.0898123e-23 	0.00052058405 	1.349933e-24 	0.00053330684
0.019552263 	0.00076064171 	0.0002258272 	1.8169237e-23 	0.00071700877 	-9.029543e-24 	0.00073883186
0.022074731 	0.0010060897 	0.00030034629 	1.38899e-22 	0.00093756391 	-7.0131498e-24 	0.0009718367
0.024785394 	0.001273395 	0.00036614566 	-3.8641471e-23 	0.0011733274 	1.702419e-23 	0.0012233739
0.027698295 	0.0015550481 	0.00041581357 	-1.2828431e-22 	0.0014171703 	1.8547049e-24 	0.0014861247
0.03082852 	0.0018461311 	0.00044623565 	2.7446231e-22 	0.0016646325 	-2.0890284e-23 	0.0017554005
0.034192285 	0.0021438323 	0.00045759278 	-4.114511e-22 	0.0019133254 	4.0644875e-23 	0.0020286013
0.037807013 	0.0024466711 	0.00045181439 	1.882761e-22 	0.002162145 	-2.6756915e-23 	0.0023044355
0.041691429 	0.0027539186 	0.00043136829 	-2.1684371e-22 	0.0024107194 	1.9006541e-23 	0.0025823529
0.045865651 	0.003065254 	0.00039858655 	2.8195791e-22 	0.0026590984 	-2.6042782e-23 	0.0028622171
0.050351304 	0.0033804211 	0.00035537223 	-2.3001354e-22 	0.0029074641 	4.8093962e-23 	0.0031439911
0.055171622 	0.003699184 	0.00030316174 	-1.7077536e-21 	0.0031561045 	1.3185274e-22 	0.0034277016
0.060351572 	0.0040214994 	0.00024299519 	2.1356843e-21 	0.0034055671 	-2.295224e-22 	0.0037136004
0.065917988 	0.0043474022 	0.00017557342 	-2.1757741e-22 	0.00365656 	7.2897824e-23 	0.0040020582
0.071899702 	0.0046768719 	0.0001013251 	-1.2813717e-21 	0.0039098402 	1.1088052e-22 	0.004293443
0.078327699 	0.0050098451 	2.0468619e-05 	1.2138981e-21 	0.0041662299 	-1.4174506e-22 	0.0045881347
0.085235274 	0.0053462522 	-6.6945638e-05 	-1.409718e-24 	0.0044266517 	1.4662246e-23 	0.0048865596
0.092658209 	0.0056859639 	-0.00016100916 	-1.7925299e-22 	0.004692088 	1.0207058e-23 	0.0051891438
0.10063495 	0.0060287392 	-0.00026193338 	-1.4294386e-22 	0.0049635484 	5.5495766e-24 	0.005496272
0.10920682 	0.0063742349 	-0.00037004016 	7.4807759e-23 	0.0052420762 	-1.0269314e-23 	0.0058082944
0.11841822 	0.0067220055 	-0.00048575408 	6.0995518e-23 	0.0055287554 	1.8016314e-24 	0.0061255299
0.12831687 	0.0070714951 	-0.00060959857 	-2.7529743e-23 	0.0058247245 	-2.9831585e-24 	0.0064482696
0.13895403 	0.0074220362 	-0.00074219133 	1.7493784e-22 	0.0061311878 	-3.2848266e-23 	0.0067767819
0.1503848 	0.0077728502 	-0.00088423605 	-2.0907282e-23 	0.006449431 	1.534383e-23 	0.0071113195
0.1626684 	0.0081230455 	-0.00103652 	-2.5745389e-21 	0.0067808362 	4.3623665e-22 	0.0074521267
0.17586845 	0.0084716107 	-0.0011998977 	-3.1693327e-21 	0.0071269017 	4.4033565e-22 	0.0077994464
0.19005333 	0.0088174204 	-0.0013753021 	4.3125955e-21 	0.0074892506 	-8.366509e-22 	0.0081535275
0.20529651 	0.0091592384 	-0.001563745 	4.43958e-22 	0.0078696414 	6.6187969e-23 	0.0085146292
0.22167695 	0.0094957104 	-0.0017662954 	-4.5079872e-21 	0.0082699942 	8.3944151e-22 	0.0088830318
0.23927951 	0.0098253712 	-0.001984078 	3.2702267e-21 	0.0086924262 	-7.33817e-22 	0.0092590586
0.25819535 	0.010146664 	-0.0022182651 	2.9314344e-21 	0.0091393065 	-5.571173e-22 	0.0096431119
0.27852246 	0.010457983 	-0.002470073 	-5.8858597e-22 	0.009613331 	1.241725e-22 	0.010035731
0.30036613 	0.010757759 	-0.0027407772 	1.488347e-21 	0.010117624 	-4.4616353e-22 	0.010437687
0.32383951 	0.011044624 	-0.0030317519 	1.9505831e-21 	0.010655861 	-4.2004392e-22 	0.010850128
0.34906419 	0.011317728 	-0.0033445102 	-4.7808781e-21 	0.011232421 	1.4047967e-21 	0.011274818
0.37617083 	0.011577237 	-0.0036813591 	-4.4948274e-21 	0.011852651 	1.0833214e-21 	0.011714477
0.40529983 	0.011825099 	-0.0040451767 	4.9528283e-21 	0.012523169 	-1.7461397e-21 	0.012173349
0.43660209 	0.012066953 	-0.0044399485 	4.1019885e-21 	0.013252198 	-1.3100794e-21 	0.012658207
0.47023974 	0.012315535 	-0.0048730058 	1.0992049e-21 	0.01405033 	-5.3951175e-22 	0.013179844
0.50638702 	0.012596124 	-0.0053560804 	9.6897568e-22 	0.014920136 	-2.6064695e-22 	0.013755289
0.54523117 	0.012955944 	-0.0059620979 	-1.1725933e-21 	0.015872869 	4.9921666e-22 	0.014411458
0.5869734 	0.01351042 	-0.0066775111 	7.9847931e-23 	0.016882272 	-2.5223854e-23 	0.015192906
0.63182992 	0.014435226 	-0.0073171006 	1.0571116e-22 	0.017892923 	-4.6210317e-23 	0.016164155
0.6800331 	0.01573828 	-0.0079490109 	1.860885e-22 	0.018931979 	-1.1005257e-22 	0.017333745
0.73183261 	0.017065799 	-0.0087374985 	-1.0729545e-21 	0.019872349 	2.6160837e-24 	0.018458701
0.78749677 	0.0178869 	-0.0095834452 	-1.3338481e-21 	0.020330003 	1.3024431e-23 	0.019096005
0.8473139 	0.017998839 	-0.010283666 	-4.515204e-21 	0.02007491 	1.5779043e-22 	0.019037134
0.91159387 	0.017721565 	-0.010150117 	2.4087421e-21 	0.019262222 	-7.2875543e-23 	0.018488165
0.98066963 	0.01760191 	-0.0093543262 	1.1509745e-20 	0.018612519 	-3.5814976e-22 	0.018084729
1.054899 	0.017993876 	-0.0087698523 	2.9581074e-21 	0.018736751 	2.0413573e-23 	0.018343597
1.1346664 	0.018732585 	-0.0083991602 	-1.8515491e-22 	0.019337404 	1.6990724e-22 	0.019018237
1.166856 	0.018974266 	-0.0082915379 	-1.1911803e-20 	0.019514016 	4.327024e-22 	0.01922704
1.2204494 	0.019379108 	-0.0081163476 	-2.9305222e-20 	0.019811368 	8.049665e-22 	0.019578963
1.3126654 	0.019666029 	-0.0078625963 	-3.5986071e-20 	0.019844436 	8.1918773e-22 	0.01974077
1.4117494 	0.019499891 	-0.0075694199 	5.5174705e-20 	0.019352512 	-1.6017891e-21 	0.019413632
1.5182117 	0.018830438 	-0.0071716335 	1.5540757e-19 	0.018345007 	-3.8532047e-21 	0.018577252
1.6246594 	0.017781186 	-0.0066950772 	1.6515772e-19 	0.017024626 	-3.6903749e-21 	0.017395402
1.7237033 	0.016610827 	-0.0062078607 	6.6581961e-20 	0.01565488 	-1.3061001e-21 	0.016126953
1.8158592 	0.015453916 	-0.0057159643 	1.7750385e-20 	0.014348129 	-5.0485526e-22 	0.014896209
1.9016069 	0.014358581 	-0.0052140054 	1.1228591e-19 	0.013151701 	-2.4059102e-21 	0.013751766
1.9813925 	0.013344384 	-0.0047112737 	1.9409979e-19 	0.01208047 	-2.9532378e-21 	0.012710029
2.0556311 	0.012415788 	-0.0042170138 	2.6422725e-20 	0.01113027 	1.3110997e-22 	0.011771368
2.1247088 	0.011569669 	-0.0037376929 	-5.7208947e-20 	0.010290512 	9.5775462e-22 	0.010928977
2.1889848 	0.010799845 	-0.0032776846 	-1.4738545e-20 	0.009548666 	-1.0637724e-22 	0.010173541
2.2487932 	0.0100993 	-0.0028396736 	1.4499839e-20 	0.0088922922 	-1.0575269e-22 	0.0094953685
2.3044449 	0.0094612745 	-0.002424981 	-3.3798085e-20 	0.00830997 	7.0284401e-22 	0.0088854025
2.356229 	0.0088797908 	-0.0020338916 	-8.7153248e-20 	0.0077918478 	4.9227932e-22 	0.0083357359
2.4044145 	0.0083498137 	-0.0016663188 	7.0565251e-20 	0.0073298597 	-1.1298051e-21 	0.0078398142
2.4492518 	0.0078668211 	-0.0013215351 	2.6588341e-20 	0.0069175621 	1.178365e-22 	0.0073922091
2.4909736 	0.0074267559 	-0.0009984041 	-2.3380361e-20 	0.0065495614 	7.4984123e-23 	0.0069882091
2.5297965 	0.0070264433 	-0.00069621085 	5.201767e-20 	0.006221098 	-7.6144917e-22 	0.006623831
2.5659222 	0.0066634873 	-0.00041414908 	3.9509564e-20 	0.0059283297 	-1.3533761e-22 	0.0062959631
2.5828761 	0.0064983358 	-0.00028158924 	2.6184393e-20 	0.0057972397 	5.610417e-23 	0.0061478347
2.5995508 	0.0063359298 	-0.00015118138 	1.2931747e-20 	0.0056682788 	2.4846131e-22 	0.0060021405
2.6308527 	0.006042415 	9.3428856e-05 	-2.0668004e-20 	0.0054388013 	1.9496502e-22 	0.0057406267
2.659977 	0.0057820257 	0.00032025191 	8.1681287e-22 	0.00523834 	-2.3436385e-22 	0.0055101883
2.6870756 	0.0055539575 	0.00052996384 	1.5971716e-20 	0.0050656385 	1.1446142e-22 	0.0053097918
2.7122895 	0.0053575198 	0.00072324397 	-2.4723018e-20 	0.0049197281 	1.6636018e-22 	0.0051386079
2.7357501 	0.0051919818 	0.00090079581 	6.5138518e-21 	0.0047997572 	-2.7548758e-22 	0.0049958439
2.7575795 	0.0050564135 	0.0010633783 	7.752731e-21 	0.0047048255 	2.2135797e-22 	0.0048805856
2.7778912 	0.0049496278 	0.0012118443 	-1.9586062e-20 	0.0046339002 	2.233705e-22 	0.0047917246
2.7967909 	0.0048701325 	0.0013471349 	-5.3844213e-21 	0.0045857342 	-1.9812785e-22 	0.0047278896
2.8143769 	0.0048160748 	0.001470309 	4.049668e-21 	0.0045587938 	-1.9585615e-22 	0.0046873878
2.8307405 	0.004785266 	0.0015825482 	1.0066472e-20 	0.0045512557 	-4.553384e-23 	0.0046682134
2.8459669 	0.0047752331 	0.0016850745 	3.4602907e-21 	0.0045610395 	2.018263e-22 	0.0046680887
2.8601351 	0.0047835213 	0.0017791597 	-7.0747569e-21 	0.0045860801 	1.7805324e-22 	0.004684754
2.8733187 	0.0048078247 	0.001866135 	-7.5229468e-21 	0.0046244402 	-6.1557079e-23 	0.0047160884
2.8855863 	0.00484587 	0.0019472846 	6.3842189e-23 	0.0046741989 	8.889855e-23 	0.0047599933
2.8970015 	0.004895577 	0.002023761 	-7.7439267e-21 	0.0047336289 	3.8530097e-23 	0.0048145639
2.9076235 	0.0049551832 	0.0020965807 	1.4395088e-21 	0.0048013192 	-3.7302332e-22 	0.0048782148
2.9175076 	0.0050231287 	0.0021665645 	1.1170143e-20 	0.004876046 	-5.2931296e-23 	0.0049495544
2.9267051 	0.0050980769 	0.0022342791 	2.6262413e-22 	0.0049567932 	3.0034279e-22 	0.0050274052
2.9352636 	0.0051789085 	0.0023000878 	-5.8890948e-21 	0.0050427471 	-6.3200615e-24 	0.0051108014
2.9432275 	0.005264518 	0.0023640211 	9.3849691e-22 	0.0051330943 	-9.9678167e-23 	0.0051987834
2.9506383 	0.0053537402 	0.0024257608 	-1.6579633e-22 	0.005226969 	7.7636418e-23 	0.0052903141
2.9575343 	0.0054453713 	0.0024872028 	-2.4714465e-21 	0.0053232158 	-1.4885449e-22 	0.0053842663
2.9639513 	0.0055380183 	0.0025438403 	5.4073489e-21 	0.0054204529 	-1.3175949e-22 	0.0054792526
2.9699226 	0.0056299522 	0.002591041 	2.7197384e-21 	0.0055169699 	1.6436948e-22 	0.0055734576
2.9754792 	0.005718275 	0.0026332519 	-1.5118106e-21 	0.005609994 	7.3395138e-23 	0.0056641059
2.9806499 	0.0057984159 	0.0026718066 	-3.3538286e-22 	0.0056953999 	-3.4739199e-23 	0.0057468898
2.9854614 	0.0058647702 	0.0027041415 	-7.2064168e-23 	0.0057678398 	9.5180147e-24 	0.0058162926
2.9899388 	0.0059111342 	0.002727372 	-4.6939124e-22 	0.0058211108 	-3.7126172e-23 	0.0058661129
2.9941053 	0.0059309582 	0.0027384286 	7.7331727e-22 	0.0058485609 	-3.4081657e-23 	0.0058897514
2.9979824 	0.0059173715 	0.0027340816 	5.0424586e-22 	0.0058431618 	5.7220869e-23 	0.0058802597
3.0015902 	0.0058630243 	0.0027108751 	-6.1864096e-22 	0.0057973736 	1.3743226e-23 	0.005830193
3.0049475 	0.0057599507 	0.002665074 	3.5507762e-23 	0.0057030191 	-9.3979036e-24 	0.0057314799
3.0080717 	0.0055993969 	0.0025926056 	-2.010449e-22 	0.0055511237 	-1.2395066e-23 	0.0055752559
3.0109789 	0.0053716814 	0.0024889016 	1.5414038e-22 	0.005331786 	-2.2769059e-23 	0.00535173
3.0136843 	0.0050663521 	0.0023486655 	1.9855577e-22 	0.0050343462 	1.0483394e-23 	0.0050503468
3.0162017 	0.0046731957 	0.0021672803 	-4.409203e-23 	0.0046483946 	1.3498689e-23 	0.0046607944
3.0185444 	0.0041844499 	0.0019414639 	-1.1209282e-23 	0.0041660118 	1.2684368e-23 	0.0041752294
3.0207244 	0.0035983261 	0.0016701823 	-1.1806559e-22 	0.0035853128 	-6.9991396e-24 	0.003591817
3.022753 	0.0029210551 	0.0013326903 	3.2232607e-23 	0.0029126015 	-1.079701e-23 	0.0029168278
3.0246408 	0.0021842745 	0.00093980706 	9.325777e-24 	0.0021794422 	5.6469926e-25 	0.0021818595
3.0263975 	0.0014631867 	0.00056167562 	4.844521e-24 	0.0014608378 	1.7868315e-24 	0.0014620131
3.0280322 	0.00085543892 	0.00026990445 	-1.7133134e-24 	0.0008545153 	1.6315608e-24 	0.00085497732
3.0295534 	0.0004271095 	9.9297451e-05 	-1.8106088e-24 	0.00042683119 	-2.9498925e-25 	0.00042697028
3.030969 	0.00017732928 	2.6674522e-05 	1.9772626e-25 	0.00017726885 	-1.3653087e-25 	0.00017729903
3.0322862 	5.7980898e-05 	4.8656058e-06 	4.1210903e-28 	5.7972311e-05 	9.9293455e-27 	5.7976598e-05
3.0335121 	1.3792683e-05 	5.2297069e-07 	2.6772635e-28 	1.3792021e-05 	3.217699e-28 	1.3792351e-05
3.0346528 	6.4433426e-06 	3.8067571e-08 	-2.4196414e-29 	6.443318e-06 	2.5997069e-30 	6.4433302e-06
3.0357143 	0 	0 	0 	0 	0 	0
