0 	0 	0 	0 	0 	0 	0
0.0010637159 	1.2006707e-06 	2.9950249e-09 	-1.6108557e-32 	1.2006686e-06 	8.3452654e-32 	1.2006696e-06
0.0022067933 	2.693785e-06 	4.0892051e-08 	0 	2.6937268e-06 	2.4009584e-30 	2.6937555e-06
0.0034351532 	1.1390259e-05 	3.7370099e-07 	4.3999402e-29 	1.1389528e-05 	4.5623752e-29 	1.1389894e-05
0.0047551584 	3.5172798e-05 	2.0611838e-06 	3.8135086e-28 	3.5167821e-05 	-4.26593e-29 	3.5170314e-05
0.0061736463 	8.7007355e-05 	8.1048033e-06 	3.4986292e-28 	8.6984659e-05 	-1.502198e-27 	8.6996024e-05
0.0076979646 	0.00018469234 	2.4904832e-05 	-3.7994576e-27 	0.00018461571 	-2.8529279e-27 	0.0001846541
0.0093360089 	0.00034890225 	6.2540213e-05 	-1.5665122e-26 	0.0003487046 	1.5125531e-26 	0.00034880364
0.011096264 	0.00059698513 	0.0001307296 	8.3783001e-26 	0.00059660918 	2.5852359e-26 	0.00059679729
0.012987848 	0.0009333674 	0.00022933825 	9.5207782e-26 	0.00093293228 	-9.0603027e-26 	0.00093314889
0.015020559 	0.001344086 	0.00034123574 	-4.2297436e-25 	0.0013441983 	-1.3287396e-25 	0.0013441391
0.017204926 	0.0018027178 	0.00043886138 	-7.8762098e-25 	0.0018047771 	1.1142721e-25 	0.0018037427
0.019552264 	0.0022827947 	0.00050047759 	-4.1435876e-25 	0.0022890823 	1.5531263e-25 	0.0022859343
0.022074732 	0.0027657102 	0.00051928465 	-7.6583841e-25 	0.0027792329 	-2.2870511e-25 	0.0027724699
0.024785396 	0.0032413671 	0.00049990033 	-5.7484111e-24 	0.0032656103 	-4.9131844e-25 	0.0032534902
0.027698296 	0.0037056277 	0.00045076621 	-1.1582446e-23 	0.0037443595 	2.2809341e-25 	0.0037249976
0.030828522 	0.0041577488 	0.00037941614 	-3.6664953e-24 	0.00421491 	1.4181476e-25 	0.0041863345
0.034192287 	0.0045986601 	0.00029111922 	-2.337445e-23 	0.0046783213 	-4.464196e-25 	0.0046384959
0.037807015 	0.0050299911 	0.0001891618 	-1.7699172e-23 	0.0051363461 	1.2873464e-24 	0.0050831733
0.04169143 	0.0054535747 	7.5447294e-05 	8.5193268e-24 	0.0055909525 	1.42489e-24 	0.0055222677
0.045865653 	0.0058712213 	-4.902274e-05 	9.7441227e-24 	0.0060441009 	-2.5494309e-25 	0.0059576645
0.050351306 	0.0062846305 	-0.00018381715 	-9.357327e-25 	0.0064976526 	-2.2849671e-25 	0.0063911443
0.055171623 	0.0066953684 	-0.00032886618 	2.3598009e-23 	0.0069533446 	-2.5702699e-25 	0.0068243587
0.060351574 	0.0071048763 	-0.00048433321 	-4.2735157e-24 	0.0074127927 	6.3307529e-25 	0.0072588362
0.06591799 	0.0075144897 	-0.00065054133 	6.5685921e-23 	0.0078775057 	2.4382818e-24 	0.007695999
0.071899704 	0.0079254637 	-0.00082792977 	1.3336478e-22 	0.0083489045 	-1.6879339e-24 	0.0081371851
0.078327701 	0.0083389958 	-0.0010170221 	-4.9765979e-25 	0.0088283412 	-3.1892074e-24 	0.0085836692
0.085235276 	0.0087562483 	-0.0012184106 	-2.951386e-23 	0.0093171161 	6.1182596e-24 	0.0090366826
0.092658211 	0.0091783681 	-0.0014327436 	3.0901455e-22 	0.0098164934 	9.4934615e-24 	0.0094974309
0.10063495 	0.0096065028 	-0.0016607161 	3.1064291e-22 	0.010327716 	-6.1986152e-24 	0.0099671092
0.10920683 	0.010041817 	-0.0019030683 	-1.893501e-22 	0.010852016 	-1.1852175e-23 	0.010446916
0.11841823 	0.010485505 	-0.0021605794 	-1.8945303e-22 	0.011390631 	-1.4309949e-24 	0.010938068
0.12831687 	0.010938799 	-0.0024340627 	-1.9742898e-22 	0.01194481 	-1.6521453e-24 	0.011441804
0.13895403 	0.011402971 	-0.0027243646 	-1.9824682e-22 	0.012515826 	4.8805898e-25 	0.011959398
0.1503848 	0.011879339 	-0.0030323583 	4.7433532e-25 	0.013104986 	-2.3684942e-24 	0.012492162
0.1626684 	0.012369261 	-0.0033589399 	-3.8353653e-22 	0.013713636 	-1.2657704e-23 	0.013041447
0.17586845 	0.012874121 	-0.0037050252 	-3.8594963e-22 	0.014343169 	9.0491131e-25 	0.013608643
0.19005333 	0.013395315 	-0.0040715349 	8.7581503e-23 	0.014995026 	1.7971878e-23 	0.014195168
0.20529651 	0.013934223 	-0.0044593806 	3.454222e-22 	0.01567069 	1.7937127e-23 	0.014802453
0.22167696 	0.014492166 	-0.0048694611 	2.5514052e-22 	0.016371677 	5.7825932e-24 	0.015431917
0.23927951 	0.015070372 	-0.0053025953 	1.4578923e-22 	0.017099507 	1.0461428e-23 	0.016084931
0.25819535 	0.015669909 	-0.0057594338 	1.2264705e-22 	0.017855652 	2.4498455e-23 	0.016762765
0.27852246 	0.016291545 	-0.0062406882 	-1.8171901e-23 	0.01864149 	2.7089098e-23 	0.017466494
0.30036613 	0.016935717 	-0.0067467591 	9.2770963e-22 	0.019458083 	5.9566864e-23 	0.01819687
0.32383951 	0.017602469 	-0.0072775987 	1.3112277e-22 	0.020305983 	-8.408981e-23 	0.018954194
0.34906419 	0.018291282 	-0.0078328721 	-1.5624533e-21 	0.021185059 	-2.327592e-22 	0.019738127
0.37617083 	0.019000995 	-0.0084115896 	-7.5719392e-22 	0.022094179 	-7.3240226e-23 	0.020547414
0.40529983 	0.019729715 	-0.0090119177 	-5.2987936e-23 	0.023030827 	6.2305726e-23 	0.021379533
0.43660209 	0.020474728 	-0.0096315628 	5.3333044e-22 	0.023985363 	2.5063952e-22 	0.022230222
0.47023974 	0.021228265 	-0.01033207 	5.8660505e-22 	0.024956472 	1.8645631e-22 	0.02309285
0.50638702 	0.022024808 	-0.010946292 	4.7920024e-23 	0.025900896 	-4.2629078e-24 	0.023960971
0.54523117 	0.02287138 	-0.011376616 	4.9035118e-23 	0.026778166 	4.3767e-24 	0.024823988
0.5869734 	0.023704772 	-0.011760593 	-1.7689774e-23 	0.02754605 	-1.9518244e-22 	0.025626799
0.63182993 	0.024419895 	-0.012065161 	3.9750786e-21 	0.028052786 	-1.2466384e-21 	0.026237382
0.67506132 	0.02483893 	-0.012212193 	8.6291336e-21 	0.028137503 	-1.7644482e-21 	0.026489102
0.6800331 	0.024887133 	-0.012229118 	9.1344914e-21 	0.028147295 	-1.8164076e-21 	0.026518081
0.73183261 	0.024990303 	-0.012208199 	4.8692886e-21 	0.027735476 	-5.6801855e-22 	0.026363241
0.78749677 	0.024637123 	-0.011979033 	-1.4039849e-22 	0.026778958 	1.5209146e-22 	0.025707777
0.84731391 	0.023837416 	-0.011558907 	0 	0.025354681 	1.1720311e-22 	0.024595701
0.91159388 	0.02274486 	-0.011002622 	-9.0633243e-21 	0.023662176 	1.0113398e-21 	0.023203651
0.98066963 	0.021610936 	-0.010387771 	-7.8466315e-21 	0.021967677 	6.7860799e-22 	0.021788551
1.054899 	0.020667388 	-0.0098026333 	-5.3905966e-22 	0.020495075 	-1.4675562e-22 	0.02058149
1.1346664 	0.020021849 	-0.0092752667 	6.7685618e-21 	0.019328069 	-5.7154442e-22 	0.019676889
1.2203851 	0.019596785 	-0.0086180768 	8.8427928e-21 	0.018432443 	-4.4308693e-22 	0.019013473
1.3124991 	0.019218436 	-0.0078899274 	-3.642105e-20 	0.017698557 	2.1580219e-21 	0.018456958
1.4114856 	0.018744068 	-0.0072904879 	-2.4166709e-20 	0.016973764 	1.1190503e-21 	0.017858999
1.5178571 	0.01808198 	-0.0067864713 	2.9618599e-20 	0.016122116 	-1.2851884e-21 	0.01710199
1.6242287 	0.017237594 	-0.0063573729 	-3.5631813e-20 	0.015118539 	1.9893614e-21 	0.016178262
1.7232152 	0.01629578 	-0.0059507958 	-1.1259385e-19 	0.014048872 	4.1540616e-21 	0.01517239
1.8153292 	0.015328457 	-0.0055276414 	-1.1097184e-20 	0.012990923 	-1.9783977e-22 	0.014159697
1.9010479 	0.014377331 	-0.0050857891 	5.132653e-20 	0.011988806 	-1.6144876e-21 	0.013183095
1.9808153 	0.013465848 	-0.0046321576 	-1.822662e-20 	0.011063849 	7.8704109e-22 	0.012264872
2.0550447 	0.012606001 	-0.0041750914 	7.8835146e-21 	0.010223623 	-4.1033653e-22 	0.011414833
2.1241204 	0.011802832 	-0.0037223136 	2.5905914e-20 	0.0094681244 	-6.3558243e-22 	0.010635496
2.1884004 	0.011057065 	-0.0032800184 	0 	0.008793092 	1.6092661e-22 	0.0099250919
2.2482175 	0.010367033 	-0.0028527867 	0 	0.008192227 	-5.7727623e-24 	0.0092796319
2.3038817 	0.0097295587 	-0.0024430902 	4.6745478e-23 	0.007658695 	-1.2905506e-23 	0.0086941318
2.3556812 	0.0091415456 	-0.002053081 	-7.9142281e-23 	0.0071853427 	9.1547307e-23 	0.0081634599
2.4038844 	0.0086000978 	-0.0016841546 	-1.0419104e-20 	0.0067655571 	3.1487311e-22 	0.0076828302
2.4487409 	0.0081020353 	-0.001336328 	-1.6201525e-20 	0.0063936834 	2.171992e-22 	0.0072478533
2.4904831 	0.0076447486 	-0.0010097635 	-3.8469815e-21 	0.0060644792 	-8.4422795e-23 	0.0068546122
2.5293273 	0.0072261041 	-0.00070419423 	2.7664345e-21 	0.0057734086 	-2.9202678e-22 	0.0064997567
2.5654745 	0.0068443891 	-0.00041911371 	2.1941319e-20 	0.0055166061 	-5.779286e-22 	0.0061805022
2.5991122 	0.0064982945 	-0.00015387176 	3.1835286e-20 	0.0052908993 	-2.9134752e-22 	0.005894601
2.6304145 	0.0061868157 	9.2277018e-05 	8.8112314e-21 	0.0050937618 	1.294623e-22 	0.0056402915
2.6595435 	0.0059091991 	0.00032014752 	3.6822884e-21 	0.0049232522 	-1.8054181e-23 	0.00541623
2.6866501 	0.0056648713 	0.00053061853 	4.6971718e-21 	0.0047779329 	1.125755e-23 	0.0052214069
2.7118748 	0.0054533219 	0.00072462844 	-6.491496e-22 	0.0046567687 	1.4623074e-23 	0.00505505
2.7353482 	0.0052740135 	0.00090317146 	3.5575312e-21 	0.0045590117 	-9.8754179e-23 	0.0049165186
2.7571918 	0.0051263007 	0.0010673217 	4.2404188e-21 	0.0044840769 	4.2595248e-23 	0.0048051952
2.7775189 	0.0050093404 	0.0012182432 	-1.9300565e-21 	0.0044314184 	1.0575403e-22 	0.004720385
2.7964348 	0.0049220326 	0.0013571672 	-2.1354742e-21 	0.0044004299 	-1.1996114e-23 	0.0046612359
2.8140373 	0.0048632283 	0.0014854629 	-1.7580133e-22 	0.0043905744 	-3.4658104e-23 	0.0046269049
2.8304178 	0.004831088 	0.0016044601 	8.075812e-23 	0.0044007457 	-5.3115284e-24 	0.0046159199
2.845661 	0.0048235503 	0.0017154844 	7.4276446e-23 	0.0044296595 	1.1594038e-24 	0.0046266073
2.8598458 	0.0048387994 	0.0018198782 	2.5001898e-24 	0.0044762561 	1.3196008e-24 	0.0046575297
2.8730459 	0.0048747423 	0.0019188122 	2.8143471e-24 	0.004539196 	-9.8826048e-26 	0.0047069701
2.8853295 	0.004929254 	0.0020132931 	0 	0.0046170728 	1.0054236e-23 	0.0047731635
2.8967603 	0.0050001582 	0.0021040782 	-3.4965743e-22 	0.0047083799 	2.0334712e-23 	0.0048542687
2.9073974 	0.005085278 	0.0021916524 	-6.7217591e-22 	0.0048115486 	1.8949005e-24 	0.0049484144
2.9172961 	0.00518243 	0.0022761957 	-3.0638066e-22 	0.0049249286 	-1.6333809e-23 	0.0050536889
2.9265075 	0.005289424 	0.0023575984 	1.418634e-23 	0.0050468813 	-2.7617188e-23 	0.0051681366
2.9350793 	0.0054041141 	0.0024388941 	5.9069995e-22 	0.0051754877 	-1.6467768e-23 	0.005289779
2.9430561 	0.0055240696 	0.0025134094 	4.473363e-22 	0.0053089966 	3.2259765e-23 	0.0054165587
2.950479 	0.0056471999 	0.0025770667 	-4.2121695e-22 	0.0054454348 	2.5502583e-23 	0.005546332
2.9573866 	0.00577068 	0.0026376661 	-2.7006684e-22 	0.0055814531 	-7.1156911e-24 	0.0056760554
2.9638146 	0.0058896372 	0.0026960536 	-1.1867127e-22 	0.0057125627 	1.707374e-24 	0.0058010965
2.9697963 	0.0059984126 	0.0027496767 	-2.3344411e-22 	0.0058334855 	2.9516606e-24 	0.0059159474
2.9753627 	0.0060913255 	0.0027959416 	-1.6492793e-22 	0.0059387197 	-7.0893531e-24 	0.0060150208
2.9805427 	0.0061630398 	0.0028323895 	-5.3977422e-23 	0.0060230121 	-6.9557128e-24 	0.0060930243
2.985363 	0.0062085442 	0.0028566896 	-9.147351e-25 	0.0060813433 	-2.211681e-24 	0.0061449424
2.9898486 	0.0062233784 	0.0028667476 	-8.1900259e-25 	0.006109164 	-5.9253138e-26 	0.00616627
2.9940229 	0.0062032769 	0.0028605478 	1.3606178e-27 	0.0061020661 	2.6841201e-24 	0.0061526704
2.9979073 	0.0061436579 	0.0028359211 	-3.7255453e-23 	0.0060552948 	3.9874656e-24 	0.0060994754
3.001522 	0.0060396333 	0.0027905535 	-5.3710733e-23 	0.0059637681 	-1.0406839e-24 	0.0060016998
3.0048858 	0.005885627 	0.0027218156 	-1.6451175e-23 	0.005821711 	-3.3959029e-24 	0.0058536684
3.008016 	0.0056750721 	0.002626635 	4.0304517e-26 	0.0056223655 	-1.6422219e-24 	0.0056487184
3.0109289 	0.0054002684 	0.0025013901 	5.3996222e-24 	0.0053578609 	1.108376e-25 	0.0053790646
3.0136396 	0.0050526038 	0.0023418449 	9.7849231e-25 	0.0050194473 	1.0186024e-24 	0.005036026
3.016162 	0.0046235701 	0.0021441153 	-4.3962139e-24 	0.0045985131 	4.4500346e-25 	0.0046110414
3.0185094 	0.0041067662 	0.001905401 	-2.6092209e-24 	0.0040885959 	4.8697527e-25 	0.0040976808
3.0206937 	0.0035000607 	0.0016161709 	-4.3946653e-24 	0.0034876044 	1.0069087e-25 	0.0034938333
3.0227264 	0.0028115231 	0.0012633947 	-1.7938427e-24 	0.0028036968 	-5.166271e-25 	0.0028076104
3.024618 	0.0020776957 	0.00087278837 	2.5872679e-27 	0.0020733577 	-1.2673771e-25 	0.0020755276
3.0263783 	0.0013750647 	0.0005099517 	-1.2036332e-25 	0.0013730232 	7.7467056e-26 	0.0013740448
3.0280163 	0.00079539824 	0.00023912174 	-1.2181681e-25 	0.00079462333 	-3.7179606e-26 	0.00079501093
3.0295406 	0.00039414716 	8.600633e-05 	6.8916609e-27 	0.00039392167 	-3.0648636e-26 	0.00039403438
3.0309591 	0.00016297132 	2.2699626e-05 	9.1255588e-27 	0.00016292385 	1.9839453e-27 	0.00016294756
3.0322791 	5.3176027e-05 	4.0900422e-06 	-5.6410528e-29 	5.3169448e-05 	1.3624866e-27 	5.3172733e-05
3.0335075 	1.2559442e-05 	4.3462343e-07 	-5.648741e-29 	1.2558945e-05 	-8.1881268e-30 	1.2559193e-05
3.0346506 	5.3431348e-06 	2.9668517e-08 	1.4952925e-31 	5.3431172e-06 	-4.2242028e-30 	5.3431261e-06
3.0357143 	0 	0 	0 	0 	0 	0
