0 	0 	0 	0
0.0010637159 	-0.015912687 	-3.1577293e-06 	1.3460125e-24
0.0022067933 	-0.032037689 	-1.3578975e-05 	2.3963354e-24
0.0034351532 	-0.04858217 	-3.2431331e-05 	1.0500845e-24
0.0047551584 	-0.06544692 	-6.1546334e-05 	-7.2619308e-24
0.0061736463 	-0.082473874 	-0.00010281353 	-3.5882472e-24
0.0076979646 	-0.099386027 	-0.00015837266 	1.370138e-24
0.0093360089 	-0.1156996 	-0.00023063665 	-1.2598215e-26
0.011096264 	-0.13068037 	-0.00032217212 	2.2922176e-24
0.012987848 	-0.14349825 	-0.00043516756 	-1.3695672e-24
0.015020559 	-0.15360257 	-0.0005707507 	3.7145217e-24
0.017204926 	-0.16099336 	-0.0007289968 	7.6029247e-24
0.019552264 	-0.16610821 	-0.00090962793 	-3.7083481e-24
0.022074732 	-0.16951072 	-0.0011125554 	-2.8200294e-24
0.024785396 	-0.17168272 	-0.0013379985 	1.138986e-23
0.027698296 	-0.17297174 	-0.001586461 	6.5752842e-24
0.030828522 	-0.17361168 	-0.001858718 	-1.3984497e-24
0.034192287 	-0.17375656 	-0.0021558042 	0
0.037807015 	-0.17350766 	-0.0024789934 	1.0569786e-23
0.04169143 	-0.17293181 	-0.0028297752 	7.1390153e-24
0.045865653 	-0.17207301 	-0.0032098373 	-7.4563395e-24
0.050351306 	-0.17095974 	-0.003621055 	-1.6839294e-24
0.055171623 	-0.16960954 	-0.0040654865 	2.3657904e-24
0.060351574 	-0.16803196 	-0.0045453722 	6.5008627e-24
0.06591799 	-0.16623038 	-0.0050631381 	7.9543791e-24
0.071899704 	-0.16420317 	-0.0056214 	1.462944e-24
0.078327701 	-0.16194446 	-0.006222971 	1.4606636e-23
0.085235276 	-0.15944447 	-0.0068708691 	1.0667009e-23
0.092658211 	-0.15668971 	-0.0075683255 	-7.758476e-24
0.10063495 	-0.15366298 	-0.0083187949 	-3.8210306e-24
0.10920683 	-0.15034316 	-0.0091259645 	7.2178151e-24
0.11841823 	-0.14670489 	-0.0099937638 	-1.4255156e-23
0.12831687 	-0.14271818 	-0.010926374 	8.1977552e-24
0.13895403 	-0.13834778 	-0.011928237 	2.9628037e-23
0.1503848 	-0.13355246 	-0.013004061 	0
0.1626684 	-0.12828408 	-0.014158826 	-2.6966197e-23
0.17586845 	-0.12248649 	-0.015397784 	-2.6965645e-23
0.19005333 	-0.11609424 	-0.01672646 	-3.9889821e-23
0.20529651 	-0.10903097 	-0.018150633 	-8.7582095e-23
0.22167696 	-0.10120756 	-0.019676299 	-2.2590894e-23
0.23927951 	-0.09251969 	-0.021309662 	-1.525062e-23
0.25819535 	-0.082845434 	-0.023057101 	3.2326163e-23
0.27852246 	-0.072042899 	-0.024924968 	-2.9017602e-23
0.30036613 	-0.059946734 	-0.026919479 	-7.3681486e-23
0.32383951 	-0.046363919 	-0.029046506 	8.8019056e-23
0.34906419 	-0.03106993 	-0.031311306 	-6.638072e-23
0.37617083 	-0.013804805 	-0.033718859 	-1.2540367e-22
0.40529983 	0.0057269079 	-0.036273817 	2.7654232e-22
0.43660209 	0.027850443 	-0.038964046 	2.0326471e-22
0.47023974 	0.05320093 	-0.041776457 	-2.9076663e-22
0.50638702 	0.082879824 	-0.044713179 	6.2766347e-23
0.54523117 	0.11781111 	-0.047734916 	6.1314481e-23
0.5869734 	0.15835036 	-0.050763222 	-1.3720378e-21
0.63182993 	0.20452396 	-0.05371303 	-1.1472522e-21
0.6800331 	0.25617239 	-0.056477864 	-8.9082332e-22
0.73183261 	0.31295026 	-0.058927701 	-1.8098739e-21
0.78749677 	0.37418491 	-0.060916057 	-9.0646838e-22
0.84731391 	0.43866056 	-0.062296563 	7.7196405e-22
0.91159388 	0.50452141 	-0.062951292 	1.6226192e-21
0.98066963 	0.56945008 	-0.062823258 	8.7995328e-22
1.054899 	0.63115296 	-0.061937859 	-6.6385066e-22
1.1346664 	0.68799547 	-0.060395284 	-1.0585093e-21
1.2203851 	0.73943817 	-0.058338764 	-3.4183877e-22
1.3124991 	0.78597016 	-0.055869644 	3.5913467e-22
1.4114856 	0.82858011 	-0.053007811 	-2.4637805e-21
1.5178571 	0.86767869 	-0.049817944 	-4.0639909e-21
1.6242287 	0.90200245 	-0.046559614 	-1.8056649e-21
1.7232152 	0.93075172 	-0.043481252 	-5.8988e-22
1.8153292 	0.95476678 	-0.040626575 	0
1.9010479 	0.97504202 	-0.037974633 	-6.1068269e-22
1.9808153 	0.99227469 	-0.035507994 	3.5282887e-23
2.0550447 	1.0069669 	-0.033212529 	6.3301662e-22
2.1241204 	1.0194994 	-0.031076149 	-3.0800367e-22
2.1884004 	1.0301729 	-0.029088113 	-2.8981532e-22
2.2482175 	1.039231 	-0.027238511 	0
2.3038817 	1.0468732 	-0.025517837 	7.8443795e-23
2.3556812 	1.0532616 	-0.023917051 	4.7556471e-22
2.4038844 	1.0585278 	-0.022427613 	3.8629266e-22
2.4487409 	1.062778 	-0.021041281 	2.5541568e-22
2.4904831 	1.0660966 	-0.019750253 	-1.5728357e-23
2.5293273 	1.0685484 	-0.018547187 	-2.7379678e-22
2.5654745 	1.0701806 	-0.017425141 	0
2.5991122 	1.0710246 	-0.016377581 	-1.1398044e-22
2.6304145 	1.0710983 	-0.015398371 	-3.6076112e-22
2.6595435 	1.0704073 	-0.01448175 	-2.5076661e-22
2.6866501 	1.0689471 	-0.013622319 	-2.0510864e-22
2.7118748 	1.066705 	-0.012815013 	-3.5819214e-22
2.7353482 	1.0636617 	-0.012055087 	-3.5752161e-22
2.7571918 	1.0597943 	-0.0113381 	5.0502679e-23
2.7775189 	1.0550779 	-0.0106599 	3.2853984e-24
2.7964348 	1.0494882 	-0.010016643 	-3.9471725e-22
2.8140373 	1.0430033 	-0.0094048104 	-9.8362362e-23
2.8304178 	1.0356046 	-0.008821193 	9.4256591e-23
2.845661 	1.027278 	-0.0082629596 	1.3445987e-22
2.8598458 	1.0180153 	-0.0077276995 	3.3331848e-23
2.8730459 	1.007814 	-0.0072134399 	4.2992666e-23
2.8853295 	0.99667748 	-0.0067186671 	1.4943479e-22
2.8967603 	0.98461565 	-0.0062423026 	1.0614338e-22
2.9073974 	0.97164424 	-0.0057836288 	-6.043106e-23
2.9172961 	0.95778309 	-0.005342851 	-1.7592759e-22
2.9265075 	0.94299201 	-0.0049191095 	-1.2261199e-22
2.9350793 	0.92715122 	-0.004509725 	-7.7705373e-23
2.9430561 	0.91019987 	-0.0041137452 	3.2291321e-23
2.950479 	0.89219108 	-0.003732546 	-1.3062402e-23
2.9573866 	0.87322436 	-0.0033682494 	-4.365799e-23
2.9638146 	0.85340511 	-0.003022956 	2.8750319e-23
2.9697963 	0.83282412 	-0.0026983488 	-9.3111168e-24
2.9753627 	0.81154807 	-0.0023955525 	-2.3591295e-23
2.9805427 	0.78961553 	-0.0021151467 	-4.758442e-24
2.985363 	0.76703532 	-0.001857232 	1.0909784e-23
2.9898486 	0.74378492 	-0.0016215077 	1.6880742e-23
2.9940229 	0.719808 	-0.0014073437 	-8.6474648e-25
2.9979073 	0.69501182 	-0.0012138544 	-6.8078975e-24
3.001522 	0.66926484 	-0.0010399766 	-5.8194027e-24
3.0048858 	0.64239454 	-0.0008845319 	7.0975118e-24
3.008016 	0.61418582 	-0.00074628381 	1.2937202e-23
3.0109289 	0.58438126 	-0.00062398109 	1.1165461e-23
3.0136396 	0.5526849 	-0.00051639279 	1.1178088e-23
3.016162 	0.51877172 	-0.00042233186 	4.6263415e-24
3.0185094 	0.48228849 	-0.00034055971 	4.6287542e-24
3.0206937 	0.44277582 	-0.0002697668 	0
3.0227264 	0.39974367 	-0.00020866768 	9.231998e-24
3.024618 	0.35313171 	-0.00015644773 	2.5436977e-24
3.0263783 	0.30373813 	-0.00011280269 	-6.6917991e-24
3.0280163 	0.25325464 	-7.748815e-05 	-3.1160306e-24
3.0295406 	0.20372594 	-5.007882e-05 	-6.4180225e-24
3.0309591 	0.15670827 	-2.9784326e-05 	-3.3019394e-24
3.0322791 	0.11290988 	-1.5588067e-05 	1.6429526e-24
3.0335075 	0.072420512 	-6.4791441e-06 	3.0227121e-24
3.0346506 	0.035062933 	-1.4807398e-06 	1.3795973e-24
3.0357143 	0 	0 	0
