0 	0 	0 	0
0.0010637159 	-0.0028869881 	-3.4112336e-06 	-2.0537693e-23
0.0022067933 	-0.0056190139 	-1.087627e-05 	5.8433358e-24
0.0034351532 	-0.0081912701 	-2.5619064e-05 	1.329629e-23
0.0047551584 	-0.010534957 	-4.8370086e-05 	-5.242534e-24
0.0061736463 	-0.01256571 	-8.0285097e-05 	4.4447182e-23
0.0076979646 	-0.014180704 	-0.00012275074 	4.4459911e-23
0.0093360089 	-0.015262151 	-0.00017729278 	3.4643765e-23
0.011096264 	-0.015701194 	-0.00024547111 	-1.0467467e-23
0.012987848 	-0.015452551 	-0.0003285883 	4.1638801e-24
0.015020559 	-0.014587632 	-0.000427242 	4.9423693e-23
0.017204926 	-0.0132776 	-0.00054132589 	0
0.019552264 	-0.011707967 	-0.00067059843 	-1.1102382e-23
0.022074732 	-0.010010668 	-0.00081509793 	-1.1062019e-23
0.024785396 	-0.0082553811 	-0.00097513017 	-4.3787192e-23
0.027698296 	-0.0064702458 	-0.0011511639 	-8.0797439e-23
0.030828522 	-0.0046617918 	-0.0013437998 	-2.6417886e-23
0.034192287 	-0.002826805 	-0.0015537732 	1.0549112e-23
0.037807015 	-0.00095792028 	-0.0017819455 	0
0.04169143 	0.00095400499 	-0.0020292933 	0
0.045865653 	0.0029187975 	-0.0022969074 	-1.3191138e-23
0.050351306 	0.0049466408 	-0.0025859936 	-2.5131104e-23
0.055171623 	0.0070482769 	-0.0028978696 	-4.7893383e-23
0.060351574 	0.0092350705 	-0.0032339705 	-4.6287203e-23
0.06591799 	0.01151892 	-0.003595854 	-1.0148102e-23
0.071899704 	0.013912499 	-0.0039851951 	-1.3665745e-22
0.078327701 	0.016429425 	-0.0044037787 	-6.4269723e-23
0.085235276 	0.019084424 	-0.0048534959 	7.2752662e-23
0.092658211 	0.021893579 	-0.0053363373 	-7.2789069e-23
0.10063495 	0.02487461 	-0.0058543865 	-3.0622057e-22
0.10920683 	0.02804718 	-0.0064098124 	-2.3642149e-22
0.11841823 	0.031433248 	-0.0070048591 	-2.9369887e-24
0.12831687 	0.035057471 	-0.0076418298 	0
0.13895403 	0.038947672 	-0.0083230655 	0
0.1503848 	0.043135374 	-0.009050915 	4.2046069e-22
0.1626684 	0.047656429 	-0.0098276959 	2.3300218e-22
0.17586845 	0.052551743 	-0.010655641 	-1.8960588e-22
0.19005333 	0.057868123 	-0.011536831 	1.3934873e-22
0.20529651 	0.063659255 	-0.012473101 	1.7006109e-23
0.22167696 	0.069986838 	-0.01346593 	-1.2184999e-22
0.23927951 	0.076921875 	-0.014516286 	0
0.25819535 	0.084546151 	-0.015624432 	5.7725971e-25
0.27852246 	0.092953976 	-0.016789673 	-8.7197814e-22
0.30036613 	0.1022541 	-0.018010085 	-1.559995e-21
0.32383951 	0.11257129 	-0.0192821 	2.7478085e-22
0.34906419 	0.12404811 	-0.020600009 	1.8138241e-21
0.37617083 	0.13684733 	-0.021955421 	8.5095089e-22
0.40529983 	0.15115371 	-0.023336482 	-2.6200941e-21
0.43660209 	0.16717479 	-0.024727079 	-2.6700057e-21
0.47023974 	0.18514103 	-0.026106469 	-1.788683e-21
0.50638702 	0.20530442 	-0.027450053 	-6.764217e-24
0.54523117 	0.2279414 	-0.028714529 	-2.5151474e-22
0.5869734 	0.25358234 	-0.029830386 	-4.3306674e-21
0.63182993 	0.28309785 	-0.030715485 	-2.2229159e-21
0.67505548 	0.31358474 	-0.031221497 	4.1775313e-21
0.6800331 	0.31709382 	-0.031279383 	4.9287599e-21
0.73183261 	0.3555461 	-0.03146204 	9.8881878e-21
0.78749677 	0.39804961 	-0.031250043 	4.9830842e-21
0.84731391 	0.44401547 	-0.03063329 	-1.0062166e-20
0.91159388 	0.49270032 	-0.029606504 	-1.8158426e-20
0.98066963 	0.54311524 	-0.028189654 	-5.4080283e-21
1.054899 	0.59400286 	-0.026446757 	3.9548162e-21
1.1346664 	0.64399286 	-0.024483947 	1.3960629e-21
1.2203851 	0.69190268 	-0.022424208 	9.446732e-21
1.3124991 	0.73702025 	-0.020372715 	-4.8992916e-21
1.4114856 	0.77921559 	-0.018398179 	-2.1555886e-20
1.5178571 	0.81834631 	-0.016551512 	-9.7581654e-21
1.6242287 	0.85306166 	-0.014914118 	-9.2591624e-21
1.7232152 	0.88242565 	-0.013525506 	-1.1709731e-21
1.8153292 	0.90694346 	-0.012349564 	3.8499194e-21
1.9010479 	0.92733359 	-0.011343834 	1.3692644e-22
1.9808153 	0.94433745 	-0.01045527 	0
2.0550447 	0.95875104 	-0.0096339867 	0
2.1241204 	0.97114258 	-0.0088582291 	-7.6409359e-21
2.1884004 	0.98179294 	-0.0081292281 	-6.1541143e-21
2.2482175 	0.99088381 	-0.0074538083 	1.6011458e-21
2.3038817 	0.99858045 	-0.006829775 	9.7851072e-22
2.3556812 	1.0050243 	-0.0062543289 	-3.6604936e-21
2.4038844 	1.0103333 	-0.0057239371 	-4.7685379e-21
2.4487409 	1.014603 	-0.0052349366 	0
2.4904831 	1.0179075 	-0.004783727 	-4.5849701e-22
2.5293273 	1.0203013 	-0.0043668795 	-5.2882035e-22
2.5654745 	1.0218207 	-0.0039811745 	0
2.5991122 	1.0224851 	-0.0036236015 	1.3608402e-21
2.6304145 	1.022299 	-0.0032913455 	1.2287936e-21
2.6595435 	1.0212529 	-0.0029817702 	-1.4349836e-21
2.6866501 	1.0193259 	-0.0026924067 	7.3306882e-23
2.7118748 	1.0164878 	-0.0024209536 	1.3220713e-21
2.7353482 	1.0127022 	-0.0021652888 	0
2.7571918 	1.0079309 	-0.0019235 	0
2.7775189 	1.0021378 	-0.0016939296 	0
2.7964348 	0.99529462 	-0.0014752275 	-8.1186756e-23
2.8140373 	0.98738469 	-0.0012664067 	-7.8142657e-23
2.8304178 	0.97840724 	-0.0010668766 	-4.744452e-22
2.845661 	0.96837945 	-0.00087643353 	-4.7500618e-22
2.8598458 	0.95733674 	-0.00069520908 	0
2.8730459 	0.94533108 	-0.0005236144 	4.2549422e-22
2.8853295 	0.93242738 	-0.0003622347 	4.299501e-22
2.8967603 	0.91869846 	-0.00021189521 	0
2.9073974 	0.90414677 	-7.3169389e-05 	2.6270869e-22
2.9172961 	0.88869199 	5.3801208e-05 	2.6300168e-22
2.9265075 	0.87235262 	0.00016810959 	2.8592133e-23
2.9350793 	0.85529133 	0.00026836621 	-2.3654991e-22
2.9430561 	0.83769749 	0.00035363953 	1.898861e-22
2.950479 	0.81973 	0.00042344019 	4.5190266e-22
2.9573866 	0.80150075 	0.00047781651 	-5.0004674e-25
2.9638146 	0.78307466 	0.00051727709 	-3.1902654e-22
2.9697963 	0.76447653 	0.00054261233 	-4.7977807e-22
2.9753627 	0.74569676 	0.0005547802 	1.1167069e-23
2.9805427 	0.7266935 	0.00055490621 	8.3772279e-23
2.985363 	0.70738902 	0.00054461262 	-8.5653177e-23
2.9898486 	0.68766619 	0.00052588105 	-1.8566562e-24
2.9940229 	0.66738231 	0.0005006989 	-9.7917581e-23
2.9979073 	0.64638466 	0.00047077983 	-9.8048558e-23
3.001522 	0.62450005 	0.00043727874 	3.6418167e-26
3.0048858 	0.60150835 	0.00040101001 	-5.9312279e-23
3.008016 	0.57712969 	0.00036273534 	-5.9371307e-23
3.0109289 	0.55104357 	0.00032328114 	0
3.0136396 	0.52290776 	0.00028359526 	-1.8149537e-25
3.016162 	0.49235511 	0.00024466362 	-1.5865424e-25
3.0185094 	0.45894695 	0.00020727773 	-4.6907708e-23
3.0206937 	0.4221839 	0.0001719926 	5.6757357e-23
3.0227264 	0.38172377 	0.00013924609 	4.6885092e-23
3.024618 	0.33769678 	0.00010941777 	-2.6593401e-23
3.0263783 	0.29099704 	8.2845905e-05 	3.0299722e-23
3.0280163 	0.24328159 	5.9855996e-05 	1.0599772e-25
3.0295406 	0.1964031 	4.0682654e-05 	9.7362205e-26
3.0309591 	0.15170051 	2.5393582e-05 	0
3.0322791 	0.10977093 	1.3908081e-05 	0
3.0335075 	0.070702387 	6.0617637e-06 	2.5264855e-23
3.0346506 	0.034367565 	1.5938725e-06 	2.5278698e-23
3.0357143 	0 	0 	0
