/*--------------------------------*- C++ -*----------------------------------*\
  =========                 |
  \\      /  F ield         | OpenFOAM: The Open Source CFD Toolbox
   \\    /   O peration     | Website:  https://openfoam.org
    \\  /    A nd           | Version:  7
     \\/     M anipulation  |
\*---------------------------------------------------------------------------*/
FoamFile
{
    version     2.0;
    format      ascii;
    class       volScalarField;
    location    "25000";
    object      nut;
}
// * * * * * * * * * * * * * * * * * * * * * * * * * * * * * * * * * * * * * //

dimensions      [0 2 -1 0 0 0 0];

internalField   nonuniform List<scalar> 
4902
(
1.23513e-11
1.21572e-11
1.21017e-11
1.19967e-11
1.19068e-11
1.18115e-11
1.1703e-11
1.15952e-11
1.14809e-11
1.13643e-11
1.12448e-11
1.1124e-11
1.09999e-11
1.08759e-11
1.0755e-11
1.06344e-11
1.05197e-11
1.04059e-11
1.02978e-11
1.01944e-11
1.00994e-11
1.00108e-11
9.92917e-12
9.85503e-12
9.79027e-12
9.73213e-12
9.68022e-12
9.6346e-12
9.59458e-12
9.56151e-12
9.53553e-12
9.51647e-12
9.50438e-12
9.49887e-12
9.49989e-12
9.50712e-12
9.51928e-12
9.53734e-12
9.56224e-12
9.59178e-12
9.62538e-12
9.66501e-12
9.71134e-12
9.76353e-12
9.82141e-12
9.88243e-12
9.94533e-12
1.00088e-11
1.00724e-11
2.36722e-09
2.33154e-09
2.32537e-09
2.31284e-09
2.30541e-09
2.29792e-09
2.28839e-09
2.27931e-09
2.26901e-09
2.25818e-09
2.2466e-09
2.23455e-09
2.22159e-09
2.20824e-09
2.19504e-09
2.18144e-09
2.16849e-09
2.1552e-09
2.14254e-09
2.13033e-09
2.1193e-09
2.10909e-09
2.09983e-09
2.0916e-09
2.0848e-09
2.07895e-09
2.07403e-09
2.07004e-09
2.06689e-09
2.06482e-09
2.06391e-09
2.06413e-09
2.06552e-09
2.06802e-09
2.07163e-09
2.07633e-09
2.08187e-09
2.08843e-09
2.09625e-09
2.1049e-09
2.11429e-09
2.12478e-09
2.13648e-09
2.1492e-09
2.16289e-09
2.17708e-09
2.1915e-09
2.20585e-09
2.22003e-09
5.03513e-08
4.96853e-08
4.97649e-08
4.98396e-08
5.01152e-08
5.0432e-08
5.07383e-08
5.10766e-08
5.14e-08
5.17184e-08
5.20227e-08
5.23163e-08
5.25865e-08
5.28391e-08
5.30819e-08
5.33009e-08
5.35176e-08
5.37079e-08
5.38945e-08
5.40707e-08
5.4254e-08
5.44363e-08
5.46205e-08
5.48073e-08
5.50057e-08
5.52077e-08
5.54139e-08
5.56251e-08
5.58393e-08
5.60626e-08
5.6297e-08
5.6543e-08
5.68024e-08
5.70742e-08
5.73595e-08
5.76592e-08
5.79679e-08
5.82899e-08
5.86325e-08
5.89856e-08
5.93499e-08
5.97308e-08
6.01236e-08
6.0529e-08
6.09476e-08
6.13682e-08
6.17833e-08
6.21846e-08
6.25689e-08
3.44799e-07
3.41312e-07
3.43494e-07
3.46106e-07
3.50785e-07
3.56042e-07
3.61395e-07
3.67148e-07
3.72951e-07
3.78863e-07
3.84783e-07
3.90714e-07
3.96557e-07
4.02308e-07
4.07985e-07
4.13478e-07
4.18903e-07
4.24077e-07
4.29148e-07
4.34049e-07
4.3889e-07
4.43609e-07
4.48216e-07
4.52702e-07
4.57119e-07
4.61421e-07
4.65617e-07
4.69708e-07
4.73684e-07
4.77578e-07
4.81405e-07
4.85171e-07
4.88892e-07
4.92562e-07
4.9619e-07
4.99794e-07
5.03342e-07
5.06852e-07
5.104e-07
5.13902e-07
5.173e-07
5.20653e-07
5.23974e-07
5.27255e-07
5.30506e-07
5.33652e-07
5.36633e-07
5.39383e-07
5.41861e-07
1.16617e-06
1.1589e-06
1.17107e-06
1.18476e-06
1.20696e-06
1.23148e-06
1.25711e-06
1.28469e-06
1.31267e-06
1.34087e-06
1.36938e-06
1.39814e-06
1.42686e-06
1.4554e-06
1.4837e-06
1.51141e-06
1.53878e-06
1.56516e-06
1.59102e-06
1.61605e-06
1.64056e-06
1.66432e-06
1.68733e-06
1.70952e-06
1.731e-06
1.75165e-06
1.7715e-06
1.79052e-06
1.8087e-06
1.82611e-06
1.84277e-06
1.85872e-06
1.874e-06
1.88861e-06
1.90255e-06
1.91592e-06
1.92866e-06
1.94074e-06
1.95202e-06
1.96267e-06
1.97263e-06
1.98203e-06
1.99085e-06
1.9991e-06
2.00681e-06
2.01378e-06
2.01984e-06
2.02478e-06
2.02831e-06
2.54907e-06
2.54247e-06
2.57781e-06
2.61434e-06
2.67145e-06
2.73256e-06
2.79733e-06
2.86638e-06
2.93669e-06
3.00783e-06
3.07957e-06
3.15125e-06
3.22214e-06
3.29235e-06
3.36173e-06
3.42953e-06
3.49611e-06
3.56005e-06
3.62235e-06
3.68217e-06
3.74021e-06
3.79582e-06
3.84914e-06
3.89988e-06
3.94831e-06
3.99412e-06
4.03747e-06
4.07828e-06
4.11656e-06
4.1524e-06
4.18587e-06
4.217e-06
4.24601e-06
4.27286e-06
4.29751e-06
4.31986e-06
4.33986e-06
4.35788e-06
4.37392e-06
4.38814e-06
4.40046e-06
4.41111e-06
4.42006e-06
4.42735e-06
4.43306e-06
4.43691e-06
4.43871e-06
4.43734e-06
4.4263e-06
4.22288e-06
4.24727e-06
4.31794e-06
4.4012e-06
4.51162e-06
4.63041e-06
4.75615e-06
4.88788e-06
5.02179e-06
5.15676e-06
5.29196e-06
5.42622e-06
5.55817e-06
5.68747e-06
5.81312e-06
5.93429e-06
6.0511e-06
6.16261e-06
6.26938e-06
6.37092e-06
6.46738e-06
6.5581e-06
6.64309e-06
6.72215e-06
6.79545e-06
6.86283e-06
6.92443e-06
6.98032e-06
7.03062e-06
7.07546e-06
7.11496e-06
7.14922e-06
7.17828e-06
7.20237e-06
7.2218e-06
7.23666e-06
7.24714e-06
7.25368e-06
7.25649e-06
7.25579e-06
7.25166e-06
7.24439e-06
7.23405e-06
7.22076e-06
7.20464e-06
7.1855e-06
7.16331e-06
7.13805e-06
7.11004e-06
6.29197e-06
6.34671e-06
6.46454e-06
6.60249e-06
6.77844e-06
6.96639e-06
7.1633e-06
7.36764e-06
7.57318e-06
7.77853e-06
7.98188e-06
8.18222e-06
8.3768e-06
8.56534e-06
8.74611e-06
8.91841e-06
9.08179e-06
9.23533e-06
9.37982e-06
9.51508e-06
9.64158e-06
9.75827e-06
9.86539e-06
9.96277e-06
1.00508e-05
1.01293e-05
1.01987e-05
1.0259e-05
1.03106e-05
1.03539e-05
1.03891e-05
1.04167e-05
1.04369e-05
1.04501e-05
1.04569e-05
1.04576e-05
1.04525e-05
1.04422e-05
1.0427e-05
1.04073e-05
1.03833e-05
1.03554e-05
1.03238e-05
1.02886e-05
1.02501e-05
1.02085e-05
1.01641e-05
1.01175e-05
1.00695e-05
8.79097e-06
8.88293e-06
9.05591e-06
9.25816e-06
9.50647e-06
9.77192e-06
1.00445e-05
1.0326e-05
1.06042e-05
1.08798e-05
1.11475e-05
1.14078e-05
1.16578e-05
1.18973e-05
1.21243e-05
1.23378e-05
1.25374e-05
1.27214e-05
1.28905e-05
1.30453e-05
1.31878e-05
1.33161e-05
1.34307e-05
1.35318e-05
1.36199e-05
1.36952e-05
1.37583e-05
1.38096e-05
1.38497e-05
1.38792e-05
1.38987e-05
1.39089e-05
1.39102e-05
1.39034e-05
1.3889e-05
1.38676e-05
1.38397e-05
1.38061e-05
1.37671e-05
1.37232e-05
1.36749e-05
1.36226e-05
1.35667e-05
1.35074e-05
1.34454e-05
1.3381e-05
1.33146e-05
1.32469e-05
1.31781e-05
1.17236e-05
1.18584e-05
1.20837e-05
1.23521e-05
1.26683e-05
1.30021e-05
1.33425e-05
1.36885e-05
1.40279e-05
1.43595e-05
1.46779e-05
1.4968e-05
1.52553e-05
1.55231e-05
1.57841e-05
1.60241e-05
1.62555e-05
1.64639e-05
1.66526e-05
1.68134e-05
1.69545e-05
1.70778e-05
1.71841e-05
1.72737e-05
1.73476e-05
1.74062e-05
1.74506e-05
1.74814e-05
1.74995e-05
1.75059e-05
1.75013e-05
1.74865e-05
1.74624e-05
1.74298e-05
1.73895e-05
1.73421e-05
1.72883e-05
1.72289e-05
1.71645e-05
1.70957e-05
1.7023e-05
1.69472e-05
1.68685e-05
1.67876e-05
1.6705e-05
1.66211e-05
1.65365e-05
1.64514e-05
1.6366e-05
1.50459e-05
1.52042e-05
1.54777e-05
1.57695e-05
1.61631e-05
1.64825e-05
1.68847e-05
1.72288e-05
1.76143e-05
1.7955e-05
1.83142e-05
1.86379e-05
1.8964e-05
1.92591e-05
1.95487e-05
1.98081e-05
2.00586e-05
2.02782e-05
2.0487e-05
2.06669e-05
2.07928e-05
2.0897e-05
2.0982e-05
2.10485e-05
2.1098e-05
2.11309e-05
2.11488e-05
2.11525e-05
2.11432e-05
2.11219e-05
2.10897e-05
2.10477e-05
2.09967e-05
2.09377e-05
2.08716e-05
2.07992e-05
2.07213e-05
2.06387e-05
2.05521e-05
2.04624e-05
2.03701e-05
2.02759e-05
2.01804e-05
2.00843e-05
1.99881e-05
1.98921e-05
1.97967e-05
1.97022e-05
1.96087e-05
1.86368e-05
1.86369e-05
1.90504e-05
1.92522e-05
1.97367e-05
2.00629e-05
2.05301e-05
2.09023e-05
2.13399e-05
2.17062e-05
2.21051e-05
2.24489e-05
2.2803e-05
2.31117e-05
2.34187e-05
2.36846e-05
2.3943e-05
2.4162e-05
2.43707e-05
2.44925e-05
2.45908e-05
2.46674e-05
2.47244e-05
2.47623e-05
2.47832e-05
2.47876e-05
2.47773e-05
2.47531e-05
2.47166e-05
2.4669e-05
2.46113e-05
2.45448e-05
2.44706e-05
2.43897e-05
2.4303e-05
2.42115e-05
2.41159e-05
2.40173e-05
2.39165e-05
2.38141e-05
2.37109e-05
2.36078e-05
2.35053e-05
2.34041e-05
2.33048e-05
2.32075e-05
2.31128e-05
2.30208e-05
2.29318e-05
2.225e-05
2.22433e-05
2.27126e-05
2.29222e-05
2.34681e-05
2.38064e-05
2.43285e-05
2.4714e-05
2.51938e-05
2.55709e-05
2.59992e-05
2.63492e-05
2.67208e-05
2.70303e-05
2.73447e-05
2.76055e-05
2.78626e-05
2.80237e-05
2.81356e-05
2.82209e-05
2.82899e-05
2.83373e-05
2.8366e-05
2.83764e-05
2.83709e-05
2.835e-05
2.83156e-05
2.82687e-05
2.82109e-05
2.81433e-05
2.80673e-05
2.79841e-05
2.7895e-05
2.78009e-05
2.77032e-05
2.76026e-05
2.75002e-05
2.7397e-05
2.72937e-05
2.71911e-05
2.70899e-05
2.69908e-05
2.68946e-05
2.6802e-05
2.67135e-05
2.66294e-05
2.65503e-05
2.64765e-05
2.64081e-05
2.6038e-05
2.60185e-05
2.65305e-05
2.67403e-05
2.73335e-05
2.76732e-05
2.82386e-05
2.86244e-05
2.91362e-05
2.9511e-05
2.9959e-05
3.03031e-05
3.06836e-05
3.09832e-05
3.1297e-05
3.14845e-05
3.16142e-05
3.17101e-05
3.1783e-05
3.18436e-05
3.18868e-05
3.191e-05
3.19163e-05
3.19061e-05
3.18819e-05
3.18442e-05
3.17953e-05
3.17357e-05
3.16674e-05
3.15912e-05
3.15086e-05
3.14209e-05
3.13295e-05
3.12355e-05
3.11402e-05
3.10446e-05
3.09498e-05
3.08569e-05
3.0767e-05
3.06806e-05
3.05982e-05
3.05206e-05
3.04481e-05
3.03817e-05
3.03218e-05
3.02689e-05
3.02238e-05
3.01869e-05
3.01587e-05
2.99694e-05
2.99306e-05
3.04722e-05
3.06749e-05
3.13018e-05
3.1634e-05
3.22313e-05
3.26071e-05
3.31414e-05
3.35039e-05
3.39634e-05
3.42929e-05
3.46755e-05
3.48767e-05
3.50288e-05
3.51424e-05
3.52286e-05
3.53011e-05
3.53601e-05
3.54047e-05
3.54322e-05
3.54421e-05
3.54375e-05
3.54187e-05
3.53884e-05
3.53473e-05
3.52977e-05
3.52402e-05
3.51769e-05
3.51083e-05
3.50359e-05
3.49608e-05
3.48845e-05
3.48082e-05
3.47332e-05
3.46607e-05
3.45919e-05
3.45282e-05
3.44709e-05
3.44207e-05
3.43785e-05
3.43444e-05
3.43181e-05
3.43003e-05
3.42913e-05
3.42917e-05
3.43022e-05
3.43233e-05
3.4356e-05
3.40206e-05
3.3956e-05
3.45153e-05
3.47046e-05
3.53534e-05
3.56717e-05
3.62913e-05
3.66501e-05
3.71991e-05
3.75434e-05
3.80083e-05
3.82256e-05
3.84018e-05
3.85379e-05
3.86448e-05
3.87423e-05
3.88273e-05
3.88999e-05
3.89601e-05
3.90033e-05
3.90319e-05
3.90454e-05
3.90472e-05
3.90374e-05
3.9019e-05
3.89924e-05
3.89606e-05
3.89243e-05
3.88861e-05
3.88465e-05
3.88066e-05
3.87668e-05
3.87287e-05
3.86933e-05
3.86621e-05
3.86359e-05
3.86163e-05
3.86045e-05
3.86022e-05
3.86108e-05
3.86321e-05
3.86668e-05
3.87132e-05
3.87701e-05
3.88378e-05
3.89163e-05
3.90058e-05
3.91065e-05
3.92186e-05
3.81777e-05
3.80809e-05
3.86488e-05
3.88194e-05
3.94819e-05
3.97824e-05
4.04179e-05
4.07567e-05
4.13144e-05
4.15806e-05
4.17834e-05
4.19477e-05
4.208e-05
4.22131e-05
4.2334e-05
4.245e-05
4.25579e-05
4.26512e-05
4.27326e-05
4.27978e-05
4.28516e-05
4.28934e-05
4.29262e-05
4.295e-05
4.29679e-05
4.29804e-05
4.29903e-05
4.29989e-05
4.30093e-05
4.30235e-05
4.30431e-05
4.30667e-05
4.30947e-05
4.31286e-05
4.31691e-05
4.32175e-05
4.32743e-05
4.33409e-05
4.34181e-05
4.35075e-05
4.36113e-05
4.37338e-05
4.38728e-05
4.40242e-05
4.41872e-05
4.43615e-05
4.45459e-05
4.47394e-05
4.49396e-05
4.24375e-05
4.23023e-05
4.2873e-05
4.3021e-05
4.36935e-05
4.39752e-05
4.46243e-05
4.49458e-05
4.524e-05
4.54419e-05
4.56049e-05
4.57862e-05
4.59547e-05
4.61286e-05
4.62961e-05
4.64571e-05
4.66115e-05
4.67533e-05
4.68841e-05
4.70047e-05
4.71148e-05
4.72181e-05
4.73132e-05
4.74038e-05
4.74892e-05
4.75726e-05
4.7654e-05
4.77364e-05
4.78212e-05
4.7913e-05
4.80156e-05
4.81278e-05
4.82457e-05
4.83736e-05
4.85094e-05
4.86558e-05
4.88112e-05
4.89776e-05
4.91528e-05
4.93375e-05
4.95293e-05
4.97295e-05
4.99393e-05
5.01617e-05
5.03947e-05
5.06379e-05
5.08892e-05
5.11466e-05
5.14054e-05
4.68081e-05
4.66283e-05
4.71998e-05
4.73232e-05
4.80064e-05
4.8272e-05
4.88643e-05
4.91025e-05
4.92888e-05
4.95264e-05
4.97503e-05
5.0006e-05
5.02516e-05
5.05058e-05
5.07473e-05
5.09856e-05
5.12131e-05
5.14382e-05
5.16481e-05
5.18607e-05
5.20579e-05
5.22582e-05
5.24465e-05
5.26379e-05
5.28211e-05
5.30077e-05
5.3189e-05
5.33739e-05
5.35554e-05
5.37404e-05
5.39244e-05
5.41169e-05
5.43155e-05
5.45242e-05
5.4741e-05
5.49681e-05
5.52036e-05
5.54489e-05
5.57009e-05
5.5958e-05
5.62135e-05
5.64145e-05
5.6553e-05
5.66933e-05
5.68426e-05
5.69945e-05
5.7154e-05
5.73162e-05
5.74845e-05
5.13084e-05
5.10776e-05
5.1652e-05
5.17501e-05
5.24494e-05
5.27042e-05
5.32348e-05
5.35072e-05
5.37507e-05
5.4097e-05
5.44194e-05
5.47947e-05
5.51412e-05
5.55154e-05
5.58574e-05
5.62109e-05
5.65332e-05
5.68596e-05
5.71651e-05
5.74733e-05
5.77686e-05
5.80659e-05
5.8353e-05
5.86422e-05
5.8924e-05
5.92077e-05
5.94859e-05
5.9765e-05
6.00375e-05
6.03047e-05
6.0504e-05
6.06555e-05
6.08276e-05
6.09813e-05
6.11531e-05
6.13121e-05
6.14873e-05
6.16545e-05
6.18364e-05
6.20142e-05
6.22056e-05
6.2397e-05
6.26009e-05
6.28048e-05
6.3019e-05
6.32344e-05
6.34582e-05
6.36834e-05
6.39147e-05
5.59674e-05
5.56792e-05
5.6262e-05
5.63354e-05
5.70593e-05
5.73091e-05
5.79659e-05
5.83493e-05
5.87359e-05
5.91958e-05
5.96442e-05
6.01285e-05
6.05925e-05
6.10753e-05
6.1532e-05
6.19935e-05
6.24226e-05
6.27563e-05
6.31506e-05
6.34062e-05
6.37599e-05
6.40033e-05
6.43234e-05
6.45558e-05
6.48488e-05
6.50725e-05
6.53445e-05
6.55624e-05
6.58196e-05
6.60356e-05
6.6285e-05
6.65032e-05
6.67483e-05
6.69709e-05
6.72164e-05
6.74461e-05
6.76958e-05
6.79351e-05
6.81922e-05
6.84433e-05
6.87103e-05
6.89747e-05
6.92523e-05
6.95279e-05
6.98148e-05
7.01007e-05
7.03953e-05
7.0689e-05
7.09883e-05
6.08239e-05
6.04717e-05
6.10714e-05
6.1121e-05
6.18804e-05
6.21297e-05
6.29194e-05
6.32535e-05
6.40106e-05
6.43548e-05
6.50521e-05
6.53976e-05
6.60304e-05
6.63703e-05
6.6942e-05
6.72722e-05
6.779e-05
6.81101e-05
6.85803e-05
6.88928e-05
6.93244e-05
6.9631e-05
7.00313e-05
7.03319e-05
7.07073e-05
7.10035e-05
7.13596e-05
7.16536e-05
7.19965e-05
7.22915e-05
7.26269e-05
7.2925e-05
7.32562e-05
7.35601e-05
7.38918e-05
7.42037e-05
7.45394e-05
7.48615e-05
7.52041e-05
7.55377e-05
7.58889e-05
7.62342e-05
7.65934e-05
7.69483e-05
7.73145e-05
7.76771e-05
7.80479e-05
7.84148e-05
6.59254e-05
6.55026e-05
6.61296e-05
6.61571e-05
6.69644e-05
6.72179e-05
6.80662e-05
6.84197e-05
6.92381e-05
6.96145e-05
7.03815e-05
7.07691e-05
7.14794e-05
7.18709e-05
7.25266e-05
7.29173e-05
7.35242e-05
7.39116e-05
7.44743e-05
7.48606e-05
7.53872e-05
7.57734e-05
7.6271e-05
7.66561e-05
7.71304e-05
7.75149e-05
7.7971e-05
7.83561e-05
7.87995e-05
7.91873e-05
7.96224e-05
8.00139e-05
8.04444e-05
8.08421e-05
8.1272e-05
8.16776e-05
8.21102e-05
8.25251e-05
8.29627e-05
8.33875e-05
8.38309e-05
8.42647e-05
8.47129e-05
8.51536e-05
8.56051e-05
8.60497e-05
8.65011e-05
8.69449e-05
7.13275e-05
7.08277e-05
7.14933e-05
7.15012e-05
7.23706e-05
7.26348e-05
7.35573e-05
7.39403e-05
7.48389e-05
7.52621e-05
7.61169e-05
7.65638e-05
7.73698e-05
7.78312e-05
7.85893e-05
7.9059e-05
7.9773e-05
8.02465e-05
8.09198e-05
8.13981e-05
8.20381e-05
8.25217e-05
8.31343e-05
8.36211e-05
8.42114e-05
8.47006e-05
8.52729e-05
8.57646e-05
8.63234e-05
8.68182e-05
8.7367e-05
8.78653e-05
8.84079e-05
8.89115e-05
8.94513e-05
8.99613e-05
9.0501e-05
9.10182e-05
9.15595e-05
9.20836e-05
9.26267e-05
9.31561e-05
9.36997e-05
9.42319e-05
9.47737e-05
9.53046e-05
9.58405e-05
9.63645e-05
7.70928e-05
7.65101e-05
7.72261e-05
7.72181e-05
7.8165e-05
7.84485e-05
7.94632e-05
7.98888e-05
8.08886e-05
8.13744e-05
8.23379e-05
8.28622e-05
8.37845e-05
8.4335e-05
8.52159e-05
8.57842e-05
8.66253e-05
8.72045e-05
8.8008e-05
8.85978e-05
8.937e-05
8.99697e-05
9.07157e-05
9.1322e-05
9.20457e-05
9.26563e-05
9.33608e-05
9.39744e-05
9.46634e-05
9.52794e-05
9.59556e-05
9.65737e-05
9.72406e-05
9.78618e-05
9.85221e-05
9.91467e-05
9.98028e-05
0.000100431
0.000101084
0.000101715
0.000102364
0.000102995
0.00010364
0.000104268
0.000104905
0.000105526
0.000106149
0.000106756
8.32903e-05
8.26193e-05
8.33973e-05
8.33786e-05
8.44196e-05
8.47334e-05
8.58604e-05
8.63438e-05
8.74675e-05
8.80333e-05
8.91281e-05
8.97489e-05
9.08098e-05
9.14699e-05
9.24953e-05
9.31829e-05
9.41721e-05
9.48778e-05
9.58316e-05
9.6553e-05
9.74767e-05
9.82116e-05
9.91091e-05
9.98529e-05
0.000100727
0.000101476
0.000102328
0.000103079
0.000103912
0.000104663
0.000105479
0.00010623
0.000107032
0.000107781
0.000108572
0.00010932
0.000110101
0.000110848
0.000111619
0.000112363
0.000113125
0.000113864
0.000114614
0.000115343
0.000116077
0.000116792
0.000117505
0.000118198
8.99941e-05
8.92302e-05
9.00811e-05
9.00587e-05
9.12111e-05
9.15684e-05
9.28289e-05
9.33877e-05
9.46584e-05
9.53232e-05
9.65729e-05
9.73108e-05
9.85334e-05
9.93244e-05
0.000100517
0.000101345
0.000102504
0.000103357
0.000104482
0.000105355
0.000106449
0.000107338
0.000108405
0.000109304
0.000110344
0.000111247
0.000112261
0.000113164
0.000114154
0.000115053
0.000116021
0.000116915
0.000117862
0.00011875
0.000119679
0.00012056
0.000121472
0.000122344
0.00012324
0.000124103
0.000124982
0.000125832
0.000126691
0.000127525
0.00012836
0.000129171
0.000129977
0.000130756
9.72813e-05
9.64206e-05
9.73545e-05
9.73373e-05
9.86184e-05
9.90346e-05
0.00010045
0.000101104
0.000102544
0.000103329
0.000104757
0.000105634
0.000107041
0.000107985
0.000109366
0.000110358
0.000111707
0.000112729
0.000114043
0.000115088
0.00011637
0.000117432
0.000118684
0.000119755
0.000120976
0.000122049
0.000123238
0.000124306
0.000125465
0.000126524
0.000127653
0.0001287
0.000129801
0.000130835
0.000131909
0.000132929
0.000133978
0.000134982
0.000136007
0.000136993
0.000137993
0.000138958
0.00013993
0.00014087
0.000141809
0.000142718
0.000143618
0.00010523
0.00010427
0.000105295
0.000105294
0.000106721
0.000107213
0.000108805
0.000109573
0.000111207
0.000112132
0.000113762
0.000114799
0.000116414
0.000117533
0.000119124
0.0001203
0.000121859
0.000123071
0.000124593
0.000125829
0.000127314
0.000128567
0.000130018
0.000131276
0.000132691
0.000133946
0.000135322
0.000136566
0.000137903
0.000139132
0.000140429
0.000141639
0.000142899
0.000144087
0.000145312
0.000146476
0.000147667
0.000148807
0.000149964
0.000151077
0.000152199
0.000153284
0.000154369
0.000155419
0.000156462
0.000157471
0.000158466
0.000113918
0.000112854
0.00011398
0.000114006
0.000115594
0.00011618
0.000117968
0.000118873
0.00012072
0.000121809
0.000123661
0.000124881
0.000126723
0.000128039
0.00012986
0.000131241
0.000133028
0.000134448
0.000136193
0.000137637
0.00013934
0.000140798
0.000142459
0.000143919
0.000145537
0.000146987
0.000148557
0.000149988
0.000151509
0.000152916
0.000154388
0.000155766
0.000157191
0.000158537
0.000159916
0.000161229
0.000162564
0.000163843
0.000165134
0.000166377
0.000167624
0.000168828
0.000170028
0.000171189
0.000172338
0.000173447
0.000174538
0.000123415
0.000122247
0.000123478
0.000123545
0.000125307
0.000126007
0.000128008
0.000129071
0.00013115
0.000132425
0.000134518
0.000135942
0.00013803
0.000139563
0.00014163
0.000143235
0.000145263
0.000146909
0.000148889
0.000150556
0.000152487
0.000154164
0.000156045
0.000157717
0.000159544
0.000161199
0.000162968
0.000164594
0.000166304
0.000167895
0.000169545
0.000171095
0.000172687
0.000174195
0.000175729
0.000177194
0.000178673
0.000180093
0.000181519
0.000182892
0.000184264
0.000185589
0.000186904
0.000188175
0.00018943
0.000190641
0.000191827
0.000133786
0.000132512
0.000133853
0.000133973
0.000135921
0.000136754
0.000138982
0.000140225
0.000142551
0.000144034
0.000146381
0.000148031
0.000150377
0.000152146
0.000154471
0.000156317
0.000158599
0.000160484
0.000162709
0.000164611
0.000166777
0.000168681
0.000170788
0.00017268
0.000174722
0.000176586
0.000178558
0.000180383
0.000182284
0.000184062
0.000185891
0.000187616
0.000189374
0.000191046
0.000192735
0.000194352
0.000195975
0.000197536
0.000199095
0.000200599
0.000202095
0.00020354
0.000204969
0.00020635
0.000207709
0.00020902
0.000210302
0.000145083
0.000143702
0.000145154
0.000145341
0.000147483
0.000148468
0.000150933
0.000152376
0.00015496
0.00015667
0.000159283
0.000161176
0.00016379
0.000165813
0.000168404
0.000170505
0.000173046
0.000175183
0.000177656
0.000179803
0.000182207
0.000184346
0.000186679
0.000188796
0.000191053
0.000193131
0.000195306
0.000197332
0.000199423
0.000201388
0.000203394
0.000205294
0.000207217
0.000209051
0.000210894
0.00021266
0.000214426
0.000216126
0.000217816
0.000219449
0.000221065
0.000222628
0.000224169
0.000225659
0.00022712
0.00022853
0.000157342
0.000155857
0.000157418
0.000157685
0.000160025
0.000161178
0.000163888
0.000165548
0.000168398
0.000170352
0.000173238
0.00017539
0.000178277
0.000180565
0.000183427
0.000185793
0.000188596
0.000190992
0.000193715
0.000196111
0.000198752
0.00020113
0.000203688
0.000206032
0.000208502
0.000210792
0.000213167
0.000215392
0.000217669
0.00021982
0.000222
0.000224072
0.000226156
0.000228149
0.00023014
0.000232054
0.000233957
0.000235792
0.00023761
0.000239367
0.000241102
0.000242779
0.000244428
0.000246023
0.000247583
0.000249088
0.000170585
0.000168997
0.000170664
0.000171023
0.000173561
0.000174898
0.000177854
0.000179749
0.000182866
0.00018508
0.000188238
0.000190661
0.000193822
0.000196386
0.000199517
0.000202156
0.000205218
0.000207877
0.000210847
0.000213493
0.000216368
0.000218983
0.000221761
0.000224329
0.000227006
0.000229506
0.000232075
0.000234494
0.000236952
0.000239283
0.00024163
0.000243869
0.000246107
0.000248253
0.000250388
0.000252443
0.000254478
0.000256443
0.000258383
0.000260259
0.000262105
0.000263892
0.000265644
0.000267339
0.000268993
0.00027059
0.000184813
0.000183128
0.000184893
0.000185354
0.000188087
0.000189622
0.000192822
0.000194964
0.000198346
0.000200829
0.000204258
0.00020696
0.000210391
0.000213235
0.000216631
0.000219544
0.00022286
0.000225781
0.000228991
0.000231886
0.000234985
0.000237833
0.000240824
0.000243609
0.000246484
0.000249187
0.000251941
0.000254548
0.000257177
0.000259681
0.000262186
0.000264583
0.000266968
0.000269259
0.000271528
0.000273716
0.000275876
0.000277963
0.000280017
0.000282005
0.000283956
0.000285846
0.000287695
0.000289483
0.000291226
0.000292907
0.00020001
0.000198234
0.000200087
0.000200661
0.000203581
0.000205324
0.000208762
0.00021116
0.0002148
0.00021756
0.000221252
0.000224236
0.00022793
0.000231054
0.000234706
0.000237891
0.000241452
0.00024463
0.00024807
0.000251205
0.000254519
0.00025759
0.000260782
0.000263775
0.000266837
0.000269733
0.000272659
0.000275443
0.000278232
0.000280898
0.00028355
0.000286095
0.000288615
0.000291041
0.000293435
0.000295746
0.000298019
0.000300219
0.000302378
0.000304469
0.000306517
0.000308501
0.000310438
0.000312312
0.000314135
0.00021614
0.000214282
0.00021621
0.000216906
0.000220002
0.00022196
0.000225624
0.000228285
0.000232173
0.000235212
0.000239156
0.000242421
0.000246366
0.000249767
0.000253663
0.000257113
0.000260905
0.000264331
0.000267986
0.000271351
0.000274865
0.000278148
0.000281525
0.000284713
0.000287948
0.000291022
0.000294108
0.000297054
0.000299989
0.000302802
0.000305589
0.000308268
0.00031091
0.000313459
0.000315964
0.000318386
0.000320762
0.000323063
0.000325316
0.000327499
0.000329633
0.0003317
0.000333716
0.000335666
0.000337561
0.00023315
0.000231218
0.000233208
0.000234032
0.00023729
0.000239469
0.000243346
0.00024627
0.000250392
0.000253708
0.00025789
0.000261431
0.000265611
0.000269281
0.000273404
0.000277109
0.000281115
0.000284776
0.00028863
0.000292209
0.000295906
0.000299384
0.00030293
0.000306296
0.000309687
0.000312921
0.000316149
0.000319241
0.000322306
0.000325251
0.000328155
0.000330953
0.000333702
0.000336357
0.00033896
0.000341479
0.000343944
0.000346332
0.000348666
0.000350928
0.000353136
0.000355276
0.000357358
0.000359374
0.00036133
0.00025097
0.000248976
0.000251011
0.000251968
0.000255373
0.000257772
0.000261847
0.000265031
0.000269371
0.000272957
0.000277361
0.000281167
0.000285564
0.000289489
0.000293823
0.000297765
0.000301967
0.000305845
0.000309879
0.000313652
0.000317513
0.000321166
0.000324861
0.000328384
0.00033191
0.000335286
0.000338637
0.000341855
0.000345031
0.000348088
0.000351092
0.00035399
0.000356829
0.000359574
0.000362258
0.000364856
0.000367395
0.000369855
0.000372255
0.000374582
0.00037685
0.000379048
0.000381186
0.000383255
0.000385261
0.000269516
0.000267472
0.000269537
0.00027063
0.000274163
0.00027678
0.000281034
0.000284471
0.000289011
0.000292855
0.000297461
0.000301517
0.000306113
0.000310275
0.000314797
0.000318958
0.000323335
0.000327408
0.000331599
0.000335544
0.000339546
0.000343351
0.000347173
0.00035083
0.00035447
0.000357964
0.000361417
0.000364738
0.000368004
0.000371151
0.000374235
0.000377212
0.000380123
0.000382937
0.000385684
0.000388344
0.000390938
0.000393453
0.000395904
0.00039828
0.000400593
0.000402835
0.000405013
0.000407122
0.000288692
0.000286612
0.000288689
0.000289919
0.000293561
0.00029639
0.000300804
0.000304482
0.000309202
0.000313289
0.000318075
0.000322364
0.000327135
0.000331513
0.000336201
0.000340557
0.000345084
0.000349327
0.000353651
0.000357743
0.000361861
0.000365791
0.000369715
0.000373481
0.00037721
0.000380797
0.000384327
0.000387727
0.000391059
0.000394275
0.000397415
0.00040045
0.00040341
0.000406273
0.000409063
0.000411765
0.000414396
0.000416947
0.00041943
0.000421838
0.00042418
0.00042645
0.000428654
0.000430788
0.000308393
0.000306291
0.000308364
0.00030973
0.000313462
0.000316493
0.000321045
0.00032495
0.000329827
0.000334138
0.000339081
0.00034358
0.000348502
0.000353071
0.000357899
0.000362423
0.000367074
0.00037146
0.00037589
0.0003801
0.000384307
0.000388335
0.000392334
0.00039618
0.000399971
0.000403624
0.000407205
0.000410658
0.000414032
0.000417289
0.000420463
0.000423531
0.000426518
0.000429407
0.000432218
0.000434941
0.000437589
0.000440157
0.000442653
0.000445075
0.000447428
0.000449709
0.000451923
0.000454066
0.000328506
0.000326398
0.00032845
0.000329948
0.00033375
0.00033697
0.000341639
0.000345752
0.000350763
0.000355275
0.000360352
0.000365034
0.000370081
0.000374812
0.000379754
0.000384416
0.000389164
0.000393662
0.000398169
0.000402467
0.000406734
0.000410829
0.000414874
0.00041877
0.000422596
0.000426285
0.00042989
0.000433368
0.000436756
0.000440029
0.000443211
0.000446287
0.000449276
0.000452167
0.000454977
0.000457698
0.000460342
0.000462905
0.000465396
0.000467811
0.000470157
0.000472432
0.000474638
0.000348914
0.000346816
0.00034883
0.000350456
0.000354307
0.000357701
0.000362463
0.000366764
0.000371884
0.000376572
0.000381755
0.000386592
0.000391737
0.0003966
0.000401626
0.000406395
0.000411209
0.000415786
0.00042034
0.000424693
0.000428991
0.00043312
0.000437181
0.000441096
0.000444927
0.000448621
0.000452221
0.000455695
0.000459071
0.00046233
0.000465494
0.000468552
0.000471518
0.000474387
0.000477172
0.000479868
0.000482486
0.000485023
0.000487487
0.000489877
0.000492197
0.000494447
0.000496629
0.000369498
0.000367425
0.000369386
0.000371132
0.000375012
0.000378562
0.000383395
0.000387857
0.000393062
0.000397897
0.00040316
0.00040812
0.000413334
0.000418297
0.000423376
0.000428217
0.000433066
0.000437689
0.000442259
0.000446633
0.000450929
0.00045506
0.000459106
0.000463008
0.000466812
0.000470481
0.000474046
0.000477485
0.00048082
0.000484038
0.000487157
0.000490168
0.000493087
0.000495908
0.000498643
0.000501291
0.00050386
0.00050635
0.000508766
0.00051111
0.000513385
0.000515591
0.000517732
0.000390137
0.000388104
0.000389997
0.000391855
0.000395744
0.000399429
0.000404309
0.000408906
0.00041417
0.00041912
0.000424436
0.000429486
0.000434738
0.000439765
0.000444866
0.000449745
0.000454596
0.000459229
0.000463782
0.000468143
0.000472406
0.000476504
0.000480503
0.000484358
0.000488106
0.000491717
0.000495218
0.000498591
0.000501856
0.000505005
0.00050805
0.000510989
0.000513833
0.000516582
0.000519243
0.000521819
0.000524316
0.000526736
0.000529084
0.000531361
0.000533572
0.000535716
0.000410711
0.000408734
0.000410544
0.000412504
0.000416382
0.000420179
0.000425082
0.000429785
0.00043508
0.000440114
0.000445452
0.000450558
0.000455817
0.000460872
0.000465963
0.000470842
0.000475663
0.00048027
0.000484774
0.000489086
0.000493282
0.000497315
0.000501235
0.00050501
0.000508669
0.000512192
0.000515598
0.000518876
0.000522042
0.000525092
0.000528037
0.000530877
0.000533621
0.000536271
0.000538834
0.000541315
0.000543718
0.000546046
0.000548304
0.000550495
0.000552622
0.000554686
0.000431106
0.000429198
0.000430912
0.000432962
0.000436808
0.000440694
0.000445594
0.000450373
0.000455671
0.000460755
0.000466085
0.00047121
0.000476444
0.00048149
0.000486537
0.00049138
0.000496137
0.000500682
0.000505103
0.000509331
0.000513429
0.000517361
0.000521171
0.000524834
0.000528374
0.000531777
0.000535058
0.000538212
0.000541251
0.000544174
0.000546992
0.000549706
0.000552325
0.000554852
0.000557294
0.000559656
0.000561942
0.000564158
0.000566306
0.000568391
0.000570415
0.000572381
0.000451209
0.000449383
0.000450987
0.000453114
0.000456908
0.000460857
0.00046573
0.000470552
0.000475825
0.000480924
0.000486214
0.000491322
0.000496498
0.000501497
0.000506466
0.000511235
0.000515895
0.000520342
0.000524646
0.000528757
0.000532724
0.000536523
0.000540191
0.000543711
0.000547102
0.000550355
0.000553483
0.000556484
0.000559368
0.000562138
0.000564803
0.000567366
0.000569835
0.000572215
0.000574513
0.000576734
0.000578883
0.000580965
0.000582983
0.000584943
0.000586846
0.000470914
0.000469183
0.000470664
0.000472853
0.000476575
0.00048056
0.00048538
0.000490213
0.000495431
0.000500508
0.000505726
0.00051078
0.000515863
0.000520778
0.000525634
0.000530293
0.00053482
0.000539134
0.00054329
0.000547249
0.000551054
0.000554689
0.000558184
0.000561531
0.000564744
0.000567819
0.000570766
0.000573587
0.000576292
0.000578883
0.00058137
0.000583758
0.000586054
0.000588265
0.000590397
0.000592456
0.000594447
0.000596375
0.000598246
0.000600061
0.000601826
0.000490122
0.000488497
0.000489842
0.000492077
0.000495707
0.0004997
0.000504441
0.00050925
0.000514383
0.000519402
0.000524515
0.000529476
0.000534433
0.000539226
0.000543934
0.000548446
0.000552807
0.000556954
0.000560928
0.000564704
0.000568316
0.000571757
0.000575051
0.000578196
0.000581204
0.000584074
0.000586815
0.000589431
0.000591931
0.00059432
0.000596606
0.000598797
0.000600899
0.00060292
0.000604866
0.000606743
0.000608557
0.000610314
0.000612017
0.000613672
0.000615282
0.000508741
0.000507232
0.000508428
0.000510693
0.000514211
0.000518183
0.000522818
0.000527569
0.000532586
0.000537509
0.000542485
0.000547315
0.00055211
0.000556742
0.000561268
0.000565596
0.000569758
0.000573703
0.000577465
0.000581027
0.000584417
0.000587634
0.000590701
0.000593618
0.000596396
0.000599035
0.000601547
0.000603934
0.000606207
0.000608372
0.000610438
0.00061241
0.000614299
0.00061611
0.000617851
0.000619529
0.000621149
0.000622716
0.000624237
0.000625715
0.000526689
0.000525304
0.000526338
0.000528615
0.000532001
0.000535923
0.000540426
0.000545084
0.000549952
0.000554743
0.000559546
0.000564208
0.000568805
0.000573239
0.000577547
0.000581656
0.000585585
0.000589296
0.000592814
0.000596133
0.000599274
0.000602241
0.000605055
0.000607718
0.000610242
0.00061263
0.00061489
0.000617028
0.000619054
0.000620975
0.000622801
0.000624538
0.000626195
0.000627779
0.000629299
0.00063076
0.00063217
0.000633533
0.000634856
0.000636143
0.000543889
0.000542636
0.000543495
0.000545767
0.000549
0.000552844
0.000557186
0.000561716
0.000566404
0.000571025
0.000575621
0.000580075
0.000584439
0.000588638
0.000592693
0.000596547
0.00060021
0.000603655
0.000606902
0.000609948
0.000612813
0.000615505
0.000618042
0.00062043
0.000622679
0.000624793
0.000626782
0.000628652
0.000630414
0.000632074
0.000633643
0.000635128
0.000636538
0.00063788
0.000639163
0.000640393
0.000641578
0.000642724
0.000643835
0.000644917
0.000560278
0.000559161
0.000559832
0.000562081
0.000565141
0.000568877
0.00057303
0.000577398
0.000581874
0.000586287
0.000590641
0.00059485
0.000598945
0.00060287
0.000606638
0.000610202
0.000613568
0.000616715
0.000619661
0.000622408
0.000624973
0.000627365
0.000629603
0.000631694
0.000633648
0.000635471
0.000637171
0.000638757
0.000640237
0.000641622
0.000642919
0.000644138
0.000645286
0.000646373
0.000647406
0.000648393
0.000649341
0.000650255
0.000651143
0.000575799
0.000574823
0.000575292
0.0005775
0.000580365
0.000583965
0.000587902
0.000592072
0.000596302
0.000600471
0.000604548
0.000608474
0.000612264
0.000615878
0.000619323
0.000622563
0.000625601
0.000628421
0.000631038
0.000633459
0.0006357
0.000637771
0.000639689
0.000641463
0.000643104
0.000644618
0.000646013
0.000647299
0.000648485
0.000649579
0.000650592
0.000651532
0.000652407
0.000653227
0.000653998
0.000654729
0.000655428
0.0006561
0.000656753
0.000590404
0.000589573
0.000589827
0.000591974
0.000594625
0.000598059
0.000601751
0.000605688
0.00060964
0.000613527
0.000617291
0.000620897
0.000624345
0.000627613
0.000630701
0.000633584
0.000636262
0.000638726
0.000640988
0.00064306
0.000644954
0.000646682
0.00064826
0.0006497
0.00065101
0.000652199
0.000653275
0.000654247
0.000655124
0.000655916
0.000656632
0.000657282
0.000657872
0.000658413
0.000658912
0.000659377
0.000659816
0.000660236
0.000660642
0.000604056
0.000603372
0.000603395
0.000605464
0.000607879
0.000611119
0.000614538
0.000618207
0.000621846
0.000625414
0.000628829
0.000632077
0.000635148
0.000638032
0.000640729
0.000643223
0.000645514
0.000647596
0.000649478
0.000651178
0.000652705
0.00065407
0.000655291
0.000656378
0.000657341
0.000658189
0.000658931
0.000659575
0.00066013
0.000660607
0.000661015
0.000661363
0.000661659
0.00066191
0.000662126
0.000662314
0.000662482
0.000662638
0.000616726
0.00061619
0.000615969
0.00061794
0.000620098
0.000623114
0.000626229
0.000629596
0.000632887
0.000636096
0.000639125
0.000641977
0.000644634
0.000647099
0.000649371
0.000651446
0.000653322
0.000654997
0.000656479
0.000657788
0.000658931
0.000659918
0.000660765
0.000661484
0.000662085
0.000662578
0.00066297
0.000663272
0.000663491
0.000663639
0.000663727
0.000663762
0.000663751
0.000663701
0.000663623
0.000663523
0.000663408
0.000663288
0.000628396
0.000628007
0.000627525
0.00062938
0.000631259
0.000634023
0.000636804
0.000639829
0.000642734
0.000645544
0.000648148
0.000650562
0.000652767
0.000654775
0.000656588
0.000658215
0.000659042
0.000655641
0.000653725
0.000652994
0.000653202
0.000654149
0.000655663
0.00065759
0.000659772
0.000662057
0.000664289
0.00066534
0.000665209
0.000665015
0.000664767
0.000664473
0.000664142
0.000663778
0.000663393
0.000662992
0.00066258
0.000639054
0.000638812
0.000638054
0.000639773
0.00064135
0.000643832
0.000646246
0.000648891
0.000651369
0.000653735
0.000655866
0.000657797
0.000659506
0.000661014
0.000656829
0.000648371
0.000642222
0.000638278
0.000636309
0.000635741
0.000636283
0.000637679
0.000639731
0.000642262
0.000645102
0.000648095
0.000651115
0.000654078
0.000656933
0.000659608
0.000662007
0.000663513
0.000662842
0.000662148
0.000661439
0.000660722
0.000659997
0.000648702
0.000648603
0.000647552
0.000649117
0.00065037
0.000652539
0.000654552
0.000656777
0.000658781
0.00066065
0.000662255
0.000663646
0.000664805
0.00065007
0.00063701
0.000627648
0.000621632
0.000618461
0.00061716
0.000617191
0.000618229
0.000620022
0.000622395
0.0006252
0.000628309
0.000631623
0.000635075
0.000638654
0.000642249
0.00064568
0.000648863
0.000651743
0.00065428
0.000656474
0.000657798
0.000656746
0.000655694
0.000657347
0.000657388
0.000656029
0.000657421
0.000658328
0.000660154
0.000661733
0.000663492
0.000664973
0.000666287
0.000667299
0.000668077
0.0006459
0.000627524
0.000615127
0.000607395
0.000602912
0.000600722
0.000600076
0.000600603
0.000601995
0.000604034
0.00060657
0.000609488
0.000612694
0.000616112
0.00061967
0.000623294
0.000626896
0.000630407
0.0006338
0.000637077
0.000640234
0.00064307
0.00064555
0.00064763
0.000665008
0.000665185
0.000663504
0.000664705
0.000665245
0.000666702
0.000667812
0.000669065
0.000669971
0.000670664
0.000671002
0.000646449
0.000621956
0.000606265
0.000596409
0.000590443
0.000587144
0.00058568
0.000585531
0.000586398
0.000588008
0.000590175
0.000592773
0.000595705
0.000598885
0.000602234
0.000605671
0.000609119
0.000612532
0.000615897
0.000619192
0.000622384
0.000625448
0.000628335
0.000631067
0.000633644
0.000671714
0.000672023
0.000670007
0.000671003
0.000671159
0.000672221
0.000672836
0.000673544
0.00067383
0.000673839
0.000653453
0.000621842
0.000601551
0.000589106
0.000581195
0.000576422
0.000573849
0.000572857
0.000573043
0.000574121
0.000575849
0.000578062
0.000580644
0.000583505
0.000586563
0.00058974
0.00059296
0.000596167
0.000599336
0.000602455
0.000605496
0.000608427
0.000611239
0.000613943
0.000616532
0.000677502
0.000677939
0.000675578
0.000676358
0.000676118
0.000676769
0.000676869
0.000677008
0.000676646
0.000668148
0.000628609
0.000601619
0.000585593
0.000575191
0.000568419
0.000564344
0.000562225
0.000561556
0.000561965
0.000563172
0.000564956
0.00056716
0.000569673
0.000572411
0.000575299
0.000578268
0.000581252
0.000584209
0.000587115
0.000589953
0.000592698
0.000595331
0.000597855
0.000600282
0.0006026
0.000682417
0.000682979
0.00068027
0.000680827
0.000680185
0.000680419
0.000679996
0.00067956
0.000678551
0.000644084
0.000607548
0.000586177
0.000572536
0.000563159
0.000557046
0.000553434
0.000551654
0.000551241
0.00055182
0.000553118
0.000554926
0.000557093
0.000559513
0.000562108
0.000564818
0.000567579
0.000570336
0.000573049
0.000575693
0.000578251
0.000580704
0.000583041
0.000585269
0.000587398
0.000686509
0.000687198
0.00068414
0.000684474
0.000683435
0.000683253
0.000682316
0.000681317
0.000669375
0.000621632
0.000591756
0.000573777
0.00056106
0.000552195
0.000546496
0.000543222
0.000541758
0.000541592
0.000542322
0.000543703
0.000545527
0.00054765
0.000549973
0.000552428
0.000554966
0.000557527
0.000560061
0.000562533
0.00056492
0.000567205
0.000569374
0.000571421
0.000573348
0.000575149
0.000689834
0.000690653
0.000687254
0.000687372
0.000685947
0.000685365
0.000683936
0.000682401
0.000647185
0.000604349
0.000579656
0.000562851
0.000550491
0.000541991
0.000536605
0.000533587
0.000532363
0.000532394
0.000533291
0.000534774
0.000536627
0.000538712
0.000540943
0.000543262
0.000545628
0.000547986
0.000550288
0.000552493
0.000554585
0.000556564
0.000558422
0.000560154
0.000561764
0.000563155
0.000692449
0.000693405
0.000689681
0.000689595
0.000687806
0.000686849
0.000684963
0.000682942
0.00062767
0.000591372
0.0005692
0.000552574
0.000540523
0.000532389
0.000527315
0.00052455
0.000523492
0.000523638
0.000524644
0.000526207
0.000528107
0.000530182
0.000532328
0.000534497
0.000536643
0.00053875
0.000540779
0.000542657
0.000544358
0.000545929
0.000547366
0.00054867
0.000549852
0.00069441
0.000695515
0.000691486
0.000691218
0.000689093
0.000687794
0.000685491
0.000665156
0.000612464
0.000580951
0.000559249
0.000542705
0.000531059
0.00052331
0.000518553
0.000516046
0.000515155
0.00051539
0.000516409
0.000517947
0.000519821
0.000521886
0.000523969
0.000525951
0.000527759
0.000529488
0.000531115
0.000532629
0.000534019
0.000535268
0.000536373
0.000537338
0.000538174
0.000695772
0.000697041
0.000692735
0.00069231
0.000689884
0.00068828
0.000685604
0.000648046
0.000600602
0.00057142
0.000549472
0.000533236
0.00052206
0.00051471
0.000510275
0.000508002
0.000507261
0.000507571
0.000508579
0.000510042
0.000511778
0.000513655
0.000515587
0.000517238
0.000518801
0.000520277
0.000521636
0.000522865
0.000523953
0.000524884
0.000525659
0.000526281
0.000696583
0.000698037
0.000693486
0.000692933
0.000690245
0.000688379
0.000685379
0.000634362
0.000590661
0.000561986
0.000539909
0.000524187
0.000513497
0.000506552
0.000502432
0.000500373
0.000499759
0.000500121
0.000501103
0.000502464
0.000504046
0.000505723
0.000507436
0.000508839
0.000510188
0.000511428
0.00051253
0.000513475
0.000514253
0.000514855
0.000515283
0.000515543
0.000696887
0.000698547
0.000693788
0.00069314
0.000690233
0.000688153
0.000684888
0.000622522
0.000581364
0.000552506
0.000530669
0.000515548
0.000505343
0.000498807
0.000494999
0.000493147
0.000492647
0.000493036
0.000493987
0.000495257
0.0004967
0.000498204
0.000499688
0.000500918
0.000502059
0.000503064
0.000503902
0.000504555
0.000505014
0.000505275
0.000505344
0.000505226
0.00069672
0.000698609
0.000693683
0.000692972
0.000689888
0.000687636
0.000672518
0.000611942
0.000572235
0.000543112
0.00052181
0.000507296
0.000497583
0.000491467
0.000487977
0.00048634
0.000485961
0.000486387
0.000487308
0.000488518
0.000489861
0.000491242
0.000492535
0.00049361
0.000494559
0.000495339
0.000495921
0.000496289
0.000496436
0.000496363
0.000496075
0.000696115
0.000698255
0.000693202
0.000692457
0.000689235
0.000686843
0.000660385
0.000602451
0.000563133
0.000533949
0.00051333
0.000499415
0.000490223
0.000484551
0.000481407
0.000480017
0.000479793
0.000480295
0.000481232
0.000482407
0.00048369
0.000484997
0.000486169
0.000487127
0.00048792
0.000488513
0.000488873
0.000488987
0.000488851
0.000488468
0.000487847
0.000695096
0.000697509
0.000692367
0.000691617
0.000688288
0.000685785
0.000650181
0.000593559
0.000554039
0.00052509
0.000505213
0.000491919
0.000483299
0.000478118
0.000475369
0.000474287
0.000474287
0.000474941
0.000475963
0.000477175
0.000478459
0.000479757
0.00048086
0.000481757
0.000482452
0.000482915
0.000483106
0.000483013
0.000482636
0.000481983
0.000481066
0.000693687
0.000696389
0.000691198
0.000690465
0.000687058
0.000684466
0.000640915
0.00058474
0.000545002
0.000516561
0.000497461
0.000484844
0.000476866
0.000472246
0.000469973
0.000469286
0.000469605
0.000470515
0.000471726
0.000473065
0.000474427
0.000475741
0.000476888
0.000477788
0.00047843
0.000478778
0.000478813
0.000478528
0.00047793
0.000477028
0.000691909
0.000694913
0.000689708
0.000689011
0.000685551
0.000682888
0.000632074
0.000575825
0.000536103
0.000508375
0.0004901
0.000478247
0.000470995
0.00046702
0.000465315
0.000465119
0.000465857
0.000467114
0.000468615
0.000470177
0.000471702
0.000473126
0.000474306
0.000475205
0.000475787
0.000476016
0.000475897
0.000475431
0.000474627
0.000473499
0.00068978
0.000693096
0.000687912
0.000687267
0.000683774
0.000681054
0.000623415
0.000566838
0.000527413
0.000500547
0.000483172
0.000472185
0.000465748
0.000462507
0.000461455
0.000461832
0.000463062
0.00046473
0.000466568
0.000468408
0.000470142
0.000471704
0.000472906
0.000473787
0.000474314
0.000474464
0.000474237
0.00047364
0.000472682
0.000687319
0.000690954
0.000685823
0.000685245
0.000681737
0.00067897
0.000614777
0.000557835
0.000518973
0.000493098
0.000476721
0.000466704
0.000461171
0.000458744
0.000458418
0.000459428
0.000461196
0.000463311
0.000465508
0.000467628
0.000469569
0.000471281
0.000472541
0.00047346
0.000473992
0.000474123
0.00047385
0.000473182
0.000472133
0.000684545
0.000688505
0.000683458
0.00068296
0.000679453
0.000676647
0.000606056
0.000548861
0.000510809
0.000486052
0.000470782
0.000461833
0.00045728
0.000455735
0.000456189
0.000457874
0.000460211
0.000462796
0.00046537
0.000467784
0.00046995
0.00047181
0.00047322
0.000474244
0.000474849
0.000475024
0.000474766
0.000474087
0.000473005
0.000681476
0.000685768
0.000680834
0.000680429
0.000676942
0.000674108
0.00059715
0.000539959
0.000502937
0.000479425
0.000465369
0.000457572
0.000454065
0.000453453
0.000454727
0.000457118
0.000460052
0.00046313
0.000466107
0.000468848
0.000471287
0.00047335
0.000474966
0.000476156
0.000476893
0.000477166
0.000476974
0.000476334
0.000678127
0.000682763
0.00067797
0.000677676
0.000674228
0.000671384
0.000587993
0.000531176
0.000495365
0.000473223
0.000460478
0.000453902
0.00045149
0.000451852
0.000453979
0.000457104
0.000460664
0.000464269
0.00046769
0.000470804
0.000473555
0.000475892
0.00047776
0.00047916
0.000480069
0.000480476
0.000480386
0.000479817
0.000674512
0.000679512
0.000674886
0.000674722
0.000671336
0.000666015
0.000578655
0.000522554
0.000488088
0.000467435
0.000456085
0.000450786
0.00044951
0.000450878
0.000453888
0.00045778
0.000461999
0.000466171
0.000470077
0.00047361
0.000476716
0.000479363
0.000481507
0.000483137
0.000484234
0.000484789
0.000484811
0.000484327
0.000670643
0.000676034
0.000671604
0.000671591
0.000668291
0.000657101
0.00056927
0.00051409
0.00048109
0.000462038
0.000452154
0.000448177
0.000448071
0.000450474
0.000454396
0.000459088
0.000464002
0.000468774
0.000473196
0.000477169
0.000480655
0.000483614
0.000486029
0.000487878
0.000489148
0.000489837
0.000489962
0.000666528
0.000672347
0.000668143
0.000668306
0.000665119
0.00064789
0.000559866
0.000505736
0.000474348
0.000457001
0.000448642
0.000446023
0.000447115
0.00045058
0.000455441
0.00046096
0.000466594
0.000471983
0.000476928
0.000481337
0.000485177
0.000488427
0.000491073
0.000493099
0.000494502
0.000495292
0.000495492
0.000662173
0.000668462
0.000664517
0.000664888
0.000661846
0.000638405
0.000550329
0.000497445
0.000467841
0.000452288
0.0004455
0.000444271
0.000446584
0.000451131
0.000456951
0.000463309
0.000469667
0.000475664
0.000481108
0.000485916
0.000490063
0.000493545
0.000496363
0.000498511
0.000500002
0.000500862
0.000501123
0.00065758
0.000664387
0.000660741
0.000661354
0.000658495
0.000628362
0.000540542
0.000489196
0.000461546
0.00044786
0.000442682
0.000442865
0.000446414
0.000452055
0.000458836
0.000466029
0.00047309
0.00047966
0.000485553
0.0004907
0.000495092
0.000498749
0.000501695
0.000503942
0.000505525
0.000506484
0.000652747
0.000660119
0.000656821
0.000657713
0.000655083
0.00061764
0.000530459
0.000480986
0.000455442
0.000443678
0.000440139
0.000441748
0.000446539
0.000453269
0.000461
0.000469
0.000476724
0.000483816
0.000490103
0.000495539
0.000500146
0.000503977
0.000507091
0.000509526
0.000511338
0.00051257
0.000647671
0.000655648
0.000652756
0.000653972
0.000651616
0.000606151
0.000520077
0.000472819
0.000449506
0.000439705
0.000437821
0.000440861
0.000446887
0.000454689
0.000463339
0.000472108
0.000480451
0.000488025
0.000494686
0.000500425
0.000505312
0.000509454
0.000512959
0.000515892
0.000518312
0.000520227
0.00064234
0.000650954
0.000648538
0.000650125
0.000648094
0.000593835
0.000509417
0.000464701
0.000443714
0.000435901
0.000435678
0.000440143
0.000447385
0.000456229
0.000465763
0.000475267
0.00048421
0.000492281
0.000499381
0.000505568
0.000510981
0.000515805
0.000520215
0.000524276
0.000528001
0.00063674
0.00064601
0.000644145
0.00064616
0.000644505
0.000580691
0.000498517
0.000456639
0.000438044
0.00043223
0.000433665
0.000439536
0.000447967
0.00045782
0.000468211
0.000478446
0.000488031
0.000496711
0.000504464
0.000511437
0.000517877
0.000524076
0.000530258
0.000536408
0.000542395
0.000630844
0.000640778
0.000639549
0.000642053
0.000640829
0.000566771
0.000487428
0.000448636
0.000432474
0.000428656
0.000431734
0.000438989
0.000448578
0.000459417
0.000470666
0.000481688
0.000492053
0.000501595
0.000510399
0.000518738
0.000526998
0.000535586
0.000544685
0.000553998
0.000563079
0.000624615
0.000635215
0.000634707
0.000637775
0.000637038
0.000552174
0.000476213
0.000440698
0.000426982
0.000425146
0.000429847
0.00043846
0.000449184
0.000461006
0.000473165
0.000485111
0.000496515
0.000507331
0.000517777
0.000528282
0.000539394
0.000551559
0.000564604
0.000577559
0.000589345
0.000618003
0.000629271
0.000629563
0.000633284
0.000633096
0.000537039
0.000464938
0.000432824
0.000421546
0.00042167
0.00042797
0.000437918
0.000449771
0.000462612
0.000475795
0.000488896
0.00050172
0.000514359
0.000527174
0.000540765
0.000555795
0.000572418
0.00058935
0.000604373
0.000610942
0.000622896
0.000624052
0.00062853
0.000628964
0.000521536
0.000453675
0.000425015
0.000416149
0.000418205
0.00042608
0.000437351
0.000450349
0.000464287
0.000478676
0.00049325
0.000507963
0.000523038
0.000538964
0.000556475
0.000576075
0.00059664
0.000614312
0.000626036
0.000603349
0.000616037
0.000618097
0.000623454
0.000624593
0.000505842
0.0004425
0.000417266
0.000410772
0.000414731
0.000424161
0.000436758
0.000450945
0.000466104
0.000481936
0.000498353
0.000515448
0.000533527
0.000553144
0.000575011
0.000598601
0.000619288
0.000628448
0.000624913
0.000595126
0.000608642
0.000611608
0.000617986
0.000619936
0.000490206
0.000431502
0.000409568
0.0004054
0.000411235
0.000422209
0.000436148
0.000451597
0.000468133
0.000485675
0.000504309
0.000524211
0.000545681
0.000569242
0.000595086
0.000619457
0.00062961
0.000625694
0.000621773
0.000586164
0.000600663
0.000604493
0.000612041
0.00060318
0.000474802
0.000420751
0.000401909
0.000400023
0.000407709
0.000420222
0.000435538
0.000452339
0.000470426
0.000489938
0.000511098
0.000534069
0.000559031
0.000586325
0.000614334
0.000630508
0.000626156
0.000621754
0.000576346
0.000592054
0.000596653
0.000605531
0.000580594
0.000459667
0.000410236
0.000394281
0.000394634
0.000404148
0.000418203
0.000434941
0.000453194
0.000472994
0.00049469
0.000518563
0.000544638
0.000572872
0.000602884
0.000628318
0.000626442
0.000621493
0.000616615
0.000565553
0.000582777
0.000587993
0.000598368
0.000558191
0.000444805
0.000399905
0.000386679
0.00038923
0.000400549
0.000416156
0.000434364
0.000454162
0.000475807
0.000499813
0.000526419
0.000555401
0.000586454
0.000617163
0.000626645
0.000621147
0.000615612
0.000610266
0.000553673
0.000572801
0.000578423
0.000590465
0.00053586
0.000430211
0.000389724
0.000379104
0.000383807
0.000396912
0.000414081
0.000433805
0.000455218
0.000478782
0.000505116
0.000534305
0.00056581
0.000598736
0.000626142
0.000620824
0.000614624
0.000608509
0.0006027
0.000540613
0.000562097
0.000567864
0.000581743
0.000513662
0.000415884
0.000379675
0.000371557
0.000378364
0.000393233
0.000411974
0.000433247
0.000456312
0.000481799
0.000510363
0.000541851
0.000575442
0.000608705
0.000620471
0.000613764
0.000606876
0.000600187
0.000526302
0.000550646
0.000556252
0.000572125
0.000491918
0.000401837
0.00036975
0.000364041
0.0003729
0.000389509
0.000409825
0.000432661
0.000457371
0.000484713
0.000515307
0.000548728
0.0005838
0.000614912
0.000612963
0.000605478
0.000597911
0.000590654
0.000510705
0.000538434
0.000543542
0.000561546
0.000470793
0.000388078
0.000359946
0.000356559
0.000367411
0.000385734
0.000407622
0.000432011
0.000458313
0.000487374
0.000519736
0.000554718
0.000590313
0.000611824
0.000604219
0.00059598
0.000587745
0.000579926
0.000493829
0.000525449
0.000529711
0.00054995
0.000450374
0.00037462
0.000350261
0.000349111
0.000361897
0.000381903
0.000405344
0.00043125
0.00045905
0.000489646
0.000523502
0.000559737
0.000594637
0.000602665
0.000594261
0.000585291
0.000576401
0.000568032
0.000475723
0.000511687
0.000514759
0.000537297
0.000430724
0.000361475
0.000340697
0.0003417
0.000356354
0.000378008
0.000402973
0.000430334
0.000459503
0.000491422
0.000526513
0.000563597
0.000595905
0.000592266
0.000583115
0.000573441
0.000563911
0.000555005
0.000456485
0.000497144
0.000498713
0.000523564
0.000411884
0.000348654
0.000331257
0.000334325
0.00035078
0.000374043
0.00040049
0.000429222
0.000459603
0.00049263
0.000528705
0.000565834
0.000589059
0.000580662
0.000570813
0.000560464
0.000550316
0.000436254
0.000481825
0.000481625
0.000508747
0.000393871
0.000336167
0.000321943
0.000326989
0.000345176
0.000370004
0.000397879
0.000427877
0.000459302
0.000493232
0.000530038
0.000566062
0.000576947
0.000567889
0.000557395
0.000546407
0.000535667
0.000415205
0.000465734
0.000463572
0.000492865
0.000376688
0.000324023
0.00031276
0.000319692
0.000339541
0.000365887
0.000395125
0.000426273
0.000458566
0.000493205
0.000530399
0.000563918
0.000563623
0.00055399
0.000542907
0.000531322
0.000520022
0.000393541
0.000448885
0.000444653
0.000475959
0.000360323
0.000312229
0.000303709
0.000312438
0.00033388
0.000361693
0.000392222
0.000424391
0.000457377
0.000492517
0.000529381
0.000556507
0.000549141
0.000539015
0.000527404
0.00051527
0.000503446
0.000371477
0.000431297
0.000424985
0.000458091
0.000344758
0.00030079
0.000294798
0.000305229
0.000328196
0.000357423
0.000389165
0.000422218
0.000455723
0.000491103
0.000526536
0.000541351
0.000533557
0.000523019
0.000510946
0.000498318
0.000486014
0.000349235
0.000412999
0.000404701
0.000439348
0.000329968
0.00028971
0.000286029
0.000298072
0.000322497
0.000353087
0.000385953
0.000419749
0.000453585
0.000488764
0.000521543
0.000525044
0.000516932
0.000506064
0.000493602
0.000480541
0.000467805
0.000327024
0.000394029
0.000383942
0.000419832
0.000315927
0.000278993
0.000277411
0.000290971
0.000316792
0.000348691
0.00038259
0.000416986
0.000450901
0.000485103
0.000511764
0.000507663
0.000499333
0.000488219
0.000475445
0.000462019
0.000305036
0.00037444
0.000362855
0.000399666
0.000302604
0.000268642
0.000268948
0.000283934
0.000311094
0.000344248
0.000379089
0.000413919
0.000447535
0.000480037
0.000493592
0.000489289
0.000480834
0.00046956
0.000456555
0.000442836
0.000283439
0.000354303
0.000341586
0.00037898
0.000289974
0.000258659
0.000260651
0.000276972
0.000305416
0.000339768
0.000375454
0.00041043
0.000443281
0.000472359
0.000474402
0.000470005
0.000461516
0.000450167
0.000437016
0.000423081
0.000262367
0.000333699
0.000320277
0.000357914
0.000278002
0.000249046
0.000252526
0.000270094
0.000299773
0.000335273
0.000371628
0.00040637
0.000437975
0.000453789
0.0004543
0.000449904
0.000441463
0.000430123
0.000416914
0.000402844
0.000241922
0.000312725
0.00029906
0.00033661
0.000266662
0.000239804
0.000244584
0.000263311
0.000294181
0.000330789
0.000367508
0.000402111
0.000428022
0.000432953
0.000433393
0.000429082
0.000420764
0.000409518
0.000396337
0.000382216
0.000222175
0.00029149
0.000278055
0.000315207
0.000255936
0.000230936
0.000236833
0.000256636
0.000288667
0.000326225
0.000363304
0.000396416
0.000406613
0.000411347
0.000411795
0.000407638
0.000399514
0.000388441
0.000375378
0.000361292
0.000203167
0.000270117
0.000257372
0.000293838
0.000245802
0.000222438
0.000229282
0.000250083
0.000283244
0.000321379
0.000358715
0.00037709
0.000384502
0.000389104
0.000389624
0.000385677
0.000377809
0.000366987
0.000354128
0.000340162
0.000184919
0.000248738
0.000237102
0.000272624
0.000236127
0.000214309
0.000221947
0.000243676
0.000277814
0.000316895
0.00034574
0.000354741
0.000361838
0.000366359
0.000366997
0.000363305
0.000355749
0.00034525
0.000332678
0.00031892
0.000167434
0.000227492
0.000217328
0.000251676
0.000226798
0.000206564
0.000214856
0.000237406
0.000272257
0.000311907
0.000323527
0.000331949
0.000338774
0.000343249
0.000344034
0.000340629
0.000333433
0.000323324
0.000311119
0.000150704
0.000206525
0.000198118
0.000231089
0.000218396
0.000199198
0.000207979
0.000231155
0.000267224
0.000292525
0.000300979
0.000308875
0.000315459
0.000319907
0.000320854
0.000317759
0.000310963
0.000301305
0.000289541
0.000134723
0.000185983
0.000179531
0.000210943
0.000210182
0.000192069
0.000201183
0.000225003
0.000260053
0.000270636
0.000278263
0.00028568
0.000292041
0.000296465
0.000297576
0.000294804
0.000288443
0.000279286
0.000268032
0.000119487
0.00016601
0.000161616
0.000191299
0.000192602
0.000185107
0.000194729
0.000219392
0.000239284
0.000248664
0.000255547
0.000262521
0.000268661
0.000273052
0.000274319
0.000271876
0.000265973
0.000257363
0.00024668
0.000105001
0.00014674
0.000144416
0.000172215
0.000174863
0.000178823
0.000188954
0.000209767
0.000218493
0.000226777
0.000232994
0.000239543
0.000245456
0.000249794
0.000251199
0.000249083
0.000243656
0.000235628
0.000225568
9.12857e-05
0.0001283
0.000127968
0.000153754
0.000157588
0.000170527
0.0001786
0.000190343
0.000197846
0.000205142
0.000210755
0.00021689
0.000222558
0.000226814
0.000228335
0.000226535
0.000221592
0.000214172
0.000204781
7.8377e-05
0.000110804
0.000112309
0.000135985
0.000140832
0.000153068
0.000160694
0.0001711
0.000177509
0.000183916
0.000188974
0.000194692
0.000200092
0.000204234
0.000205839
0.00020434
0.000199882
0.000193087
0.0001844
6.63277e-05
9.4354e-05
9.74715e-05
0.000118979
0.00012465
0.000135977
0.000143083
0.000152201
0.000157642
0.000163243
0.000167783
0.000173079
0.000178181
0.00018217
0.000183825
0.000182604
0.000178625
0.000172464
0.000164506
5.52046e-05
7.9044e-05
8.34984e-05
0.00010281
0.000109098
0.000119373
0.000125909
0.000133804
0.000138391
0.000143257
0.000147307
0.000152169
0.000156943
0.000160739
0.000162406
0.000161437
0.000157923
0.000152394
0.00014518
4.50828e-05
6.49598e-05
7.04258e-05
8.75528e-05
9.42354e-05
0.000103375
0.000109307
0.000116057
0.000119893
0.000124083
0.000127664
0.00013208
0.000136493
0.000140053
0.000141693
0.000140944
0.000137874
0.000132969
0.000126505
3.60368e-05
5.21835e-05
5.82954e-05
7.32818e-05
8.01316e-05
8.81014e-05
9.34092e-05
9.90981e-05
0.000102273
0.000105838
0.000108968
0.000112924
0.000116943
0.000120227
0.0001218
0.000121236
0.000118585
0.000114285
0.000108568
2.81297e-05
4.07972e-05
4.71567e-05
6.00725e-05
6.68605e-05
7.36693e-05
7.83404e-05
8.30569e-05
8.56493e-05
8.86335e-05
9.13282e-05
9.48106e-05
9.84072e-05
0.000101376
0.000102841
0.000102426
0.000100162
9.6444e-05
2.13997e-05
3.08809e-05
3.70708e-05
4.80024e-05
5.45044e-05
6.01958e-05
6.42247e-05
6.80586e-05
7.0136e-05
7.25813e-05
7.48534e-05
7.78534e-05
8.10007e-05
8.36191e-05
8.494e-05
8.46354e-05
8.27247e-05
7.95564e-05
1.5845e-05
2.25051e-05
2.81146e-05
3.71527e-05
4.31566e-05
4.77999e-05
5.1187e-05
5.42271e-05
5.5848e-05
5.77938e-05
5.9657e-05
6.21698e-05
6.4847e-05
6.70863e-05
6.82285e-05
6.79973e-05
6.64024e-05
6.37483e-05
1.14118e-05
1.57083e-05
2.03797e-05
2.76101e-05
3.2924e-05
3.66051e-05
3.93573e-05
4.16901e-05
4.29059e-05
4.43917e-05
4.58614e-05
4.78889e-05
5.00831e-05
5.19219e-05
5.28571e-05
5.26644e-05
5.13478e-05
4.91687e-05
7.98813e-06
1.04631e-05
1.39649e-05
1.94748e-05
2.39304e-05
2.67434e-05
2.88763e-05
3.05853e-05
3.14426e-05
3.25104e-05
3.36064e-05
3.51593e-05
3.68677e-05
3.82952e-05
3.90037e-05
3.88197e-05
3.77459e-05
3.60016e-05
5.41369e-06
6.63929e-06
8.94195e-06
1.28412e-05
1.63148e-05
1.83557e-05
1.98981e-05
2.10654e-05
2.16101e-05
2.23072e-05
2.30567e-05
2.41583e-05
2.53927e-05
2.6413e-05
2.68877e-05
2.6692e-05
2.58313e-05
2.44838e-05
3.50842e-06
4.00073e-06
5.29754e-06
7.77131e-06
1.02158e-05
1.15826e-05
1.25854e-05
1.32957e-05
1.35787e-05
1.39634e-05
1.44066e-05
1.50991e-05
1.58927e-05
1.65315e-05
1.67846e-05
1.65725e-05
1.5906e-05
1.49232e-05
2.11304e-06
2.25832e-06
2.877e-06
4.23233e-06
5.72148e-06
6.52581e-06
7.0739e-06
7.42467e-06
7.51062e-06
7.65896e-06
7.85789e-06
8.21221e-06
8.6311e-06
8.94725e-06
9.02047e-06
8.81046e-06
8.3343e-06
7.69014e-06
1.12298e-06
1.15244e-06
1.40711e-06
2.03158e-06
2.77952e-06
3.16422e-06
3.38599e-06
3.49636e-06
3.46889e-06
3.47793e-06
3.52192e-06
3.64533e-06
3.7998e-06
3.89559e-06
3.86618e-06
3.7004e-06
3.41722e-06
3.07432e-06
4.87911e-07
4.9843e-07
5.94394e-07
8.33057e-07
1.12883e-06
1.26241e-06
1.31029e-06
1.30925e-06
1.25519e-06
1.22231e-06
1.20852e-06
1.22549e-06
1.2522e-06
1.25348e-06
1.20894e-06
1.12064e-06
1.00091e-06
8.74295e-07
1.58146e-07
1.66519e-07
2.00721e-07
2.74736e-07
3.62443e-07
3.90346e-07
3.84936e-07
3.65211e-07
3.33327e-07
3.11903e-07
2.98281e-07
2.93275e-07
2.90187e-07
2.79939e-07
2.59347e-07
2.30898e-07
1.98765e-07
1.69004e-07
3.43848e-08
3.7989e-08
4.78524e-08
6.5123e-08
8.30983e-08
8.47418e-08
7.80498e-08
6.92662e-08
5.95588e-08
5.32088e-08
4.89479e-08
4.63507e-08
4.40249e-08
4.05298e-08
3.57566e-08
3.03795e-08
2.51452e-08
2.08108e-08
4.18837e-09
4.85293e-09
6.5078e-09
8.96984e-09
1.10891e-08
1.05913e-08
9.00196e-09
7.39364e-09
5.94284e-09
5.04341e-09
4.44297e-09
4.02969e-09
3.64703e-09
3.17588e-09
2.64465e-09
2.12807e-09
1.68459e-09
1.35221e-09
1.84923e-10
2.22824e-10
3.18533e-10
4.48817e-10
5.40427e-10
4.82465e-10
3.7724e-10
2.85946e-10
2.14458e-10
1.72696e-10
1.45531e-10
1.26212e-10
1.0856e-10
8.91412e-11
6.98477e-11
5.31029e-11
4.01487e-11
3.1233e-11
9.54405e-13
1.17082e-12
1.72589e-12
2.46015e-12
2.92785e-12
2.52909e-12
1.89751e-12
1.38182e-12
1.00108e-12
7.85189e-13
6.47051e-13
5.48536e-13
4.5967e-13
3.66171e-13
2.77994e-13
2.05182e-13
1.51453e-13
1.15923e-13
)
;

boundaryField
{
    bottomWall
    {
        type            nutLowReWallFunction;
        Cmu             0.09;
        kappa           0.41;
        E               9.8;
        value           uniform 0;
    }
    defaultFaces
    {
        type            empty;
    }
    inlet
    {
        type            cyclic;
    }
    outlet
    {
        type            cyclic;
    }
    topWall
    {
        type            nutLowReWallFunction;
        Cmu             0.09;
        kappa           0.41;
        E               9.8;
        value           uniform 0;
    }
    procBoundary5to0throughoutlet
    {
        type            processorCyclic;
        value           nonuniform List<scalar> 
149
(
1.23513e-11
2.36722e-09
5.03513e-08
3.44799e-07
1.16617e-06
2.54907e-06
4.22288e-06
6.29197e-06
8.79097e-06
1.17236e-05
1.50459e-05
1.86368e-05
2.225e-05
2.6038e-05
2.99694e-05
3.40206e-05
3.81777e-05
4.24375e-05
4.68081e-05
5.13084e-05
5.59674e-05
6.08239e-05
6.59254e-05
7.13275e-05
7.70928e-05
8.32903e-05
8.99941e-05
9.72813e-05
0.00010523
0.000113918
0.000123415
0.000133786
0.000145083
0.000157342
0.000170585
0.000184813
0.00020001
0.00021614
0.00023315
0.00025097
0.000269516
0.000288692
0.000308393
0.000328506
0.000348914
0.000369498
0.000390137
0.000410711
0.000431106
0.000451209
0.000470914
0.000490122
0.000508741
0.000526689
0.000543889
0.000560278
0.000575799
0.000590404
0.000604056
0.000616726
0.000628396
0.000639054
0.000648702
0.000657347
0.000665008
0.000671714
0.000677502
0.000682417
0.000686509
0.000689834
0.000692449
0.00069441
0.000695772
0.000696583
0.000696887
0.00069672
0.000696115
0.000695096
0.000693687
0.000691909
0.00068978
0.000687319
0.000684545
0.000681476
0.000678127
0.000674512
0.000670643
0.000666528
0.000662173
0.00065758
0.000652747
0.000647671
0.00064234
0.00063674
0.000630844
0.000624615
0.000618003
0.000610942
0.000603349
0.000595126
0.000586164
0.000576346
0.000565553
0.000553673
0.000540613
0.000526302
0.000510705
0.000493829
0.000475723
0.000456485
0.000436254
0.000415205
0.000393541
0.000371477
0.000349235
0.000327024
0.000305036
0.000283439
0.000262367
0.000241922
0.000222175
0.000203167
0.000184919
0.000167434
0.000150704
0.000134723
0.000119487
0.000105001
9.12857e-05
7.8377e-05
6.63277e-05
5.52046e-05
4.50828e-05
3.60368e-05
2.81297e-05
2.13997e-05
1.5845e-05
1.14118e-05
7.98813e-06
5.41369e-06
3.50842e-06
2.11304e-06
1.12298e-06
4.87911e-07
1.58146e-07
3.43848e-08
4.18837e-09
1.84923e-10
9.54405e-13
)
;
    }
    procBoundary5to2
    {
        type            processor;
        value           nonuniform List<scalar> 8(3.01389e-05 3.44008e-05 3.93437e-05 4.51446e-05 5.16594e-05 5.76553e-05 6.4147e-05 7.12858e-05);
    }
    procBoundary5to3
    {
        type            processor;
        value           nonuniform List<scalar> 
159
(
7.87858e-05
7.87858e-05
8.7391e-05
9.68881e-05
0.00010736
0.000118882
0.000131524
0.000144486
0.000144486
0.000159425
0.000175588
0.000192969
0.000211534
0.000229904
0.000229904
0.000250552
0.000272139
0.000294537
0.000315895
0.000315895
0.00033939
0.000363218
0.000387197
0.000409165
0.000409165
0.000432854
0.000456141
0.000476775
0.000476775
0.000498743
0.000519806
0.000537797
0.000537797
0.00055669
0.00057429
0.000588696
0.000588696
0.000603543
0.00061685
0.000627155
0.000627155
0.000637398
0.000645975
0.000652008
0.000652008
0.000657391
0.000661043
0.000662788
0.000662788
0.000663169
0.000662169
0.000662169
0.000659279
0.000654654
0.000649302
0.000649302
0.00063587
0.000618991
0.000618991
0.000604812
0.00058942
0.00058942
0.000576853
0.000564473
0.000550931
0.000550931
0.000538895
0.000526761
0.000526761
0.000515643
0.000504935
0.000495585
0.000495585
0.000487004
0.000479902
0.000475838
0.000475838
0.000472065
0.000471382
0.000471382
0.000470722
0.000471539
0.000475264
0.000475264
0.000478792
0.000483363
0.000489556
0.000489556
0.000495149
0.000500842
0.000506852
0.000506852
0.000513229
0.000521569
0.000531269
0.000531269
0.000547764
0.000570792
0.000598152
0.000614724
0.000614724
0.000623661
0.000621381
0.000617958
0.000617459
0.000617459
0.000611954
0.000605244
0.000597324
0.00059392
0.00059392
0.000583936
0.000572769
0.000560446
0.000547008
0.000540892
0.000540892
0.000525747
0.000509632
0.000492619
0.000474785
0.000456215
0.000448905
0.000448905
0.000429403
0.000409392
0.000388965
0.00036822
0.000347252
0.000326154
0.000305021
0.000297653
0.000297653
0.00027645
0.000255395
0.000234571
0.000214056
0.000193926
0.000174257
0.00015512
0.000136587
0.000118731
0.000101628
9.14602e-05
9.14602e-05
7.52842e-05
6.01581e-05
4.62245e-05
3.36634e-05
2.27093e-05
1.36699e-05
6.91053e-06
2.69398e-06
7.47526e-07
1.41937e-07
1.72145e-08
1.1e-09
2.49743e-11
9.18655e-14
)
;
    }
    procBoundary5to4
    {
        type            processor;
        value           nonuniform List<scalar> 
13
(
1.01388e-11
2.23465e-09
6.29536e-08
5.44228e-07
2.03119e-06
4.41386e-06
7.08014e-06
1.00195e-05
1.31079e-05
1.62803e-05
1.95165e-05
2.28459e-05
2.63451e-05
)
;
    }
}


// ************************************************************************* //
