/*--------------------------------*- C++ -*----------------------------------*\
  =========                 |
  \\      /  F ield         | OpenFOAM: The Open Source CFD Toolbox
   \\    /   O peration     | Website:  https://openfoam.org
    \\  /    A nd           | Version:  7
     \\/     M anipulation  |
\*---------------------------------------------------------------------------*/
FoamFile
{
    version     2.0;
    format      ascii;
    class       volScalarField;
    location    "25000";
    object      omega_0;
}
// * * * * * * * * * * * * * * * * * * * * * * * * * * * * * * * * * * * * * //

dimensions      [0 0 -1 0 0 0 0];

internalField   nonuniform List<scalar> 
4902
(
100.009
100.012
100.003
99.995
99.9892
99.9845
99.9793
99.9765
99.9764
99.9765
99.9766
99.9845
100.001
100.015
100.025
100.033
100.038
100.042
100.047
100.046
100.041
100.035
100.028
100.016
99.9968
99.9802
99.9675
99.9601
99.9578
99.9556
99.9534
99.9513
99.9492
99.9471
99.9451
99.9473
99.9538
99.9604
99.9673
99.9805
100.002
100.02
100.035
100.043
100.046
100.048
100.05
100.052
100.054
16.934
16.9311
16.9088
16.8761
16.8334
16.7864
16.7374
16.6866
16.6356
16.5845
16.5336
16.4841
16.4365
16.3897
16.3436
16.2986
16.2547
16.2126
16.1721
16.1327
16.0944
16.0579
16.0232
15.9897
15.9573
15.9269
15.8989
15.8733
15.85
15.8285
15.8085
15.79
15.7731
15.7575
15.7433
15.731
15.7204
15.711
15.7027
15.6963
15.6918
15.688
15.6846
15.6814
15.6782
15.6759
15.6743
15.6735
15.6736
5.81073
5.80716
5.78772
5.76103
5.72618
5.68789
5.64814
5.60675
5.56509
5.52338
5.48191
5.44113
5.4014
5.36254
5.32469
5.28807
5.25265
5.21878
5.18635
5.15535
5.12569
5.09761
5.07111
5.04607
5.02239
5.00033
4.97986
4.961
4.94371
4.92778
4.91318
4.89984
4.88772
4.87676
4.86691
4.85823
4.85071
4.84415
4.83852
4.83392
4.83035
4.82754
4.8254
4.82386
4.82283
4.82249
4.82282
4.8238
4.82542
2.98117
2.97675
2.95922
2.93792
2.91026
2.88046
2.84977
2.8179
2.78601
2.75424
2.72283
2.692
2.66205
2.63296
2.60482
2.57782
2.55189
2.52727
2.50385
2.48171
2.46073
2.44103
2.4226
2.40541
2.38939
2.3746
2.36101
2.3486
2.33734
2.32713
2.31795
2.30975
2.30248
2.29612
2.29061
2.28595
2.28214
2.27907
2.27673
2.2751
2.27419
2.27389
2.27417
2.27499
2.27631
2.27816
2.28054
2.28342
2.28678
1.9177
1.91271
1.89571
1.87753
1.85379
1.82909
1.8039
1.77801
1.75243
1.72723
1.70258
1.67863
1.65562
1.63351
1.61236
1.59231
1.57325
1.55539
1.53855
1.52285
1.50816
1.49455
1.48198
1.47044
1.45987
1.45027
1.44161
1.43386
1.427
1.42096
1.4157
1.4112
1.40741
1.40432
1.40188
1.40007
1.39889
1.39827
1.3982
1.39864
1.39959
1.401
1.40285
1.40512
1.40776
1.41081
1.41426
1.41811
1.42235
1.37377
1.36857
1.35203
1.33604
1.31486
1.29373
1.27228
1.25062
1.22952
1.20903
1.18927
1.17033
1.15238
1.13538
1.11935
1.10438
1.09032
1.07737
1.06529
1.05423
1.04402
1.03474
1.02632
1.01875
1.01197
1.00598
1.00073
0.996188
0.992334
0.989119
0.986511
0.984484
0.983003
0.982045
0.981579
0.981584
0.98205
0.982924
0.984192
0.985827
0.987828
0.990147
0.99278
0.995706
0.998899
1.00238
1.00614
1.01018
1.01446
1.03561
1.03082
1.0153
1.00161
0.98295
0.965204
0.947129
0.929289
0.912108
0.895703
0.880066
0.865329
0.851534
0.838674
0.826716
0.815739
0.805564
0.796366
0.787906
0.780308
0.773412
0.767294
0.761864
0.757132
0.75302
0.749537
0.746624
0.744272
0.74244
0.741099
0.740219
0.739778
0.739746
0.740102
0.740818
0.741877
0.743262
0.744937
0.746889
0.749094
0.751547
0.754214
0.757092
0.760161
0.763401
0.76682
0.770399
0.774118
0.777947
0.803636
0.799858
0.785959
0.774885
0.758976
0.744698
0.729896
0.715735
0.702132
0.689423
0.677396
0.666272
0.655946
0.64649
0.637791
0.629956
0.62278
0.616447
0.6107
0.605678
0.601199
0.597355
0.59404
0.591281
0.588997
0.587204
0.58584
0.584906
0.584357
0.584179
0.584339
0.584823
0.585601
0.586659
0.58797
0.58952
0.591294
0.593263
0.595416
0.597732
0.600205
0.602808
0.605536
0.60837
0.611295
0.614304
0.617379
0.620499
0.623653
0.637455
0.634906
0.622985
0.614555
0.601403
0.590453
0.578624
0.56781
0.557281
0.547742
0.538685
0.530522
0.522939
0.51615
0.509927
0.504456
0.49948
0.495227
0.491417
0.488224
0.485436
0.48316
0.481277
0.479832
0.478739
0.478025
0.477625
0.47755
0.477753
0.47823
0.478947
0.479896
0.481049
0.482395
0.483911
0.485586
0.487404
0.489344
0.491394
0.493537
0.495764
0.498055
0.500403
0.50279
0.505203
0.507633
0.510064
0.512485
0.514895
0.516083
0.514722
0.504808
0.498791
0.488114
0.48011
0.47076
0.462785
0.454706
0.447721
0.440937
0.435033
0.42949
0.424679
0.420256
0.416493
0.413079
0.410285
0.407802
0.405847
0.404193
0.40295
0.401987
0.401372
0.401007
0.400934
0.401084
0.401477
0.402063
0.402848
0.403795
0.404904
0.406145
0.407514
0.408986
0.410556
0.412206
0.413921
0.415688
0.417494
0.419329
0.421176
0.423029
0.424871
0.426694
0.428488
0.430246
0.431959
0.433628
0.426314
0.425988
0.417852
0.413827
0.405211
0.39951
0.392117
0.386331
0.380108
0.375052
0.369944
0.365709
0.361644
0.35827
0.355131
0.352585
0.350269
0.348488
0.346914
0.345794
0.34486
0.344265
0.343859
0.343729
0.343769
0.344034
0.344448
0.345044
0.345764
0.346627
0.347589
0.34866
0.349806
0.35103
0.352304
0.353629
0.354984
0.356362
0.357747
0.359131
0.360502
0.361849
0.363165
0.364438
0.365661
0.366829
0.367937
0.368979
0.369958
0.358926
0.359237
0.352694
0.350063
0.343157
0.339126
0.333263
0.329093
0.324263
0.320629
0.316755
0.313752
0.310757
0.308423
0.306197
0.304513
0.302958
0.301878
0.300919
0.30032
0.299817
0.299597
0.299492
0.299609
0.29983
0.300226
0.300711
0.301331
0.302021
0.302811
0.303651
0.304559
0.305498
0.306477
0.307467
0.308472
0.30947
0.31046
0.311425
0.312361
0.313256
0.314104
0.314897
0.315629
0.316294
0.316889
0.317411
0.317858
0.318232
0.307246
0.307891
0.302742
0.301034
0.295541
0.292721
0.288058
0.285088
0.281307
0.278724
0.275758
0.273655
0.271427
0.26984
0.268251
0.267171
0.266134
0.265494
0.264892
0.264576
0.264302
0.264266
0.264284
0.264484
0.264735
0.265121
0.265549
0.266077
0.266631
0.267253
0.267888
0.268561
0.269232
0.269915
0.270581
0.271238
0.271863
0.272459
0.273008
0.273512
0.273959
0.274346
0.274668
0.27492
0.275099
0.275203
0.275232
0.275185
0.275063
0.266724
0.2676
0.263579
0.262524
0.258166
0.25622
0.252494
0.2504
0.247407
0.245591
0.243288
0.241831
0.240148
0.239085
0.237933
0.23723
0.236486
0.236076
0.235636
0.235452
0.235262
0.235276
0.235295
0.235465
0.235642
0.235927
0.236215
0.236576
0.236931
0.23733
0.237713
0.238115
0.238489
0.23886
0.239192
0.239501
0.239761
0.239982
0.240144
0.240254
0.240298
0.240281
0.240196
0.240043
0.239821
0.239529
0.239168
0.238739
0.238245
0.234334
0.235365
0.232235
0.231641
0.228179
0.226853
0.223854
0.222386
0.219984
0.218713
0.21689
0.215883
0.214578
0.213836
0.212926
0.212413
0.211786
0.211468
0.211071
0.210912
0.210704
0.210674
0.21061
0.210676
0.210714
0.21084
0.210938
0.211093
0.211215
0.211367
0.211482
0.211604
0.211682
0.211748
0.211764
0.211752
0.211684
0.211574
0.211402
0.21118
0.210894
0.210551
0.210146
0.209683
0.20916
0.208582
0.207948
0.207262
0.206528
0.207955
0.20908
0.206642
0.206366
0.203597
0.202701
0.200258
0.199225
0.197261
0.196361
0.19488
0.19414
0.193042
0.192453
0.19163
0.191184
0.190574
0.190261
0.189828
0.189621
0.189326
0.189194
0.188996
0.188915
0.188778
0.188719
0.188609
0.188547
0.188434
0.188344
0.188204
0.188067
0.187878
0.187676
0.18742
0.187139
0.186802
0.18643
0.186001
0.185532
0.185007
0.184437
0.183816
0.183153
0.182443
0.181696
0.180909
0.180092
0.179245
0.186073
0.187244
0.185333
0.185269
0.183024
0.182415
0.180387
0.179641
0.177998
0.17731
0.176019
0.175397
0.174368
0.173828
0.173009
0.172559
0.171906
0.171543
0.171027
0.170727
0.170309
0.170046
0.169692
0.169449
0.16913
0.168887
0.168578
0.168316
0.167993
0.167694
0.167338
0.166989
0.166585
0.166176
0.165713
0.165236
0.164708
0.164158
0.16356
0.162938
0.162273
0.161582
0.160853
0.160098
0.159312
0.158505
0.157675
0.156831
0.155975
0.167597
0.168776
0.167258
0.167324
0.165463
0.165032
0.163302
0.162721
0.16127
0.160668
0.159441
0.158852
0.157825
0.157278
0.156418
0.155926
0.155199
0.154759
0.154138
0.153731
0.153181
0.152787
0.152282
0.15189
0.151409
0.151007
0.15053
0.150106
0.149618
0.149163
0.148652
0.148156
0.147608
0.147065
0.146474
0.145881
0.145245
0.144602
0.143922
0.143233
0.142514
0.141789
0.141041
0.140281
0.139501
0.138715
0.137915
0.137115
0.13631
0.151732
0.152893
0.151658
0.151791
0.150201
0.149863
0.148327
0.147808
0.146434
0.145848
0.144635
0.144038
0.142983
0.142403
0.141487
0.140936
0.140131
0.139612
0.138891
0.138387
0.137723
0.137221
0.136595
0.136088
0.135483
0.134966
0.134369
0.133836
0.133237
0.132684
0.132079
0.131503
0.130878
0.130272
0.129623
0.128985
0.128312
0.127644
0.126947
0.126252
0.125534
0.124818
0.124083
0.123349
0.122602
0.121859
0.12111
0.120367
0.119624
0.137899
0.139021
0.137981
0.138137
0.13673
0.136422
0.134991
0.13447
0.133124
0.132532
0.131314
0.130698
0.129611
0.128995
0.128024
0.127423
0.126549
0.125968
0.125168
0.124597
0.123849
0.123276
0.122566
0.121989
0.121305
0.120721
0.120053
0.119461
0.1188
0.118197
0.117538
0.11692
0.116257
0.115622
0.114951
0.114301
0.113621
0.112955
0.112266
0.111587
0.110888
0.110195
0.109487
0.108788
0.108083
0.107387
0.106691
0.106005
0.105324
0.125673
0.126742
0.125832
0.125979
0.124691
0.124375
0.123005
0.122467
0.121135
0.120536
0.119311
0.118683
0.11757
0.116932
0.115921
0.115286
0.114361
0.113735
0.112879
0.112256
0.111453
0.110829
0.110066
0.109442
0.10871
0.108086
0.107378
0.106752
0.106059
0.105428
0.104743
0.104104
0.103426
0.102783
0.102109
0.101462
0.100791
0.10014
0.0994708
0.0988176
0.0981501
0.0974953
0.0968327
0.0961846
0.0955341
0.0948979
0.0942642
0.0936458
0.0930346
0.114744
0.115753
0.114922
0.115043
0.11383
0.113493
0.112171
0.111614
0.110311
0.109695
0.108478
0.107828
0.106706
0.106042
0.105009
0.104343
0.103386
0.102721
0.101831
0.101168
0.100331
0.0996702
0.0988771
0.0982215
0.0974642
0.0968147
0.0960872
0.0954437
0.0947392
0.0940999
0.093413
0.0927781
0.0921083
0.0914789
0.0908232
0.0901993
0.089556
0.0889379
0.0883057
0.087694
0.087073
0.0864699
0.0858635
0.0852747
0.0846868
0.0841161
0.0835504
0.0830025
0.104887
0.10583
0.105047
0.105132
0.103969
0.103607
0.102328
0.10175
0.100486
0.0998424
0.0986458
0.0979666
0.096849
0.0961541
0.095114
0.0944162
0.0934467
0.092754
0.0918502
0.091164
0.0903157
0.0896375
0.0888364
0.0881698
0.0874096
0.0867562
0.0860318
0.0853919
0.0846977
0.0840705
0.0834029
0.0827895
0.0821465
0.0815466
0.0809252
0.0803385
0.0797366
0.0791628
0.0785791
0.0780187
0.0774531
0.0769083
0.0763631
0.0758372
0.0753146
0.0748106
0.0743135
0.0738352
0.0959399
0.0968149
0.096059
0.0961055
0.0949806
0.0945958
0.0933522
0.0927595
0.0915284
0.0908634
0.0896894
0.0889885
0.0878839
0.0871685
0.0861352
0.0854199
0.0844552
0.0837503
0.0828516
0.0821595
0.0813188
0.0806412
0.0798516
0.0791919
0.078448
0.0778081
0.0771052
0.0764857
0.0758191
0.0752196
0.0745862
0.0740072
0.0734037
0.0728443
0.0722678
0.0717271
0.0711751
0.0706525
0.0701233
0.0696189
0.0691123
0.0686275
0.0681443
0.0676811
0.0672226
0.0667832
0.0663514
0.0659387
0.0877858
0.0885918
0.0878535
0.087863
0.0867705
0.0863674
0.0851592
0.0845572
0.0833588
0.0826817
0.0815356
0.0808239
0.0797423
0.0790193
0.0780064
0.0772882
0.0763441
0.0756421
0.0747654
0.0740828
0.0732664
0.0726046
0.0718426
0.0712046
0.070492
0.0698795
0.0692121
0.0686254
0.0679987
0.0674375
0.0668481
0.066312
0.0657561
0.0652436
0.0647181
0.0642279
0.0637297
0.0632609
0.0627882
0.0623405
0.0618925
0.0614662
0.0610429
0.0606392
0.060241
0.0598614
0.0594899
0.0591365
0.0803403
0.0810777
0.0803546
0.0803304
0.0792708
0.0788549
0.0776849
0.07708
0.0759184
0.0752395
0.0741287
0.0734182
0.0723703
0.0716529
0.0706731
0.0699659
0.0690562
0.0683708
0.0675298
0.0668696
0.0660911
0.0654573
0.0647354
0.0641302
0.0634602
0.0628847
0.0622625
0.0617168
0.0611379
0.0606212
0.0600817
0.0595929
0.0590887
0.0586259
0.0581534
0.0577149
0.0572711
0.0568555
0.0564382
0.0560447
0.0556525
0.0552811
0.0549133
0.0545642
0.054221
0.0538952
0.0535774
0.0532765
0.0735417
0.0742121
0.0735059
0.0734525
0.0724294
0.0720068
0.0708799
0.0702794
0.0691612
0.0684907
0.0674235
0.0667259
0.0657218
0.0650221
0.0640867
0.0634024
0.0625382
0.0618806
0.0610863
0.0604587
0.0597279
0.0591309
0.0584579
0.057893
0.0572729
0.0567407
0.0561693
0.0556693
0.055142
0.0546728
0.0541854
0.0537453
0.0532935
0.0528803
0.0524602
0.0520719
0.0516805
0.0513154
0.0509501
0.050607
0.0502661
0.0499444
0.0496269
0.0493265
0.0490321
0.0487536
0.0484827
0.0482271
0.0673431
0.0679488
0.0672639
0.0671862
0.0662049
0.0657816
0.064704
0.064115
0.0630478
0.0623949
0.0613797
0.060705
0.0597536
0.0590818
0.0581997
0.0575478
0.0567376
0.0561163
0.0553761
0.0547882
0.0541116
0.0535574
0.0529384
0.0524182
0.0518519
0.0513659
0.0508478
0.050395
0.0499203
0.0494987
0.0490631
0.0486707
0.0482697
0.0479039
0.0475338
0.0471925
0.0468498
0.0465311
0.0462133
0.0459156
0.0456208
0.0453433
0.0450701
0.0448124
0.0445605
0.0443227
0.0440921
0.0617066
0.0622508
0.0615924
0.0614953
0.0605615
0.0601432
0.0591213
0.0585506
0.0575415
0.056914
0.0559579
0.0553143
0.0544225
0.0537863
0.052964
0.0523514
0.0516006
0.0510213
0.0503397
0.0497959
0.0491769
0.0486683
0.0481055
0.0476318
0.0471202
0.046681
0.0462159
0.0458096
0.0453863
0.0450106
0.0446245
0.0442771
0.0439239
0.0436021
0.043278
0.0429796
0.0426811
0.042404
0.0421286
0.0418712
0.0416169
0.0413779
0.0411434
0.0409225
0.040707
0.0405041
0.0403076
0.0565991
0.0570858
0.0564587
0.0563472
0.0554661
0.0550581
0.0540975
0.0535507
0.0526055
0.0520095
0.051118
0.0505113
0.049684
0.0490886
0.0483299
0.0477608
0.0470723
0.046538
0.0459168
0.045419
0.0448583
0.0443961
0.0438892
0.0434617
0.0430035
0.0426096
0.0421956
0.0418335
0.0414587
0.0411259
0.0407859
0.0404799
0.0401704
0.0398886
0.039606
0.0393459
0.0390869
0.0388465
0.0386084
0.038386
0.0381669
0.0379613
0.03776
0.0375704
0.037386
0.0372124
0.0370447
0.0519895
0.0524231
0.0518315
0.0517101
0.0508859
0.0504926
0.0495975
0.0490791
0.0482018
0.0476415
0.0468179
0.0462519
0.0454915
0.0449399
0.0442463
0.0437226
0.0430969
0.0426087
0.0420474
0.0415955
0.0410917
0.0406748
0.0402218
0.0398385
0.0394311
0.03908
0.0387136
0.0383926
0.0380625
0.0377691
0.037471
0.0372025
0.0369323
0.0366861
0.0364403
0.0362141
0.0359896
0.0357812
0.0355756
0.0353834
0.0351948
0.0350176
0.0348446
0.0346817
0.0345235
0.0343747
0.0342311
0.0478469
0.048232
0.0476789
0.0475517
0.0467873
0.0464121
0.045585
0.045098
0.0442907
0.0437687
0.0430143
0.0424908
0.0417976
0.0412908
0.0406618
0.0401837
0.0396194
0.0391763
0.0386728
0.0382653
0.0378156
0.0374418
0.0370394
0.0366975
0.0363372
0.0360256
0.0357029
0.0354194
0.0351298
0.0348717
0.0346112
0.034376
0.0341407
0.0339259
0.0337125
0.0335158
0.0333214
0.0331408
0.0329631
0.032797
0.0326343
0.0324814
0.0323325
0.0321922
0.0320562
0.0319281
0.0318048
0.0441397
0.0444809
0.0439683
0.0438388
0.0431354
0.0427808
0.0420226
0.0415687
0.0408315
0.0403488
0.039663
0.0391822
0.0385549
0.0380923
0.0375257
0.0370919
0.0365861
0.0361864
0.0357373
0.0353717
0.0349724
0.0346387
0.0342829
0.0339791
0.0336617
0.033386
0.0331027
0.0328529
0.0325995
0.032373
0.0321457
0.0319401
0.0317354
0.0315481
0.0313629
0.0311919
0.0310235
0.0308668
0.0307133
0.0305694
0.0304289
0.0302968
0.0301683
0.0300471
0.0299298
0.0298193
0.0408357
0.0411374
0.040666
0.0405371
0.0398946
0.0395622
0.038872
0.0384518
0.0377832
0.0373396
0.0367202
0.0362812
0.0357169
0.0352968
0.0347894
0.0343976
0.0339467
0.0335876
0.0331889
0.0328621
0.032509
0.0322121
0.0318986
0.0316294
0.0313506
0.0311072
0.0308591
0.0306394
0.0304181
0.0302195
0.0300215
0.0298418
0.0296638
0.0295006
0.0293399
0.0291911
0.0290453
0.0289092
0.0287763
0.0286516
0.0285302
0.0284157
0.0283046
0.0281997
0.0280983
0.0280026
0.037902
0.0381683
0.037738
0.0376118
0.0370288
0.0367193
0.0360951
0.0357082
0.0351054
0.0346998
0.0341434
0.0337444
0.0332394
0.0328596
0.0324072
0.0320547
0.0316543
0.0313328
0.0309801
0.0306889
0.0303777
0.0301142
0.0298386
0.0296005
0.0293562
0.0291417
0.0289248
0.0287318
0.0285388
0.0283649
0.0281925
0.0280355
0.0278809
0.0277386
0.0275992
0.0274698
0.0273434
0.0272252
0.0271101
0.0270018
0.0268967
0.0267974
0.0267013
0.0266103
0.0265225
0.0264395
0.035306
0.0355406
0.0351504
0.0350287
0.0345027
0.0342162
0.0336546
0.0333
0.0327594
0.03239
0.0318926
0.0315312
0.0310813
0.0307389
0.0303371
0.0300209
0.0296665
0.0293794
0.0290684
0.0288094
0.0285358
0.0283024
0.0280607
0.0278506
0.0276368
0.0274481
0.0272588
0.0270894
0.0269213
0.0267691
0.0266192
0.0264821
0.0263479
0.0262239
0.026103
0.0259905
0.025881
0.0257783
0.0256786
0.0255847
0.0254936
0.0254075
0.0253242
0.0252453
0.0251693
0.0250972
0.0330156
0.0332221
0.0328703
0.0327542
0.032282
0.0320182
0.0315153
0.0311916
0.0307087
0.0303734
0.0299305
0.0296042
0.0292046
0.0288969
0.0285411
0.0282582
0.0279454
0.0276896
0.0274159
0.0271862
0.0269461
0.0267398
0.0265282
0.0263431
0.0261564
0.0259906
0.0258256
0.0256773
0.025531
0.0253981
0.0252679
0.0251484
0.025032
0.0249242
0.0248194
0.0247217
0.0246269
0.0245378
0.0244516
0.0243702
0.0242914
0.0242168
0.0241447
0.0240763
0.0240105
0.0310002
0.0311819
0.0308663
0.0307565
0.0303346
0.0300926
0.0296441
0.0293495
0.0289198
0.0286164
0.0282233
0.0279294
0.0275757
0.0272997
0.0269855
0.0267329
0.0264575
0.0262301
0.0259899
0.0257864
0.0255763
0.0253943
0.0252095
0.0250467
0.024884
0.0247387
0.0245952
0.0244656
0.0243386
0.0242228
0.02411
0.0240061
0.0239054
0.0238119
0.0237213
0.0236367
0.0235549
0.0234778
0.0234034
0.023333
0.0232651
0.0232006
0.0231385
0.0230794
0.0230226
0.0292312
0.0293909
0.0291091
0.029006
0.0286306
0.0284093
0.0280108
0.0277435
0.0273624
0.0270885
0.0267406
0.0264765
0.0261642
0.0259173
0.0256406
0.0254156
0.0251737
0.0249721
0.0247617
0.0245821
0.0243985
0.0242384
0.0240775
0.0239348
0.0237934
0.0236665
0.023542
0.0234291
0.0233193
0.0232187
0.0231213
0.0230314
0.0229446
0.0228638
0.0227859
0.022713
0.0226427
0.0225764
0.0225125
0.022452
0.0223937
0.0223384
0.022285
0.0222343
0.0221856
0.027682
0.0278221
0.0275716
0.0274755
0.0271426
0.0269411
0.026588
0.0263462
0.0260091
0.0257626
0.0254556
0.025219
0.0249439
0.0247237
0.0244806
0.0242807
0.0240689
0.0238906
0.0237069
0.0235488
0.023389
0.0232488
0.023109
0.0229845
0.022862
0.0227517
0.0226443
0.0225465
0.0224519
0.0223652
0.0222815
0.0222042
0.0221299
0.0220606
0.0219941
0.0219317
0.0218717
0.0218151
0.0217608
0.0217092
0.0216597
0.0216125
0.0215672
0.0215241
0.0214827
0.0263283
0.0264512
0.0262295
0.0261403
0.0258462
0.0256632
0.0253514
0.0251334
0.0248361
0.0246149
0.0243448
0.0241334
0.0238919
0.023696
0.0234831
0.0233063
0.0231213
0.0229644
0.0228046
0.0226662
0.0225276
0.0224054
0.0222847
0.0221766
0.0220712
0.021976
0.0218838
0.0217998
0.021719
0.0216447
0.0215736
0.0215077
0.0214446
0.0213859
0.0213296
0.0212769
0.0212263
0.0211787
0.0211329
0.0210896
0.021048
0.0210085
0.0209706
0.0209344
0.0251486
0.0252562
0.0250607
0.0249785
0.0247195
0.0245541
0.0242796
0.0240837
0.0238224
0.0236246
0.0233877
0.0231996
0.0229883
0.0228149
0.0226292
0.0224734
0.0223127
0.0221754
0.0220371
0.0219166
0.0217972
0.0216914
0.0215879
0.021495
0.021405
0.0213236
0.0212453
0.0211739
0.0211056
0.0210429
0.0209831
0.0209277
0.020875
0.0208259
0.0207791
0.0207353
0.0206934
0.020654
0.0206163
0.0205806
0.0205465
0.020514
0.020483
0.0204534
0.0241235
0.0242175
0.0240459
0.0239706
0.0237434
0.0235945
0.0233538
0.0231785
0.0229497
0.0227737
0.0225667
0.0224003
0.0222161
0.0220635
0.0219024
0.0217661
0.0216273
0.021508
0.0213892
0.0212853
0.0211834
0.0210928
0.0210049
0.0209259
0.0208501
0.0207813
0.0207158
0.0206561
0.0205993
0.0205473
0.020498
0.0204524
0.0204093
0.0203692
0.0203312
0.0202957
0.020262
0.0202303
0.0202002
0.0201717
0.0201446
0.0201188
0.0200943
0.0200709
0.0232361
0.0233179
0.0231681
0.0230995
0.0229012
0.0227678
0.0225577
0.0224017
0.0222022
0.0220466
0.0218667
0.0217204
0.021561
0.0214277
0.0212889
0.0211708
0.0210519
0.0209494
0.0208484
0.0207599
0.0206739
0.0205975
0.020524
0.020458
0.0203952
0.0203383
0.0202846
0.0202358
0.0201898
0.0201478
0.0201082
0.0200719
0.0200378
0.0200063
0.0199766
0.019949
0.019923
0.0198986
0.0198756
0.019854
0.0198336
0.0198143
0.019796
0.0224713
0.0225423
0.0224123
0.0223503
0.0221781
0.0220595
0.0218771
0.0217393
0.0215666
0.02143
0.0212748
0.0211474
0.0210106
0.0208954
0.020777
0.0206759
0.0205754
0.0204885
0.020404
0.0203299
0.0202587
0.0201955
0.0201354
0.0200816
0.0200309
0.0199854
0.0199427
0.0199042
0.0198683
0.0198358
0.0198055
0.019778
0.0197524
0.019729
0.0197072
0.0196872
0.0196686
0.0196514
0.0196353
0.0196203
0.0196063
0.0195933
0.019581
0.0218164
0.0218776
0.0217656
0.0217101
0.0215617
0.0214572
0.0213
0.0211795
0.0210311
0.0209126
0.02078
0.0206704
0.0205543
0.0204563
0.0203567
0.0202717
0.0201882
0.0201162
0.020047
0.0199865
0.0199292
0.0198786
0.019831
0.0197888
0.0197496
0.0197147
0.0196826
0.0196539
0.0196276
0.0196042
0.0195828
0.0195638
0.0195464
0.0195308
0.0195167
0.0195041
0.0194926
0.0194823
0.0194729
0.0194644
0.0194568
0.0194499
0.0194436
0.0212599
0.0213124
0.0212169
0.0211678
0.0210411
0.02095
0.020816
0.0207119
0.020586
0.0204847
0.020373
0.0202803
0.0201835
0.0201017
0.0200198
0.0199501
0.0198826
0.0198248
0.0197699
0.0197225
0.0196782
0.0196397
0.0196041
0.019573
0.0195447
0.0195201
0.019498
0.0194789
0.0194619
0.0194473
0.0194345
0.0194236
0.0194142
0.0194063
0.0193997
0.0193942
0.0193897
0.0193862
0.0193834
0.0193814
0.01938
0.0193792
0.0207924
0.0208369
0.0207565
0.0207138
0.020607
0.0205289
0.0204162
0.020328
0.0202228
0.020138
0.0200458
0.0199694
0.0198907
0.0198245
0.0197593
0.0197043
0.0196519
0.0196077
0.0195666
0.0195317
0.0194999
0.019473
0.0194489
0.0194286
0.0194109
0.0193963
0.019384
0.0193741
0.0193661
0.0193601
0.0193557
0.0193529
0.0193513
0.0193509
0.0193516
0.0193533
0.0193557
0.0193589
0.0193627
0.0193671
0.019372
0.0193773
0.0204054
0.0204426
0.0203762
0.0203398
0.0202514
0.020186
0.0200931
0.0200201
0.0199345
0.0198656
0.0197917
0.0197311
0.0196695
0.0196186
0.0195692
0.0195285
0.0194906
0.0194597
0.0194318
0.0194092
0.0193895
0.019374
0.019361
0.0193513
0.0193439
0.0193391
0.0193363
0.0193355
0.0193364
0.0193389
0.0193427
0.0193479
0.019354
0.0193612
0.0193691
0.0193779
0.0193872
0.0193971
0.0194075
0.0194183
0.0194295
0.0194409
0.0200919
0.0201223
0.0200689
0.0200388
0.0199676
0.0199145
0.0198402
0.0197822
0.0197149
0.0196616
0.0196052
0.0195599
0.0195148
0.0194787
0.0194446
0.019418
0.0193942
0.0193763
0.0193613
0.0193508
0.019343
0.0193386
0.0193366
0.0193373
0.0193401
0.019345
0.0193516
0.0193599
0.0193696
0.0193806
0.0193926
0.0194057
0.0194195
0.0194342
0.0194494
0.0194652
0.0194815
0.0194982
0.0195152
0.0195325
0.01955
0.0198457
0.0198698
0.0198286
0.0198049
0.0197497
0.0197087
0.0196522
0.0196088
0.0195591
0.019521
0.0194815
0.0194513
0.0194222
0.0194007
0.0193817
0.0193689
0.019359
0.019354
0.0193517
0.0193532
0.0193571
0.0193639
0.0193728
0.0193839
0.0193968
0.0194115
0.0194275
0.0194449
0.0194633
0.0194828
0.0195031
0.0195241
0.0195457
0.0195678
0.0195904
0.0196134
0.0196366
0.0196602
0.0196839
0.0197078
0.0197317
0.0196617
0.0196799
0.0196502
0.0196328
0.019593
0.019564
0.0195243
0.0194954
0.0194628
0.0194398
0.0194166
0.0194015
0.019388
0.0193812
0.0193769
0.0193781
0.0193819
0.0193899
0.0194003
0.0194138
0.0194294
0.0194475
0.0194673
0.0194889
0.019512
0.0195365
0.019562
0.0195886
0.0196159
0.0196439
0.0196725
0.0197016
0.019731
0.0197607
0.0197907
0.0198209
0.0198513
0.0198817
0.0199123
0.0199428
0.0199734
0.0195355
0.0195481
0.0195294
0.0195184
0.0194931
0.0194761
0.0194529
0.0194384
0.0194223
0.0194144
0.0194073
0.0194072
0.0194093
0.0194171
0.0194277
0.0194428
0.0194605
0.0194816
0.0195048
0.0195306
0.0195581
0.0195875
0.0196184
0.0196508
0.0196843
0.0197188
0.019754
0.0197899
0.0198262
0.019863
0.0199
0.0199372
0.0199746
0.0200121
0.0200496
0.0200872
0.0201247
0.0201623
0.0201997
0.0202371
0.0194635
0.0194707
0.0194624
0.019458
0.0194469
0.0194419
0.0194346
0.0194345
0.0194348
0.019442
0.019451
0.019466
0.0194836
0.0195064
0.0195318
0.0195613
0.0195929
0.0196274
0.0196637
0.019702
0.0197416
0.0197828
0.0198251
0.0198685
0.0199127
0.0199575
0.0200026
0.0200481
0.0200938
0.0201395
0.0201852
0.0202309
0.0202764
0.0203218
0.0203671
0.0204121
0.020457
0.0205018
0.0205463
0.0205906
0.0194427
0.0194446
0.0194465
0.0194486
0.0194513
0.0194584
0.0194668
0.0194814
0.019498
0.0195205
0.0195454
0.0195758
0.0196091
0.0196471
0.0196877
0.0197317
0.0197778
0.0198261
0.0198758
0.019927
0.0199793
0.0200326
0.0200868
0.0201416
0.0201969
0.0202524
0.0203079
0.0203634
0.0204187
0.0204738
0.0205285
0.0205828
0.0206368
0.0206904
0.0207436
0.0207964
0.0208489
0.020901
0.0209527
0.0210042
0.0194706
0.0194672
0.019479
0.0194879
0.0195041
0.0195235
0.0195476
0.019577
0.0196099
0.0196479
0.0196891
0.0197351
0.0197844
0.0198379
0.0198941
0.0199532
0.0200141
0.0200767
0.0201404
0.0202051
0.0202705
0.0203366
0.0204032
0.0204701
0.0205371
0.0206039
0.0206704
0.0207364
0.0208018
0.0208667
0.0209308
0.0209943
0.0210571
0.0211192
0.0211806
0.0212415
0.0213017
0.0213615
0.0214207
0.0195452
0.0195366
0.0195582
0.019574
0.0196037
0.0196356
0.0196754
0.0197199
0.0197692
0.0198232
0.0198808
0.0199429
0.0200085
0.020078
0.0201502
0.020225
0.0203013
0.0203788
0.0204571
0.020536
0.0206153
0.0206949
0.0207747
0.0208545
0.0209339
0.0210128
0.0210909
0.0211681
0.0212444
0.0213197
0.0213939
0.021467
0.0215391
0.0216102
0.0216804
0.0217496
0.0218181
0.0218857
0.0219527
0.0196653
0.0196511
0.0196825
0.0197054
0.0197486
0.0197934
0.0198491
0.0199092
0.0199752
0.0200455
0.0201199
0.0201986
0.0202809
0.020367
0.0204558
0.0205469
0.0206392
0.0207324
0.0208261
0.02092
0.021014
0.021108
0.021202
0.0212955
0.0213884
0.0214803
0.0215711
0.0216605
0.0217485
0.0218351
0.0219201
0.0220037
0.0220858
0.0221666
0.022246
0.0223242
0.0224013
0.0224773
0.0225524
0.0198296
0.0198099
0.0198511
0.0198812
0.0199381
0.0199962
0.0200682
0.0201443
0.0202276
0.0203148
0.0204065
0.0205023
0.0206019
0.0207052
0.0208113
0.0209193
0.0210284
0.0211379
0.0212478
0.0213576
0.0214673
0.0215768
0.021686
0.0217945
0.0219021
0.0220083
0.0221129
0.0222157
0.0223166
0.0224157
0.0225127
0.0226077
0.0227008
0.0227922
0.0228817
0.0229697
0.0230561
0.0231412
0.0200376
0.020012
0.0200632
0.0201009
0.0201718
0.0202437
0.0203326
0.0204255
0.0205266
0.0206315
0.0207412
0.0208548
0.0209724
0.0210936
0.0212176
0.0213434
0.0214701
0.0215965
0.0217235
0.0218502
0.0219766
0.0221027
0.0222284
0.0223532
0.0224769
0.0225989
0.022719
0.0228367
0.022952
0.023065
0.0231754
0.0232834
0.0233888
0.0234919
0.0235928
0.0236916
0.0237885
0.0238835
0.0202891
0.0202573
0.0203187
0.0203645
0.0204499
0.0205364
0.0206427
0.0207534
0.0208734
0.0209968
0.0211255
0.0212579
0.0213944
0.0215343
0.0216769
0.0218212
0.0219669
0.0221128
0.0222586
0.0224038
0.0225483
0.0226921
0.0228352
0.0229772
0.0231176
0.0232563
0.0233927
0.0235268
0.0236584
0.0237872
0.023913
0.0240357
0.0241552
0.0242719
0.0243858
0.0244969
0.0246057
0.020584
0.0205457
0.0206178
0.020672
0.0207727
0.0208747
0.0209997
0.0211293
0.0212693
0.0214128
0.0215618
0.0217145
0.0218712
0.022031
0.0221955
0.0223627
0.0225311
0.0226998
0.0228669
0.0230325
0.0231965
0.0233591
0.0235203
0.0236799
0.0238375
0.0239929
0.024146
0.0242967
0.0244448
0.0245898
0.0247318
0.0248707
0.0250064
0.025139
0.0252682
0.0253937
0.0255165
0.0209227
0.0208776
0.020961
0.0210243
0.0211411
0.0212597
0.0214047
0.0215549
0.0217167
0.0218822
0.0220536
0.0222287
0.0224078
0.0225951
0.0227885
0.0229846
0.0231799
0.0233733
0.0235635
0.0237511
0.023936
0.0241187
0.0242992
0.0244776
0.0246534
0.0248264
0.0249966
0.0251637
0.0253277
0.0254885
0.0256462
0.0258011
0.0259533
0.0261023
0.0262481
0.0263907
0.02653
0.0213057
0.0212535
0.0213489
0.0214221
0.0215561
0.0216929
0.0218596
0.0220323
0.0222182
0.0224082
0.022605
0.022806
0.0230188
0.0232435
0.0234715
0.0236995
0.0239242
0.0241447
0.0243604
0.024572
0.0247795
0.0249837
0.0251849
0.0253831
0.0255781
0.0257696
0.0259574
0.0261414
0.0263218
0.0264986
0.0266719
0.026842
0.027009
0.027173
0.0273344
0.0274934
0.0217338
0.0216742
0.0217824
0.0218664
0.0220192
0.0221757
0.0223661
0.0225638
0.0227766
0.0229946
0.0232208
0.0234607
0.0237201
0.023986
0.0242519
0.024515
0.0247718
0.0250221
0.0252652
0.025502
0.0257327
0.0259587
0.0261805
0.0263984
0.0266121
0.0268215
0.0270265
0.0272271
0.0274234
0.0276157
0.027804
0.0279886
0.0281697
0.0283477
0.0285232
0.0286961
0.0222075
0.0221403
0.0222624
0.0223584
0.0225315
0.0227098
0.0229263
0.0231517
0.0233946
0.0236446
0.0239112
0.0242053
0.0245124
0.024821
0.0251266
0.0254267
0.0257167
0.0259972
0.0262672
0.0265285
0.0267812
0.0270274
0.0272681
0.0275039
0.0277351
0.0279611
0.0281821
0.0283982
0.0286096
0.0288167
0.0290194
0.0292181
0.0294131
0.0296048
0.0297941
0.0227278
0.0226528
0.02279
0.0228992
0.0230944
0.0232965
0.0235417
0.0237976
0.0240739
0.0243606
0.0246827
0.0250288
0.0253799
0.0257309
0.0260755
0.0264122
0.026735
0.0270452
0.0273413
0.0276263
0.0279003
0.0281658
0.0284243
0.028677
0.0289245
0.0291665
0.0294029
0.0296339
0.0298601
0.0300817
0.0302988
0.0305117
0.0307206
0.0309259
0.0311294
0.0232952
0.0232123
0.023366
0.0234897
0.023709
0.0239372
0.0242135
0.0245026
0.0248143
0.0251481
0.0255244
0.0259086
0.0262961
0.0266865
0.0270717
0.0274481
0.0278045
0.0281458
0.0284693
0.0287792
0.0290752
0.0293601
0.0296361
0.029905
0.0301685
0.0304259
0.0306775
0.0309231
0.0311635
0.0313994
0.0316309
0.0318582
0.0320814
0.0323006
0.0239103
0.0238194
0.0239912
0.0241307
0.0243761
0.0246326
0.0249425
0.0252674
0.0256168
0.0260083
0.0264244
0.0268381
0.0272566
0.0276792
0.0281001
0.0285123
0.0289094
0.0292873
0.0296402
0.0299773
0.0302969
0.0306024
0.030896
0.0311806
0.0314595
0.031732
0.0319985
0.0322584
0.032513
0.0327633
0.0330094
0.0332515
0.0334893
0.0337207
0.0245735
0.0244747
0.0246658
0.0248227
0.0250963
0.0253831
0.0257289
0.0260919
0.0264871
0.0269318
0.0273784
0.0278226
0.0282723
0.0287229
0.0291717
0.0296093
0.0300407
0.0304516
0.030842
0.0312118
0.031559
0.0318869
0.0321991
0.0324987
0.0327927
0.0330803
0.0333616
0.0336349
0.0339017
0.0341647
0.0344241
0.0346803
0.0349337
0.0351844
0.025285
0.0251782
0.0253903
0.0255661
0.0258697
0.0261889
0.0265722
0.0269722
0.0274259
0.0279097
0.0283852
0.0288616
0.0293426
0.0298217
0.0302986
0.0307621
0.0312149
0.0316493
0.0320719
0.0324725
0.0328514
0.0332085
0.0335423
0.0338566
0.0341633
0.0344638
0.0347592
0.0350492
0.0353347
0.0356166
0.0358953
0.0361715
0.0364464
0.0260446
0.0259298
0.0261646
0.0263606
0.0266963
0.0270499
0.0274728
0.0279115
0.028425
0.0289382
0.0294457
0.0299561
0.0304683
0.0309762
0.0314798
0.0319726
0.0324501
0.0329076
0.0333503
0.0337731
0.0341781
0.0345615
0.0349194
0.0352489
0.0355762
0.0358973
0.0362146
0.0365298
0.0368432
0.0371525
0.0374588
0.0377627
0.0380651
0.0268519
0.0267294
0.0269884
0.027206
0.0275756
0.0279653
0.0284306
0.0289149
0.0294768
0.0300178
0.0305618
0.0311068
0.0316506
0.0321886
0.03272
0.0332404
0.0337431
0.0342272
0.0346923
0.0351379
0.0355635
0.0359663
0.0363474
0.0367003
0.0370593
0.0374116
0.0377603
0.0381054
0.0384469
0.0387843
0.0391186
0.0394506
0.0277064
0.0275763
0.027861
0.0281016
0.0285067
0.0289341
0.0294427
0.0299774
0.0305786
0.0311518
0.0317354
0.0323151
0.0328915
0.033461
0.0340209
0.0345672
0.0350964
0.0356088
0.0360999
0.0365691
0.0370198
0.0374472
0.0378517
0.0382395
0.0386308
0.0390149
0.039395
0.0397707
0.0401423
0.0405097
0.0408739
0.0412357
0.0286072
0.0284698
0.0287817
0.0290467
0.0294888
0.0299545
0.0305041
0.0310954
0.0317314
0.0323432
0.0329679
0.0335833
0.0341942
0.0347963
0.0353858
0.03596
0.0365163
0.0370542
0.0375739
0.0380714
0.0385492
0.0390043
0.0394354
0.0398619
0.0402867
0.0407049
0.0411182
0.0415264
0.0419297
0.0423288
0.0427245
0.0431177
0.0295531
0.0294089
0.0297497
0.0300405
0.0305212
0.0310266
0.0316178
0.0322673
0.0329381
0.0335945
0.0342608
0.0349136
0.035561
0.036197
0.0368187
0.0374218
0.0380061
0.0385703
0.0391155
0.0396431
0.0401498
0.0406367
0.0411006
0.0415666
0.042027
0.0424817
0.04293
0.0433726
0.0438097
0.0442422
0.044671
0.0305427
0.0303923
0.0307639
0.0310821
0.0316036
0.0321514
0.0327896
0.0334921
0.034202
0.0349072
0.0356154
0.036308
0.036994
0.0376657
0.0383216
0.0389566
0.0395701
0.0401605
0.0407323
0.041286
0.0418228
0.0423458
0.0428466
0.043354
0.0438522
0.0443456
0.0448309
0.0453096
0.0457822
0.0462495
0.0467128
0.0315742
0.0314186
0.0318228
0.0321704
0.0327352
0.0333282
0.0340169
0.0347703
0.0355252
0.0362815
0.0370328
0.0377678
0.0384941
0.0392041
0.0398961
0.0405652
0.0412096
0.0418296
0.0424274
0.0430084
0.0435748
0.0441305
0.0446739
0.045224
0.0457629
0.0463002
0.0468268
0.0473457
0.047857
0.0483622
0.0488623
0.0326454
0.032486
0.032925
0.0333042
0.0339149
0.0345558
0.0352973
0.0361026
0.0369082
0.0377168
0.0385126
0.039292
0.0400601
0.0408105
0.0415413
0.0422469
0.0429257
0.0435797
0.0442085
0.0448171
0.045412
0.0459982
0.0465908
0.0471892
0.0477707
0.0483446
0.0489071
0.0494607
0.0500061
0.0505449
0.0337537
0.0335923
0.0340683
0.0344816
0.0351408
0.0358325
0.0366292
0.0374893
0.03835
0.039211
0.0400523
0.0408767
0.0416866
0.0424777
0.0432478
0.0439914
0.0447068
0.0453948
0.0460584
0.0466998
0.0473266
0.0479478
0.0485763
0.0492097
0.0498202
0.050416
0.0510019
0.0515793
0.0521494
0.0527137
0.0348961
0.0347349
0.0352502
0.0357001
0.0364106
0.0371562
0.0380111
0.0389292
0.0398471
0.0407598
0.0416466
0.0425145
0.043364
0.044193
0.0449986
0.0457756
0.0465221
0.0472386
0.047929
0.0485989
0.0492537
0.0499035
0.0505508
0.0511965
0.0518215
0.0524361
0.0530416
0.0536397
0.0542317
0.036069
0.0359106
0.0364676
0.0369568
0.0377215
0.0385238
0.0394402
0.0404187
0.0413942
0.0423564
0.0432864
0.0441937
0.0450777
0.0459382
0.0467717
0.0475732
0.0483404
0.0490742
0.0497793
0.0504621
0.0511301
0.0517914
0.0524527
0.0531051
0.0537415
0.0543696
0.0549899
0.0556042
0.0562142
0.0372687
0.0371158
0.0377171
0.038248
0.0390695
0.0399312
0.0409127
0.0419523
0.0429834
0.0439911
0.0449594
0.0458989
0.046809
0.0476911
0.0485414
0.049355
0.0501302
0.0508677
0.0515737
0.0522558
0.0529232
0.0535821
0.0542505
0.0549031
0.0555447
0.0561795
0.0568083
0.0574333
0.0580562
0.0384909
0.0383464
0.0389944
0.0395696
0.0404499
0.0413728
0.0424231
0.043522
0.0446048
0.0456515
0.04665
0.0476113
0.0485359
0.0494266
0.0502793
0.0510903
0.0518583
0.0525852
0.0532777
0.0539452
0.0545984
0.0552484
0.0559115
0.0565565
0.0571953
0.0578288
0.0584591
0.0590882
0.0397312
0.0395979
0.040295
0.0409165
0.0418573
0.0428409
0.0439646
0.0451182
0.0462461
0.0473225
0.04834
0.0493098
0.0502343
0.0511175
0.0519562
0.052748
0.0534925
0.0541934
0.0548588
0.0554987
0.0561257
0.0567578
0.0574035
0.0580321
0.0586585
0.0592822
0.0599061
0.0605321
0.0409849
0.0408655
0.041614
0.0422836
0.0432859
0.0443288
0.0455285
0.0467295
0.0478934
0.0489872
0.0500095
0.0509716
0.0518789
0.0527367
0.0535432
0.0542981
0.0550025
0.0556618
0.056286
0.0568865
0.0574787
0.0580804
0.0586965
0.0592989
0.0599032
0.0605082
0.0611175
0.0617329
0.0422475
0.042144
0.042946
0.0436652
0.0447298
0.0458319
0.0471044
0.0483432
0.0495315
0.0506275
0.0516378
0.0525739
0.0534449
0.0542577
0.0550129
0.0557126
0.0563604
0.0569635
0.0575333
0.0580829
0.0586291
0.0591898
0.0597644
0.0603304
0.0609027
0.0614802
0.062067
0.0435145
0.0434283
0.0442857
0.0450556
0.0461829
0.0473437
0.0486806
0.0499462
0.0511445
0.052225
0.0532043
0.0540944
0.0549088
0.0556562
0.0563406
0.0569672
0.0575422
0.0580751
0.0585785
0.0590666
0.0595559
0.060064
0.0605858
0.0611055
0.0616365
0.0621784
0.062735
0.0447815
0.0447135
0.0456276
0.0464486
0.0476379
0.0488542
0.050246
0.0515253
0.0527163
0.0537617
0.0546896
0.0555125
0.0562494
0.0569111
0.0575057
0.0580417
0.0585285
0.058978
0.0594037
0.05982
0.0602423
0.0606864
0.0611451
0.0616094
0.0620908
0.0625898
0.0631096
0.0460445
0.045995
0.0469663
0.0478382
0.0490878
0.0503538
0.0517895
0.0530672
0.0542316
0.0552208
0.0560757
0.0568101
0.0574488
0.0580053
0.058492
0.0589212
0.0593057
0.0596595
0.0599966
0.0603309
0.0606768
0.0610466
0.0614334
0.0618345
0.0622594
0.0627091
0.0472997
0.0472685
0.0482967
0.0492187
0.0505257
0.0518341
0.0533011
0.0545595
0.0556762
0.0565871
0.0573474
0.0579723
0.0584931
0.0589261
0.0592886
0.0595965
0.059866
0.0601128
0.0603512
0.0605943
0.0608544
0.0611411
0.0614491
0.0617807
0.0621438
0.0625399
0.0485439
0.0485311
0.0496146
0.0505848
0.0519455
0.0532876
0.0547713
0.0559907
0.0570373
0.0578477
0.0584921
0.0589877
0.0593725
0.0596656
0.0598895
0.0600637
0.0602073
0.0603371
0.0604678
0.0606112
0.0607777
0.0609742
0.061199
0.0614574
0.061756
0.0620966
0.0497747
0.0497803
0.0509162
0.0519322
0.053342
0.0547081
0.0561916
0.0573507
0.0583044
0.0589924
0.0595007
0.0598487
0.0600814
0.0602208
0.060294
0.060324
0.0603324
0.0603372
0.0603526
0.0603895
0.0604566
0.0605596
0.0607003
0.0608859
0.0611219
0.0509905
0.0510151
0.0521991
0.0532573
0.0547108
0.0560904
0.0575547
0.058631
0.0594693
0.0600139
0.0603673
0.0605517
0.0606186
0.0605927
0.0605055
0.0603831
0.0602493
0.060123
0.0600181
0.0599448
0.059911
0.0599225
0.0599842
0.060104
0.0602863
0.0521908
0.0522355
0.0534621
0.0545578
0.0560489
0.0574307
0.0588546
0.0598253
0.060526
0.0609076
0.0610894
0.0610964
0.0609865
0.0607864
0.0605316
0.0602509
0.0599706
0.0597103
0.059484
0.059302
0.0591724
0.059102
0.0590981
0.0591681
0.0593142
0.0533772
0.0534431
0.0547056
0.0558325
0.057354
0.0587266
0.0600871
0.0609292
0.0614713
0.061672
0.0616678
0.0614864
0.0611912
0.0608107
0.0603837
0.0599418
0.0595139
0.0591211
0.0587781
0.0584962
0.0582844
0.0581511
0.0581045
0.0581488
0.0582822
0.0545528
0.0546403
0.055932
0.0570816
0.0586249
0.0599768
0.0612493
0.0619407
0.0623045
0.0623083
0.0621062
0.0617279
0.0612419
0.0606774
0.0600766
0.0594743
0.0589023
0.0583843
0.0579366
0.0575718
0.0573007
0.0571323
0.057072
0.0571165
0.0557235
0.055831
0.0571452
0.0583068
0.0598612
0.0611812
0.0623402
0.0628598
0.0630273
0.0628206
0.0624112
0.0618306
0.0611508
0.0604018
0.0596292
0.0588713
0.0581644
0.057535
0.057002
0.0565794
0.0562787
0.0561066
0.0560591
0.0561206
0.0568979
0.0570202
0.0583517
0.0595114
0.0610627
0.062341
0.0633609
0.063689
0.0636438
0.0632155
0.0625923
0.0618064
0.0609329
0.0600022
0.0590635
0.0581601
0.057333
0.0566128
0.0560199
0.0555693
0.0552704
0.0551202
0.0550962
0.0551714
0.0580878
0.0582137
0.05956
0.0607009
0.06223
0.0634583
0.0643143
0.0644328
0.0641607
0.063502
0.062661
0.0616699
0.0606058
0.0594997
0.058405
0.0573708
0.0564438
0.0556576
0.0550334
0.0545847
0.0543128
0.054193
0.0541857
0.054267
0.0593081
0.0594185
0.060781
0.0618835
0.0633753
0.0645358
0.0652054
0.0650979
0.0645868
0.0636915
0.0626317
0.0614381
0.0601894
0.0589177
0.0576811
0.0565352
0.055532
0.0547066
0.0540788
0.0536564
0.0534221
0.0533236
0.0533265
0.0605772
0.0606421
0.0620275
0.0630695
0.0645172
0.0655774
0.0660417
0.065693
0.0649331
0.0637976
0.0625205
0.0611299
0.0597058
0.0582813
0.0569201
0.0556844
0.0546297
0.0537905
0.0531822
0.0528011
0.0525958
0.0525112
0.0525249
0.0619167
0.0618931
0.0633146
0.0642702
0.0656672
0.0665891
0.0668331
0.0662287
0.0652128
0.0638359
0.0623456
0.060766
0.0591781
0.0576163
0.05615
0.054847
0.053764
0.0529323
0.0523595
0.0520181
0.0518313
0.0517608
0.051787
0.0633511
0.0631807
0.0646585
0.0654978
0.066835
0.0675795
0.0675916
0.0667177
0.0654412
0.0638239
0.0621269
0.0603685
0.0586303
0.0569481
0.0553967
0.0540475
0.052956
0.0521477
0.0516178
0.0513028
0.0511322
0.0510773
0.0511183
0.0649077
0.0645147
0.0660775
0.0667659
0.068033
0.0685595
0.0683314
0.0671743
0.0656352
0.063781
0.0618857
0.0599602
0.0580863
0.0563011
0.0546833
0.0533059
0.0522209
0.0514453
0.0509538
0.0506565
0.0505026
0.0504657
0.0666162
0.0659063
0.0675909
0.068089
0.0692764
0.0695424
0.0690684
0.0676148
0.065814
0.0637277
0.061644
0.0595641
0.0575694
0.0556973
0.0540292
0.0526378
0.0515689
0.0508294
0.0503636
0.050082
0.0499465
0.0499304
0.0685081
0.0673676
0.0692196
0.0694835
0.070583
0.0705439
0.0698208
0.0680575
0.065998
0.0636859
0.0614248
0.0592032
0.0571014
0.0551564
0.0534508
0.0520545
0.0510064
0.0502991
0.0498489
0.0495826
0.0494679
0.0494758
0.0706162
0.0689124
0.0709855
0.0709671
0.0719735
0.0715816
0.0706081
0.0685224
0.0662092
0.0636784
0.061251
0.0588995
0.0567026
0.0546956
0.0529607
0.0515643
0.0505371
0.0498518
0.049412
0.0491617
0.0490706
0.049106
0.0729746
0.0705563
0.0729121
0.0725594
0.0734714
0.0726759
0.0714522
0.0690312
0.0664709
0.0637286
0.0611453
0.058674
0.0563911
0.0543292
0.0525694
0.0511735
0.0501629
0.049488
0.0490557
0.0488228
0.0487584
0.048825
0.0756176
0.0723171
0.0750241
0.0742814
0.0751035
0.0738492
0.0723766
0.0696074
0.0668073
0.06386
0.0611299
0.0585466
0.0561834
0.0540697
0.0522849
0.0508862
0.0498838
0.0492098
0.0487833
0.0485694
0.0485348
0.0785802
0.0742156
0.0773474
0.0761559
0.0768992
0.0751272
0.0734067
0.0702761
0.0672433
0.0640963
0.0612262
0.0585354
0.0560938
0.0539273
0.0521136
0.0507054
0.0497001
0.04902
0.0485981
0.0484051
0.0484037
0.0818972
0.0762758
0.0799096
0.0782074
0.078891
0.076538
0.0745697
0.0710641
0.0678046
0.0644609
0.0614547
0.0586572
0.056135
0.0539107
0.0520608
0.050633
0.0496138
0.0489218
0.048504
0.0483336
0.0483692
0.0856038
0.0785256
0.0827403
0.0804626
0.0811137
0.0781132
0.0758947
0.0719993
0.0685169
0.0649767
0.0618346
0.058927
0.0563181
0.0540273
0.0521308
0.0506714
0.0496283
0.0489193
0.048505
0.0483591
0.0484356
0.0897354
0.0809976
0.0858708
0.08295
0.0836045
0.0798877
0.0774127
0.0731112
0.0694063
0.065666
0.0623837
0.0593584
0.0566526
0.0542834
0.0523272
0.0508245
0.0497476
0.0490172
0.0486057
0.0484862
0.0486077
0.0943284
0.0837299
0.0893356
0.0857009
0.0864026
0.0819004
0.0791566
0.0744305
0.0704988
0.06655
0.0631185
0.0599635
0.0571471
0.0546845
0.0526534
0.0510979
0.0499769
0.0492209
0.0488113
0.0487199
0.0488911
0.0994214
0.0867668
0.0931722
0.0887493
0.0895483
0.0841935
0.0811611
0.075989
0.0718203
0.0676492
0.0640542
0.0607529
0.0578088
0.0552356
0.0531145
0.0514974
0.0503225
0.0495367
0.0491279
0.0490664
0.105056
0.0901598
0.0974225
0.0921329
0.0930832
0.0868138
0.083463
0.0778196
0.0733963
0.0689828
0.0652043
0.0617361
0.0586443
0.0559419
0.0537214
0.0520304
0.050792
0.0499719
0.0495625
0.0495324
0.111281
0.0939693
0.102134
0.0958936
0.0970487
0.0898116
0.0861014
0.0799562
0.075252
0.0705689
0.066581
0.0629213
0.0596598
0.0568095
0.0544876
0.0527061
0.0513948
0.0505354
0.0501233
0.0501262
0.118153
0.0982663
0.107361
0.100079
0.101486
0.0932412
0.0891172
0.0824338
0.0774119
0.0724241
0.0681951
0.0643162
0.0608619
0.0578573
0.0554243
0.0535358
0.0521417
0.0512373
0.05082
0.0508574
0.125742
0.103134
0.113168
0.104745
0.106437
0.0971604
0.0925541
0.0852879
0.0799
0.0745637
0.0700566
0.0659273
0.0622633
0.0591119
0.0565461
0.0545334
0.0530459
0.0520899
0.0516643
0.0517375
0.134138
0.108673
0.11963
0.109955
0.111939
0.10163
0.0964578
0.0885551
0.0827396
0.077002
0.0721737
0.0677627
0.0639021
0.060594
0.0578706
0.0557157
0.0541231
0.0531078
0.0526701
0.0527803
0.143457
0.115001
0.126838
0.115786
0.118031
0.106713
0.100877
0.0922727
0.085953
0.0797532
0.074555
0.0698696
0.0658232
0.0623277
0.0594198
0.0571031
0.0553923
0.0543088
0.0538543
0.0540023
0.15385
0.122264
0.134903
0.122332
0.124751
0.112475
0.105863
0.0964785
0.0895627
0.082829
0.0772415
0.0723199
0.0680594
0.0643421
0.0612205
0.0587206
0.0568763
0.0557141
0.0552372
0.0554238
0.165519
0.130638
0.143961
0.129707
0.132137
0.118981
0.111469
0.101211
0.0935919
0.0862414
0.0803304
0.0751659
0.070651
0.0666733
0.0633058
0.0605983
0.058603
0.0573497
0.0568438
0.178725
0.14034
0.154183
0.138054
0.14022
0.126296
0.11775
0.106511
0.0980613
0.0900987
0.0839184
0.0784635
0.0736479
0.0693666
0.0657168
0.0627736
0.0606065
0.0592477
0.0587045
0.193819
0.151644
0.16578
0.147555
0.149031
0.134485
0.124769
0.112421
0.103008
0.0945725
0.0880831
0.0822821
0.0771125
0.072478
0.0685041
0.0652924
0.0629291
0.0614475
0.0608574
0.21126
0.164895
0.179024
0.158447
0.158846
0.143612
0.132586
0.11898
0.108639
0.0997843
0.0929207
0.0867086
0.0811235
0.0760782
0.0717311
0.0682121
0.0656234
0.0639986
0.0633499
0.231659
0.180542
0.194262
0.171034
0.170081
0.153733
0.141253
0.126294
0.115231
0.105869
0.0985531
0.0918541
0.0857808
0.0802566
0.0754782
0.0716051
0.0687562
0.0669634
0.0662421
0.25583
0.199176
0.211948
0.185708
0.183053
0.164974
0.150952
0.134718
0.122976
0.112999
0.105137
0.097861
0.0912125
0.0851278
0.0798479
0.0755643
0.0724124
0.070422
0.0696109
0.28486
0.221592
0.232683
0.20298
0.19817
0.177889
0.162184
0.144691
0.132123
0.121396
0.112877
0.104915
0.0975852
0.0908405
0.0849733
0.0802096
0.0767025
0.0744782
0.0735565
0.320214
0.248881
0.257281
0.223532
0.215982
0.193243
0.175561
0.15658
0.142997
0.131356
0.122043
0.113261
0.105119
0.0975909
0.0910299
0.0856995
0.0817722
0.079269
0.0782112
0.363869
0.282576
0.286861
0.248284
0.237233
0.211696
0.191644
0.170878
0.156037
0.143277
0.133
0.123229
0.11411
0.105643
0.0982533
0.0922467
0.0878174
0.084979
0.0837534
0.418517
0.324867
0.323006
0.278517
0.262954
0.234157
0.211207
0.188262
0.171847
0.157709
0.146248
0.135272
0.124964
0.115359
0.106967
0.100143
0.0951069
0.0918621
0.0904287
0.487816
0.378957
0.368005
0.316053
0.294608
0.261909
0.235345
0.209687
0.19128
0.175423
0.162491
0.150028
0.138252
0.127247
0.117627
0.109801
0.10402
0.100276
0.0985846
0.576712
0.449592
0.425274
0.363562
0.334327
0.296811
0.265645
0.236538
0.21557
0.197538
0.182748
0.16842
0.154804
0.142046
0.130891
0.121816
0.115107
0.110743
0.691761
0.543876
0.500049
0.42508
0.38533
0.341651
0.304484
0.270889
0.246563
0.225726
0.208544
0.191828
0.175857
0.160861
0.147749
0.137082
0.129196
0.124046
0.841307
0.672385
0.600579
0.506919
0.452639
0.400763
0.355561
0.315955
0.287122
0.262582
0.242246
0.222402
0.20334
0.185413
0.169743
0.157
0.147582
0.141417
1.03521
0.850433
0.740142
0.619319
0.544419
0.481154
0.424861
0.376945
0.341883
0.312312
0.287696
0.263632
0.240395
0.218511
0.199396
0.183861
0.172395
0.164888
1.28382
1.09871
0.940129
0.779411
0.674478
0.594648
0.522516
0.462677
0.418712
0.382071
0.351453
0.321498
0.292421
0.264999
0.24107
0.221646
0.207346
0.198012
1.59661
1.44195
1.23411
1.0165
0.867083
0.762079
0.666494
0.588852
0.531657
0.4847
0.445345
0.406851
0.369271
0.333765
0.302813
0.277734
0.259348
0.247435
1.98331
1.90539
1.67085
1.38048
1.16592
1.02139
0.88994
0.784682
0.707039
0.644461
0.591921
0.540578
0.490103
0.442247
0.400545
0.366826
0.342252
0.326531
2.46469
2.51552
2.3146
1.95303
1.64953
1.44268
1.25542
1.10618
0.995914
0.909019
0.836089
0.764913
0.694268
0.626784
0.56784
0.52021
0.485712
0.464002
3.10702
3.32465
3.25162
2.86105
2.45468
2.15359
1.88044
1.66108
1.49817
1.37321
1.26877
1.16708
1.06478
0.965525
0.878017
0.806926
0.755443
0.723366
4.10807
4.49638
4.64867
4.3166
3.82097
3.38851
2.98785
2.6596
2.41295
2.2292
2.07703
1.92946
1.77837
1.62791
1.49245
1.38051
1.29828
1.24648
6.00434
6.52773
6.9666
6.79516
6.25169
5.64931
5.06551
4.57324
4.19617
3.92185
3.69695
3.47928
3.2518
3.01745
2.80005
2.61567
2.47698
2.38737
10.2866
10.8949
11.6338
11.7017
11.162
10.3452
9.49801
8.75762
8.17489
7.75531
7.41271
7.0797
6.72385
6.34434
5.98137
5.66561
5.42302
5.26293
22.0527
22.7283
23.7677
24.127
23.6608
22.5729
21.3346
20.2031
19.2815
18.6185
18.0767
17.5454
16.9658
16.3287
15.7033
15.148
14.7153
14.4254
67.1592
67.9114
69.2241
69.9649
69.8489
68.5327
66.7999
65.1216
63.7049
62.7065
61.9
61.1096
60.2375
59.2578
58.2843
57.4103
56.7254
56.2603
400.065
400.623
401.589
403.457
406.179
405.965
404.511
402.817
401.356
400.713
400.407
400.243
400.172
400.151
400.296
400.565
400.861
401.019
)
;

boundaryField
{
    bottomWall
    {
        type            omegaWallFunction;
        beta1           0.075;
        blended         0;
        value           nonuniform List<scalar> 
18
(
401.019
400.861
400.565
400.296
400.151
400.172
400.243
400.407
400.713
401.356
402.817
404.511
405.965
406.179
403.457
401.589
400.623
400.065
)
;
    }
    defaultFaces
    {
        type            empty;
    }
    inlet
    {
        type            cyclic;
    }
    outlet
    {
        type            cyclic;
    }
    topWall
    {
        type            omegaWallFunction;
        beta1           0.075;
        blended         0;
        value           nonuniform List<scalar> 
49
(
100.009
100.012
100.003
99.995
99.9892
99.9845
99.9793
99.9765
99.9764
99.9765
99.9766
99.9845
100.001
100.015
100.025
100.033
100.038
100.042
100.047
100.046
100.041
100.035
100.028
100.016
99.9968
99.9802
99.9675
99.9601
99.9578
99.9556
99.9534
99.9513
99.9492
99.9471
99.9451
99.9473
99.9538
99.9604
99.9673
99.9805
100.002
100.02
100.035
100.043
100.046
100.048
100.05
100.052
100.054
)
;
    }
    procBoundary5to0throughoutlet
    {
        type            processorCyclic;
        value           nonuniform List<scalar> 
149
(
100.009
16.934
5.81073
2.98117
1.9177
1.37377
1.03561
0.803636
0.637455
0.516083
0.426314
0.358926
0.307246
0.266724
0.234334
0.207955
0.186073
0.167597
0.151732
0.137899
0.125673
0.114744
0.104887
0.0959399
0.0877858
0.0803403
0.0735417
0.0673431
0.0617066
0.0565991
0.0519895
0.0478469
0.0441397
0.0408357
0.037902
0.035306
0.0330156
0.0310002
0.0292312
0.027682
0.0263283
0.0251486
0.0241235
0.0232361
0.0224713
0.0218164
0.0212599
0.0207924
0.0204054
0.0200919
0.0198457
0.0196617
0.0195355
0.0194635
0.0194427
0.0194706
0.0195452
0.0196653
0.0198296
0.0200376
0.0202891
0.020584
0.0209227
0.0213057
0.0217338
0.0222075
0.0227278
0.0232952
0.0239103
0.0245735
0.025285
0.0260446
0.0268519
0.0277064
0.0286072
0.0295531
0.0305427
0.0315742
0.0326454
0.0337537
0.0348961
0.036069
0.0372687
0.0384909
0.0397312
0.0409849
0.0422475
0.0435145
0.0447815
0.0460445
0.0472997
0.0485439
0.0497747
0.0509905
0.0521908
0.0533772
0.0545528
0.0557235
0.0568979
0.0580878
0.0593081
0.0605772
0.0619167
0.0633511
0.0649077
0.0666162
0.0685081
0.0706162
0.0729746
0.0756176
0.0785802
0.0818972
0.0856038
0.0897354
0.0943284
0.0994214
0.105056
0.111281
0.118153
0.125742
0.134138
0.143457
0.15385
0.165519
0.178725
0.193819
0.21126
0.231659
0.25583
0.28486
0.320214
0.363869
0.418517
0.487816
0.576712
0.691761
0.841307
1.03521
1.28382
1.59661
1.98331
2.46469
3.10702
4.10807
6.00434
10.2866
22.0527
67.1592
400.065
)
;
    }
    procBoundary5to2
    {
        type            processor;
        value           nonuniform List<scalar> 8(0.237687 0.205749 0.178376 0.155115 0.13551 0.118889 0.104656 0.0924407);
    }
    procBoundary5to3
    {
        type            processor;
        value           nonuniform List<scalar> 
159
(
0.0824641
0.0824641
0.0733676
0.0655369
0.0587939
0.0529857
0.0479808
0.043875
0.043875
0.040123
0.0368873
0.0340964
0.031689
0.029713
0.029713
0.0279108
0.0263599
0.0250282
0.023948
0.023948
0.0229686
0.0221392
0.0214433
0.0208998
0.0208998
0.0204251
0.0200487
0.0197786
0.0197786
0.0195696
0.019438
0.0193789
0.0193789
0.0193829
0.0194526
0.0195677
0.0195677
0.0197557
0.0200038
0.0202743
0.0202743
0.0206347
0.0210553
0.0214794
0.0214794
0.022019
0.0226266
0.023225
0.023225
0.0239769
0.0247121
0.0247121
0.0256363
0.0266655
0.0276493
0.0276493
0.0288664
0.0299807
0.0299807
0.0313302
0.0325186
0.0325186
0.0339525
0.0354341
0.0367236
0.0367236
0.038367
0.0397809
0.0397809
0.0415957
0.0435091
0.0450971
0.0450971
0.0471733
0.0493589
0.0510783
0.0510783
0.0532736
0.0548193
0.0548193
0.0568215
0.0586785
0.0597178
0.0597178
0.0611619
0.062356
0.0626644
0.0626644
0.0633076
0.0636512
0.0631866
0.0631866
0.0629711
0.0624803
0.0614098
0.0614098
0.0605313
0.059533
0.0584937
0.0572574
0.0572574
0.0562699
0.0553236
0.0544224
0.0534147
0.0534147
0.0526215
0.0518942
0.0512386
0.0505243
0.0505243
0.0500097
0.0495792
0.049237
0.0489874
0.0486368
0.0486368
0.0485455
0.0485555
0.0486714
0.0488986
0.0492432
0.0492918
0.0492918
0.0498174
0.0504764
0.0512789
0.0522371
0.0533654
0.0546814
0.0562061
0.0570693
0.0570693
0.0589692
0.0611608
0.0636913
0.0666203
0.0700242
0.0740025
0.0786869
0.0842553
0.0909534
0.099129
0.108727
0.108727
0.121621
0.13847
0.161266
0.193504
0.24175
0.319242
0.454346
0.709337
1.22264
2.34309
5.18014
14.2722
56.0156
401.165
)
;
    }
    procBoundary5to4
    {
        type            processor;
        value           nonuniform List<scalar> 
13
(
100.056
15.6743
4.82767
2.29061
1.4269
1.01894
0.781877
0.626841
0.517286
0.435244
0.370864
0.318526
0.274866
)
;
    }
}


// ************************************************************************* //
