1.001 	0.00149635 	-8.05431e-08 	-2.86216e-25
1.00305 	0.00405771 	1.09137e-06 	-1.40151e-25
1.00519 	0.00598195 	5.60813e-06 	-1.15245e-24
1.00743 	0.00758682 	1.4802e-05 	3.75729e-24
1.00978 	0.00901352 	2.9819e-05 	6.68557e-25
1.01224 	0.0103347 	5.13939e-05 	-1.76882e-23
1.01481 	0.0115839 	7.97299e-05 	-1.25968e-23
1.0175 	0.012771 	0.00011448 	-7.80143e-26
1.02032 	0.0138922 	0.000154843 	5.22664e-24
1.02326 	0.0149372 	0.00019977 	1.72655e-23
1.02634 	0.0158949 	0.000248096 	9.37137e-24
1.02956 	0.0167597 	0.000298694 	-5.74648e-24
1.03293 	0.0175359 	0.000350751 	-3.8265e-24
1.03645 	0.0182349 	0.000403708 	-5.17795e-25
1.04013 	0.0188675 	0.000457005 	5.97241e-25
1.04398 	0.0194403 	0.000510055 	3.31787e-25
1.048 	0.0199579 	0.000562357 	-6.10408e-25
1.0522 	0.0204247 	0.000613552 	2.06301e-24
1.05659 	0.0208458 	0.00066339 	4.30969e-24
1.06118 	0.0212262 	0.000711704 	4.75386e-24
1.06596 	0.021571 	0.000758403 	-3.65603e-24
1.07096 	0.0218848 	0.000803457 	-1.03941e-23
1.07618 	0.0221719 	0.000846883 	-2.12584e-24
1.08162 	0.0224362 	0.000888728 	4.87101e-24
1.0873 	0.0226812 	0.000929063 	2.25352e-24
1.09322 	0.0229097 	0.000967971 	-5.81213e-25
1.09939 	0.0231244 	0.00100554 	-2.18268e-25
1.10583 	0.0233275 	0.00104185 	6.2978e-26
1.11254 	0.0235209 	0.00107699 	6.10985e-26
1.11953 	0.0237062 	0.00111103 	-4.75841e-26
1.12681 	0.0238847 	0.00114403 	-1.4458e-25
1.13439 	0.0240576 	0.00117605 	-3.21895e-26
1.14228 	0.0242259 	0.00120712 	-2.07416e-26
1.15048 	0.0243905 	0.00123726 	3.3735e-26
1.15902 	0.0245521 	0.00126648 	9.90411e-26
1.1679 	0.0247112 	0.00129477 	2.03019e-26
1.17712 	0.0248685 	0.00132211 	-2.66402e-26
1.18671 	0.0250243 	0.00134846 	-2.92042e-26
1.19666 	0.025179 	0.00137378 	-2.87021e-26
1.20699 	0.0253331 	0.00139801 	5.28904e-29
1.2177 	0.0254869 	0.00142108 	2.28745e-26
1.22882 	0.0256405 	0.00144292 	2.58108e-26
1.24034 	0.0257944 	0.00146346 	2.23945e-26
1.25227 	0.0259487 	0.00148261 	-2.44073e-26
1.26462 	0.0261037 	0.00150029 	-2.90502e-26
1.27741 	0.0262596 	0.00151643 	9.86996e-27
1.29064 	0.0264166 	0.00153097 	-1.28969e-26
1.3043 	0.026575 	0.00154384 	-7.96689e-27
1.31843 	0.0267348 	0.001555 	2.76947e-26
1.33301 	0.0268963 	0.00156442 	1.66567e-27
1.34805 	0.0270597 	0.00157209 	-4.01234e-26
1.36356 	0.027225 	0.001578 	-1.39173e-26
1.37953 	0.0273922 	0.00158219 	1.73092e-26
1.39599 	0.0275615 	0.00158469 	7.47461e-27
1.41291 	0.0277328 	0.00158554 	1.30075e-26
1.43032 	0.0279058 	0.0015848 	6.58402e-27
1.44819 	0.0280805 	0.00158253 	-1.44579e-26
1.46654 	0.0282566 	0.00157882 	-1.0364e-26
1.48537 	0.0284337 	0.00157371 	-1.98878e-28
1.50465 	0.0286113 	0.00156729 	5.27607e-27
1.5244 	0.0287891 	0.00155961 	1.47321e-26
1.54461 	0.0289663 	0.00155075 	-4.76545e-27
1.56526 	0.0291425 	0.00154076 	-5.01982e-26
1.58635 	0.0293168 	0.00152967 	-7.39691e-27
1.60787 	0.0294886 	0.00151753 	6.93467e-26
1.6298 	0.0296571 	0.00150435 	2.91614e-26
1.65213 	0.0298217 	0.00149016 	-1.58616e-26
1.67485 	0.0299817 	0.00147496 	2.21483e-26
1.69794 	0.0301364 	0.00145875 	-9.04171e-27
1.72138 	0.0302853 	0.00144154 	-9.6635e-26
1.74515 	0.0304277 	0.00142332 	-2.87006e-26
1.76923 	0.0305633 	0.0014041 	5.94011e-26
1.7936 	0.0306917 	0.00138391 	-2.10068e-27
1.81824 	0.0308127 	0.00136277 	-4.12503e-26
1.84312 	0.0309259 	0.00134071 	-2.6237e-26
1.86822 	0.0310312 	0.00131778 	7.63249e-26
1.89351 	0.0311286 	0.00129404 	8.619e-26
1.91896 	0.0312179 	0.00126955 	-1.32731e-25
1.94455 	0.0312993 	0.0012444 	-9.63962e-26
1.97025 	0.0313726 	0.00121866 	7.53619e-26
1.99603 	0.031438 	0.00119241 	7.12117e-26
2.02185 	0.0314953 	0.00116575 	7.96815e-26
2.0477 	0.0315446 	0.00113876 	3.51437e-26
2.07354 	0.0315859 	0.00111153 	-4.30877e-26
2.09934 	0.0316192 	0.00108412 	-3.733e-26
2.12507 	0.0316444 	0.00105661 	1.39216e-26
2.1507 	0.0316613 	0.00102908 	3.69267e-26
2.17621 	0.0316698 	0.00100157 	-4.70967e-26
2.20157 	0.0316698 	0.000974154 	-6.24393e-26
2.22674 	0.031661 	0.000946865 	2.18281e-26
2.25171 	0.0316431 	0.000919746 	2.86154e-27
2.27644 	0.031616 	0.000892832 	-1.5352e-26
2.30092 	0.0315794 	0.000866149 	3.10141e-26
2.32512 	0.0315328 	0.000839722 	4.12054e-26
2.34901 	0.031476 	0.000813566 	9.22628e-27
2.37258 	0.0314087 	0.000787697 	-1.9143e-26
2.39581 	0.0313305 	0.000762124 	-1.94586e-26
2.41867 	0.0312412 	0.000736854 	-1.08425e-26
2.44115 	0.0311404 	0.000711889 	-3.59725e-27
2.46324 	0.031028 	0.000687232 	1.07571e-27
2.48492 	0.0309038 	0.00066288 	2.16228e-27
2.50617 	0.0307677 	0.00063883 	9.24497e-28
2.52699 	0.0306197 	0.000615078 	-8.68814e-28
2.54737 	0.0304598 	0.000591618 	-2.47338e-28
2.5673 	0.0302882 	0.000568443 	1.40833e-27
2.58677 	0.0301051 	0.000545551 	1.78786e-28
2.60577 	0.0299109 	0.000522939 	-9.21237e-28
2.6243 	0.0297057 	0.00050061 	-2.01831e-28
2.64236 	0.0294902 	0.000478572 	-5.70344e-28
2.65995 	0.0292646 	0.000456846 	-4.48611e-29
2.67706 	0.0290289 	0.000435439 	3.32966e-28
2.69369 	0.0287822 	0.000414325 	6.75145e-31
2.70985 	0.0285239 	0.000393493 	4.84445e-28
2.72554 	0.0282546 	0.000372985 	-6.61071e-29
2.74076 	0.0279757 	0.000352842 	-1.15228e-28
2.75552 	0.027689 	0.000333064 	7.36031e-28
2.76982 	0.0273963 	0.000313624 	2.81583e-28
2.78366 	0.0270989 	0.000294509 	-4.87886e-28
2.79706 	0.0267969 	0.000275738 	-7.66168e-29
2.81001 	0.0264893 	0.000257343 	3.92153e-28
2.82253 	0.0261751 	0.000239371 	-4.61125e-28
2.83463 	0.0258538 	0.000221867 	-9.5587e-28
2.8463 	0.0255248 	0.000204854 	-1.7629e-27
2.85757 	0.0251877 	0.000188353 	-4.60566e-27
2.86844 	0.0248416 	0.00017239 	2.47561e-27
2.87892 	0.0244856 	0.000156992 	1.051e-26
2.88901 	0.0241186 	0.00014219 	-1.61557e-27
2.89874 	0.0237393 	0.000128013 	-7.7414e-27
2.9081 	0.0233461 	0.000114493 	2.74596e-27
2.91711 	0.0229371 	0.000101659 	-1.3695e-27
2.92578 	0.0225103 	8.95378e-05 	4.67675e-27
2.93411 	0.0220633 	7.81561e-05 	1.08049e-26
2.94212 	0.0215934 	6.75349e-05 	-9.33888e-27
2.94982 	0.0210976 	5.76908e-05 	-8.31324e-27
2.95721 	0.0205723 	4.86347e-05 	3.09804e-27
2.96431 	0.0200137 	4.03684e-05 	6.76108e-27
2.97113 	0.0194173 	3.28906e-05 	-1.56036e-27
2.97767 	0.0187775 	2.62149e-05 	-9.08173e-27
2.98394 	0.0180865 	2.0373e-05 	2.5471e-27
2.98996 	0.017334 	1.54e-05 	5.83969e-27
2.99573 	0.0165086 	1.13105e-05 	3.4748e-28
3.00126 	0.0155974 	8.06798e-06 	-1.95937e-27
3.00657 	0.0145841 	5.58735e-06 	-1.82668e-27
3.01165 	0.0134456 	3.75889e-06 	-2.3081e-27
3.01651 	0.0121458 	2.46063e-06 	-1.67931e-27
3.02117 	0.0106225 	1.565e-06 	2.32189e-27
3.02564 	0.00875738 	9.46028e-07 	4.90927e-27
3.02991 	0.00629381 	4.85915e-07 	5.94827e-28
3.034 	0.00243409 	1.40721e-07 	-1.88893e-27
