0.00102579 	2.45068e-06 	-1.14446e-06 	-1.86973e-27 	2.47229e-06 	-2.98018e-27 	2.46137e-06
0.00203127 	4.90424e-06 	-2.29035e-06 	-3.59114e-27 	4.94786e-06 	-5.98193e-27 	4.92582e-06
0.00325132 	5.54594e-06 	-2.60828e-06 	2.94006e-26 	5.67894e-06 	-1.07809e-26 	5.61244e-06
0.0058838 	6.32986e-06 	-3.03455e-06 	1.82546e-26 	6.7669e-06 	2.58723e-26 	6.55051e-06
0.00889561 	6.43321e-06 	-3.17632e-06 	-1.66809e-25 	7.40641e-06 	-6.06103e-26 	6.92704e-06
0.0122408 	6.3164e-06 	-3.20883e-06 	1.20833e-24 	7.91738e-06 	-1.46495e-25 	7.12769e-06
0.0158868 	6.21938e-06 	-3.20066e-06 	1.52532e-24 	8.3079e-06 	9.91399e-26 	7.27143e-06
0.0198092 	6.23521e-06 	-3.18853e-06 	-1.13611e-25 	8.56247e-06 	-2.5196e-26 	7.3998e-06
0.0239917 	6.33417e-06 	-3.20513e-06 	1.75582e-24 	8.7305e-06 	-4.13533e-25 	7.52938e-06
0.0284241 	6.46023e-06 	-3.26133e-06 	3.58133e-24 	8.87602e-06 	1.32329e-25 	7.66584e-06
0.0331018 	6.59382e-06 	-3.33554e-06 	-3.97975e-25 	9.02747e-06 	1.03477e-24 	7.81015e-06
0.0380237 	6.73499e-06 	-3.4137e-06 	-6.0623e-24 	9.18938e-06 	5.91201e-25 	7.9623e-06
0.0431921 	6.88389e-06 	-3.49597e-06 	-4.14726e-24 	9.36079e-06 	-3.436e-25 	8.12241e-06
0.0486116 	7.04076e-06 	-3.58239e-06 	-1.49235e-24 	9.54055e-06 	-3.33877e-25 	8.29065e-06
0.0542883 	7.20583e-06 	-3.67281e-06 	-6.00277e-25 	9.72871e-06 	-5.20148e-25 	8.46725e-06
0.0602299 	7.37939e-06 	-3.7674e-06 	3.05988e-24 	9.92559e-06 	-2.4834e-25 	8.65247e-06
0.0664452 	7.5618e-06 	-3.86649e-06 	5.54327e-25 	1.01315e-05 	8.1575e-25 	8.84661e-06
0.0729439 	7.75356e-06 	-3.97009e-06 	-3.48593e-24 	1.03465e-05 	2.68507e-25 	9.05001e-06
0.0797362 	7.95524e-06 	-4.07835e-06 	-3.2436e-25 	1.05709e-05 	-1.73581e-24 	9.26305e-06
0.0868332 	8.1677e-06 	-4.19145e-06 	1.01671e-23 	1.08045e-05 	2.17135e-25 	9.48609e-06
0.0942464 	8.3922e-06 	-4.30873e-06 	-5.91121e-24 	1.1047e-05 	2.61115e-24 	9.71963e-06
0.101988 	8.62964e-06 	-4.43018e-06 	-6.66772e-24 	1.12987e-05 	-1.38158e-24 	9.96419e-06
0.11007 	8.88057e-06 	-4.55674e-06 	7.19435e-24 	1.15601e-05 	-2.35902e-24 	1.02204e-05
0.118505 	9.14587e-06 	-4.68798e-06 	7.32086e-24 	1.18316e-05 	-7.05217e-25 	1.04887e-05
0.127306 	9.42594e-06 	-4.824e-06 	8.68247e-24 	1.21139e-05 	1.2439e-24 	1.07699e-05
0.136488 	9.72069e-06 	-4.96608e-06 	-6.65825e-24 	1.24084e-05 	2.0905e-24 	1.10645e-05
0.146063 	1.00301e-05 	-5.11475e-06 	-3.14186e-24 	1.27159e-05 	-1.49051e-25 	1.13729e-05
0.156046 	1.03545e-05 	-5.27021e-06 	-3.99783e-24 	1.30372e-05 	8.97683e-25 	1.16958e-05
0.166451 	1.06944e-05 	-5.43269e-06 	-7.56072e-24 	1.33728e-05 	8.81962e-25 	1.20336e-05
0.177292 	1.10506e-05 	-5.60244e-06 	-6.89374e-24 	1.37234e-05 	-1.08584e-24 	1.2387e-05
0.188585 	1.14233e-05 	-5.77965e-06 	3.9702e-24 	1.40897e-05 	-4.75293e-24 	1.27565e-05
0.200343 	1.18126e-05 	-5.96444e-06 	2.61627e-23 	1.44725e-05 	-1.94537e-24 	1.31425e-05
0.212583 	1.22186e-05 	-6.15696e-06 	3.05164e-24 	1.48726e-05 	6.42358e-24 	1.35455e-05
0.225318 	1.26415e-05 	-6.35727e-06 	-2.2423e-23 	1.52903e-05 	1.29116e-24 	1.39658e-05
0.238565 	1.30813e-05 	-6.56543e-06 	7.97967e-24 	1.57257e-05 	-5.42029e-24 	1.44034e-05
0.252337 	1.35381e-05 	-6.78142e-06 	1.17598e-23 	1.61783e-05 	6.84342e-25 	1.48582e-05
0.266651 	1.40123e-05 	-7.00522e-06 	-5.75715e-24 	1.66474e-05 	6.30443e-24 	1.53298e-05
0.28152 	1.45041e-05 	-7.23669e-06 	-3.2155e-23 	1.71317e-05 	3.39304e-24 	1.58178e-05
0.296961 	1.50136e-05 	-7.47564e-06 	-9.84041e-24 	1.76296e-05 	-6.50643e-24 	1.63216e-05
0.312986 	1.5541e-05 	-7.72183e-06 	2.44717e-23 	1.81394e-05 	-6.01324e-24 	1.68402e-05
0.32961 	1.6086e-05 	-7.97486e-06 	2.1444e-23 	1.86596e-05 	-1.55586e-24 	1.73727e-05
0.346847 	1.6648e-05 	-8.23423e-06 	2.40474e-23 	1.91882e-05 	2.11084e-24 	1.79181e-05
0.364709 	1.72265e-05 	-8.49933e-06 	-1.31572e-23 	1.97235e-05 	-7.50626e-26 	1.8475e-05
0.38321 	1.78199e-05 	-8.76937e-06 	3.98559e-23 	2.02635e-05 	-6.28683e-24 	1.90417e-05
0.402362 	1.84267e-05 	-9.04337e-06 	1.01814e-23 	2.08061e-05 	2.93008e-24 	1.96164e-05
0.422175 	1.90445e-05 	-9.32017e-06 	8.34225e-24 	2.13487e-05 	8.59333e-24 	2.01966e-05
0.442659 	1.96709e-05 	-9.59836e-06 	-7.51489e-23 	2.18883e-05 	6.58508e-24 	2.07796e-05
0.463825 	2.03024e-05 	-9.87628e-06 	1.88707e-24 	2.24214e-05 	-9.87352e-24 	2.13619e-05
0.485681 	2.09352e-05 	-1.0152e-05 	1.57504e-23 	2.2944e-05 	3.8168e-24 	2.19396e-05
0.508233 	2.15649e-05 	-1.04234e-05 	-4.92732e-23 	2.34514e-05 	1.24659e-23 	2.25082e-05
0.531487 	2.21862e-05 	-1.06879e-05 	-7.35519e-23 	2.39386e-05 	-1.05526e-23 	2.30624e-05
0.555448 	2.27932e-05 	-1.09426e-05 	1.22648e-22 	2.43998e-05 	-2.03422e-23 	2.35965e-05
0.58012 	2.33792e-05 	-1.11846e-05 	4.8914e-23 	2.48286e-05 	1.40974e-23 	2.41039e-05
0.605503 	2.39367e-05 	-1.14102e-05 	-6.91551e-23 	2.52182e-05 	1.14918e-23 	2.45774e-05
0.631598 	2.44573e-05 	-1.16158e-05 	-2.87406e-23 	2.5561e-05 	-4.95022e-24 	2.50091e-05
0.658402 	2.4932e-05 	-1.17975e-05 	9.2324e-24 	2.58493e-05 	-7.03271e-24 	2.53907e-05
0.685912 	2.53512e-05 	-1.19508e-05 	5.52929e-23 	2.60749e-05 	-4.22939e-24 	2.57131e-05
0.714123 	2.57047e-05 	-1.20716e-05 	2.46592e-23 	2.62296e-05 	-1.81676e-24 	2.59673e-05
0.743026 	2.59827e-05 	-1.21557e-05 	6.10316e-23 	2.63056e-05 	-2.0397e-24 	2.61441e-05
0.772613 	2.61745e-05 	-1.21988e-05 	7.71957e-24 	2.62953e-05 	8.90976e-24 	2.62348e-05
0.802872 	2.62706e-05 	-1.21974e-05 	-5.91876e-23 	2.61926e-05 	7.70346e-24 	2.62315e-05
0.833789 	2.62629e-05 	-1.21485e-05 	-5.97577e-23 	2.59925e-05 	-1.13972e-24 	2.61277e-05
0.865349 	2.61454e-05 	-1.20502e-05 	3.41957e-25 	2.56927e-05 	5.2809e-24 	2.59191e-05
0.897534 	2.59149e-05 	-1.19019e-05 	-1.73068e-22 	2.52931e-05 	-1.03068e-23 	2.5604e-05
0.930323 	2.55711e-05 	-1.17046e-05 	3.15479e-22 	2.47973e-05 	-2.1773e-23 	2.51841e-05
0.963695 	2.51177e-05 	-1.14609e-05 	2.06951e-23 	2.42118e-05 	9.66256e-24 	2.46647e-05
0.997626 	2.45629e-05 	-1.1175e-05 	1.52448e-22 	2.35465e-05 	5.73957e-24 	2.40546e-05
1.03209 	2.39178e-05 	-1.08529e-05 	-1.86818e-22 	2.28142e-05 	3.11518e-23 	2.33659e-05
1.06706 	2.31968e-05 	-1.05014e-05 	-3.96676e-22 	2.20294e-05 	-3.04261e-24 	2.2613e-05
1.1025 	2.24165e-05 	-1.01278e-05 	9.2704e-23 	2.12077e-05 	-2.99416e-23 	2.1812e-05
1.13839 	2.15939e-05 	-9.74002e-06 	2.2722e-22 	2.03647e-05 	-7.05566e-25 	2.09792e-05
1.17469 	2.07456e-05 	-9.34521e-06 	-9.26369e-24 	1.95153e-05 	1.67715e-23 	2.01304e-05
1.21136 	1.98895e-05 	-8.95086e-06 	-1.79975e-22 	1.8674e-05 	-8.57654e-24 	1.92818e-05
1.24837 	1.90446e-05 	-8.56492e-06 	3.20576e-22 	1.7856e-05 	9.85453e-24 	1.84504e-05
1.28569 	1.82255e-05 	-8.19315e-06 	-6.77681e-22 	1.70723e-05 	2.30906e-23 	1.76489e-05
1.32327 	1.7439e-05 	-7.83824e-06 	-3.51242e-23 	1.63271e-05 	-2.87014e-23 	1.68831e-05
1.36107 	1.66901e-05 	-7.50172e-06 	1.76156e-22 	1.56229e-05 	-1.46468e-23 	1.61565e-05
1.39905 	1.59814e-05 	-7.18435e-06 	3.71308e-22 	1.49604e-05 	6.53728e-24 	1.54709e-05
1.43718 	1.53142e-05 	-6.88613e-06 	-1.90626e-22 	1.43392e-05 	8.02076e-24 	1.48266e-05
1.47541 	1.46888e-05 	-6.60649e-06 	2.18427e-22 	1.37559e-05 	-1.17164e-23 	1.42223e-05
1.51369 	1.41064e-05 	-6.34129e-06 	1.53418e-22 	1.32035e-05 	3.92301e-24 	1.36555e-05
1.552 	1.35641e-05 	-6.07107e-06 	1.24795e-23 	1.26733e-05 	1.71206e-23 	1.31192e-05
1.59028 	1.30494e-05 	-5.76543e-06 	-5.48878e-22 	1.21616e-05 	-1.28783e-24 	1.26052e-05
1.62849 	1.25529e-05 	-5.45676e-06 	2.54937e-22 	1.16684e-05 	-2.07562e-23 	1.21104e-05
1.66659 	1.20711e-05 	-5.14316e-06 	2.60508e-22 	1.11983e-05 	6.01415e-24 	1.16348e-05
1.70455 	1.16052e-05 	-4.82495e-06 	-9.63633e-23 	1.07518e-05 	1.15684e-23 	1.11785e-05
1.74231 	1.11565e-05 	-4.50462e-06 	-2.27655e-22 	1.0328e-05 	-9.0325e-24 	1.07422e-05
1.77985 	1.07266e-05 	-4.18447e-06 	3.8463e-22 	9.92676e-06 	-4.95544e-24 	1.03267e-05
1.81712 	1.03185e-05 	-3.86576e-06 	-8.2239e-23 	9.54942e-06 	3.05631e-24 	9.93397e-06
1.85409 	9.93431e-06 	-3.5483e-06 	2.57733e-22 	9.19739e-06 	6.37518e-25 	9.56581e-06
1.89072 	9.57447e-06 	-3.23309e-06 	-1.51025e-22 	8.87061e-06 	1.28401e-23 	9.22252e-06
1.92697 	9.23886e-06 	-2.9208e-06 	-3.51269e-22 	8.56814e-06 	-5.13152e-24 	8.90351e-06
1.96282 	8.92727e-06 	-2.61061e-06 	1.76973e-22 	8.28908e-06 	-9.39032e-24 	8.6081e-06
1.99823 	8.63878e-06 	-2.30325e-06 	1.23812e-22 	8.03278e-06 	5.43964e-24 	8.33578e-06
2.03317 	8.37369e-06 	-1.99963e-06 	-1.26233e-22 	7.79888e-06 	6.50913e-24 	8.08626e-06
2.06761 	8.13172e-06 	-1.69873e-06 	-2.12277e-22 	7.58721e-06 	-3.68096e-25 	7.85942e-06
2.10153 	7.91281e-06 	-1.40083e-06 	-8.75188e-23 	7.39779e-06 	-3.50754e-24 	7.65531e-06
2.13491 	7.71739e-06 	-1.1067e-06 	-1.2545e-23 	7.23075e-06 	-8.66385e-24 	7.4741e-06
2.16771 	7.54575e-06 	-8.16403e-07 	3.51372e-22 	7.08632e-06 	-2.54333e-24 	7.31604e-06
2.19993 	7.3983e-06 	-5.29966e-07 	1.03617e-22 	6.9648e-06 	8.29762e-24 	7.18147e-06
2.23154 	7.27511e-06 	-2.47593e-07 	-8.21079e-23 	6.86654e-06 	1.95509e-25 	7.07079e-06
2.26253 	7.17686e-06 	3.02622e-08 	9.65781e-23 	6.79196e-06 	-1.58351e-24 	6.98443e-06
2.29287 	7.10425e-06 	3.03298e-07 	3.42699e-24 	6.74142e-06 	2.41278e-24 	6.92281e-06
2.32257 	7.05755e-06 	5.71526e-07 	-3.18581e-23 	6.71526e-06 	6.68772e-24 	6.8863e-06
2.3516 	7.03675e-06 	8.35292e-07 	-3.00558e-22 	6.71381e-06 	-2.62994e-24 	6.87523e-06
2.37996 	7.0424e-06 	1.09421e-06 	6.98412e-23 	6.73722e-06 	-6.72146e-24 	6.8898e-06
2.40764 	7.07456e-06 	1.34855e-06 	3.65197e-23 	6.78559e-06 	2.3547e-24 	6.93007e-06
2.43464 	7.13297e-06 	1.59817e-06 	-3.60608e-23 	6.85887e-06 	9.74125e-25 	6.99598e-06
2.46095 	7.21751e-06 	1.84295e-06 	-1.25417e-23 	6.95678e-06 	-1.25041e-24 	7.0872e-06
2.48657 	7.32758e-06 	2.08364e-06 	1.63982e-23 	7.0789e-06 	-9.69474e-25 	7.20323e-06
2.5115 	7.46204e-06 	2.32008e-06 	3.12566e-23 	7.22453e-06 	2.57203e-24 	7.34329e-06
2.53574 	7.61993e-06 	2.55213e-06 	-8.21439e-23 	7.39276e-06 	-1.04598e-25 	7.50638e-06
2.5593 	7.79989e-06 	2.77972e-06 	1.85996e-23 	7.5824e-06 	-3.66484e-24 	7.69118e-06
2.58217 	8.00022e-06 	3.00275e-06 	6.69088e-23 	7.79203e-06 	4.26631e-25 	7.89613e-06
2.60436 	8.21889e-06 	3.22106e-06 	9.03051e-24 	8.01994e-06 	6.13275e-25 	8.11941e-06
2.62588 	8.45363e-06 	3.43443e-06 	3.57104e-23 	8.26414e-06 	1.57993e-24 	8.35887e-06
2.64674 	8.70194e-06 	3.64203e-06 	-4.08135e-23 	8.52241e-06 	9.86446e-25 	8.61219e-06
2.66693 	8.9612e-06 	3.84331e-06 	-7.21471e-24 	8.79233e-06 	-2.85181e-25 	8.87681e-06
2.68648 	9.2286e-06 	4.03812e-06 	-2.45895e-23 	9.07121e-06 	-2.32535e-24 	9.14994e-06
2.70539 	9.5012e-06 	4.2255e-06 	6.05479e-23 	9.35623e-06 	-1.04958e-24 	9.42871e-06
2.72368 	9.77581e-06 	4.4045e-06 	1.97991e-23 	9.6445e-06 	3.59171e-24 	9.71015e-06
2.74134 	1.00494e-05 	4.57563e-06 	-4.95081e-23 	9.93302e-06 	3.93571e-25 	9.99122e-06
2.7584 	1.03191e-05 	4.741e-06 	-2.31759e-24 	1.02189e-05 	-1.80659e-24 	1.0269e-05
2.77487 	1.0582e-05 	4.89359e-06 	7.66729e-24 	1.04997e-05 	-3.10557e-25 	1.05409e-05
2.79076 	1.08356e-05 	5.0239e-06 	6.50205e-24 	1.07732e-05 	-1.12404e-25 	1.08044e-05
2.80608 	1.10764e-05 	5.14097e-06 	9.35432e-24 	1.10357e-05 	8.00094e-25 	1.1056e-05
2.82085 	1.12992e-05 	5.25005e-06 	-1.17572e-23 	1.12819e-05 	4.70662e-25 	1.12905e-05
2.83508 	1.14985e-05 	5.34853e-06 	-5.3051e-24 	1.15062e-05 	-1.32949e-24 	1.15023e-05
2.84878 	1.16697e-05 	5.43438e-06 	1.85961e-23 	1.17044e-05 	-6.65476e-25 	1.1687e-05
2.86197 	1.18105e-05 	5.5065e-06 	1.31454e-23 	1.18741e-05 	1.55181e-24 	1.18422e-05
2.87466 	1.19212e-05 	5.56476e-06 	-1.43459e-23 	1.20143e-05 	6.58531e-25 	1.19677e-05
2.88687 	1.20045e-05 	5.60729e-06 	-4.71792e-24 	1.21248e-05 	-7.6784e-25 	1.20648e-05
2.8986 	1.20645e-05 	5.62891e-06 	2.2405e-24 	1.22063e-05 	9.78384e-26 	1.21355e-05
2.90988 	1.21033e-05 	5.63252e-06 	-5.02428e-24 	1.22603e-05 	1.15265e-25 	1.21817e-05
2.92071 	1.21212e-05 	5.62714e-06 	-7.94192e-25 	1.22888e-05 	-2.3674e-25 	1.22049e-05
2.93111 	1.21184e-05 	5.61427e-06 	-9.64178e-26 	1.22932e-05 	-3.12566e-25 	1.22058e-05
2.94109 	1.20954e-05 	5.59262e-06 	3.74621e-24 	1.22738e-05 	-3.57372e-25 	1.21846e-05
2.95066 	1.20523e-05 	5.56318e-06 	5.08194e-24 	1.22309e-05 	3.83755e-25 	1.21417e-05
2.95983 	1.19892e-05 	5.52631e-06 	-1.28848e-24 	1.21643e-05 	5.27277e-25 	1.20768e-05
2.96861 	1.19054e-05 	5.48206e-06 	-2.67113e-24 	1.20736e-05 	-1.47172e-25 	1.19896e-05
2.97701 	1.17997e-05 	5.43057e-06 	2.75396e-25 	1.19577e-05 	-1.20543e-25 	1.18787e-05
2.98503 	1.16698e-05 	5.37133e-06 	-3.85389e-25 	1.18148e-05 	-2.83918e-26 	1.17422e-05
2.99267 	1.15122e-05 	5.30602e-06 	1.90922e-25 	1.16417e-05 	-1.40528e-25 	1.15769e-05
2.99992 	1.13211e-05 	5.24178e-06 	7.80895e-25 	1.14329e-05 	1.17825e-25 	1.1377e-05
3.00678 	1.1082e-05 	5.16031e-06 	-4.13577e-25 	1.11734e-05 	8.54099e-26 	1.11278e-05
3.01322 	1.07567e-05 	5.01768e-06 	-1.41312e-25 	1.08251e-05 	-8.419e-26 	1.0791e-05
3.01921 	1.02521e-05 	4.77773e-06 	1.46456e-25 	1.02974e-05 	-6.38711e-27 	1.02748e-05
3.02472 	9.34395e-06 	4.35079e-06 	-2.78128e-26 	9.36914e-06 	1.4406e-26 	9.3566e-06
3.02967 	7.47496e-06 	3.47831e-06 	1.16102e-26 	7.4855e-06 	-2.66499e-27 	7.48025e-06
