0.448511 	3.06843e-11 	-1.66452e-15 	8.72963e-31 	3.06714e-11 	-1.01538e-30 	3.06778e-11
0.449297 	1.641e-10 	-4.72318e-14 	-1.77524e-30 	1.63739e-10 	4.8575e-30 	1.63919e-10
0.45013 	9.3873e-10 	-5.74781e-13 	-2.86056e-28 	9.34411e-10 	3.61126e-28 	9.3657e-10
0.451013 	3.36329e-09 	-3.92816e-12 	6.60389e-26 	3.33423e-09 	-8.5471e-26 	3.34876e-09
0.451949 	9.07862e-09 	-1.82486e-11 	3.09884e-25 	8.94584e-09 	-2.90519e-25 	9.01224e-09
0.452942 	2.04899e-08 	-6.53472e-11 	-3.82332e-24 	2.00226e-08 	5.31424e-24 	2.02563e-08
0.453993 	4.09875e-08 	-1.94961e-10 	-1.34901e-23 	3.96185e-08 	1.31437e-23 	4.0303e-08
0.455108 	7.5238e-08 	-5.08881e-10 	5.2361e-23 	7.17329e-08 	-7.80825e-23 	7.34854e-08
0.45629 	1.29536e-07 	-1.19951e-09 	6.31697e-23 	1.2144e-07 	-3.97201e-23 	1.25488e-07
0.457543 	2.12188e-07 	-2.60753e-09 	-2.0325e-22 	1.9496e-07 	2.49557e-22 	2.03574e-07
0.458871 	3.3382e-07 	-5.29952e-09 	-1.1074e-22 	2.99597e-07 	1.11714e-22 	3.16709e-07
0.460278 	5.07407e-07 	-1.01554e-08 	2.65484e-22 	4.43441e-07 	-5.4573e-22 	4.75425e-07
0.46177 	7.4758e-07 	-1.84294e-08 	7.88841e-22 	6.34702e-07 	-5.90177e-22 	6.91143e-07
0.463352 	1.06865e-06 	-3.17085e-08 	-9.37329e-22 	8.80661e-07 	1.27171e-21 	9.74657e-07
0.465028 	1.48092e-06 	-5.16882e-08 	-5.70307e-23 	1.1863e-06 	7.72989e-23 	1.33362e-06
0.466805 	1.98604e-06 	-7.97556e-08 	6.89551e-22 	1.55299e-06 	-7.09847e-22 	1.76952e-06
0.468688 	2.57357e-06 	-1.16605e-07 	-1.71596e-21 	1.97766e-06 	3.29265e-21 	2.27561e-06
0.470684 	3.22192e-06 	-1.6221e-07 	-1.72586e-21 	2.45274e-06 	-1.81898e-21 	2.83732e-06
0.4728 	3.9041e-06 	-2.16239e-07 	9.32561e-21 	2.96714e-06 	-7.90254e-21 	3.4356e-06
0.475043 	4.59503e-06 	-2.78627e-07 	-9.62333e-21 	3.50805e-06 	1.85711e-20 	4.05153e-06
0.47742 	5.27626e-06 	-3.49843e-07 	-8.65877e-21 	4.06319e-06 	-1.51684e-20 	4.66974e-06
0.47994 	5.937e-06 	-4.30843e-07 	2.95075e-20 	4.62237e-06 	-3.90484e-21 	5.27972e-06
0.482611 	6.57258e-06 	-5.22799e-07 	-2.58389e-20 	5.17825e-06 	1.74609e-20 	5.87545e-06
0.485442 	7.18218e-06 	-6.26835e-07 	-1.59775e-21 	5.72626e-06 	-3.03637e-21 	6.45428e-06
0.488443 	7.76704e-06 	-7.44094e-07 	-7.11382e-21 	6.26419e-06 	-1.77386e-20 	7.01566e-06
0.491624 	8.32945e-06 	-8.75512e-07 	1.99699e-20 	6.79121e-06 	1.94167e-21 	7.56039e-06
0.494995 	8.87195e-06 	-1.02201e-06 	-9.73953e-21 	7.30767e-06 	8.29081e-22 	8.08986e-06
0.498568 	9.3969e-06 	-1.18435e-06 	1.4368e-20 	7.81451e-06 	3.43902e-21 	8.60577e-06
0.502356 	9.90661e-06 	-1.36325e-06 	-2.86064e-21 	8.31294e-06 	6.13292e-21 	9.1099e-06
0.50637 	1.0403e-05 	-1.55958e-06 	9.76936e-22 	8.8045e-06 	9.7245e-22 	9.60384e-06
0.510625 	1.08878e-05 	-1.77389e-06 	-5.39625e-22 	9.29063e-06 	3.43543e-22 	1.00893e-05
0.515135 	1.13625e-05 	-2.00679e-06 	1.08407e-20 	9.77279e-06 	-1.34386e-20 	1.05677e-05
0.519914 	1.18282e-05 	-2.25883e-06 	5.02883e-20 	1.02525e-05 	4.81749e-20 	1.10404e-05
0.52498 	1.22858e-05 	-2.53044e-06 	-8.14867e-20 	1.07313e-05 	-7.3888e-21 	1.15086e-05
0.53035 	1.27359e-05 	-2.82206e-06 	-3.72928e-20 	1.12109e-05 	-5.64587e-20 	1.19735e-05
0.53604 	1.31794e-05 	-3.13407e-06 	5.67412e-20 	1.16924e-05 	1.17656e-20 	1.24361e-05
0.542072 	1.36166e-05 	-3.46655e-06 	-1.28809e-21 	1.21774e-05 	1.55816e-20 	1.28972e-05
0.548464 	1.40476e-05 	-3.8195e-06 	-9.0531e-21 	1.26675e-05 	-2.83815e-21 	1.33577e-05
0.555239 	1.44723e-05 	-4.19277e-06 	2.9991e-21 	1.31639e-05 	-3.07724e-21 	1.38182e-05
0.562419 	1.48905e-05 	-4.58581e-06 	4.99861e-21 	1.36683e-05 	3.74739e-21 	1.42795e-05
0.570029 	1.5302e-05 	-4.99786e-06 	3.20454e-21 	1.4182e-05 	-1.09125e-21 	1.47422e-05
0.578094 	1.57065e-05 	-5.42806e-06 	4.01492e-20 	1.47064e-05 	-4.45419e-21 	1.52066e-05
0.586641 	1.61033e-05 	-5.87484e-06 	1.24352e-19 	1.52429e-05 	9.72942e-20 	1.56733e-05
0.595699 	1.64913e-05 	-6.3365e-06 	-1.61821e-19 	1.57929e-05 	-3.30862e-20 	1.61423e-05
0.605298 	1.68697e-05 	-6.81113e-06 	-1.02351e-19 	1.63586e-05 	-9.72523e-20 	1.66135e-05
0.615471 	1.7238e-05 	-7.29663e-06 	1.01396e-19 	1.69407e-05 	2.58477e-20 	1.70867e-05
0.626251 	1.76016e-05 	-7.783e-06 	-1.01142e-21 	1.753e-05 	1.836e-20 	1.75659e-05
0.637675 	1.79869e-05 	-8.25407e-06 	-9.69917e-22 	1.81032e-05 	-7.67299e-22 	1.80509e-05
0.649781 	1.84332e-05 	-8.60516e-06 	-1.13979e-22 	1.86381e-05 	-1.02414e-21 	1.85404e-05
0.66261 	1.89503e-05 	-8.85471e-06 	-7.31559e-22 	1.91397e-05 	-5.13539e-22 	1.90436e-05
0.676203 	1.95115e-05 	-9.10131e-06 	-9.28814e-23 	1.96369e-05 	-1.1813e-22 	1.9571e-05
0.690608 	2.00911e-05 	-9.35671e-06 	-1.367e-21 	2.01536e-05 	1.63859e-21 	2.01222e-05
0.705871 	2.06809e-05 	-9.62059e-06 	-2.39777e-20 	2.06979e-05 	3.64864e-21 	2.06901e-05
0.722043 	2.12772e-05 	-9.89134e-06 	-6.87865e-20 	2.12665e-05 	-4.20679e-20 	2.12722e-05
0.739179 	2.18741e-05 	-1.0167e-05 	7.70688e-20 	2.18554e-05 	1.73568e-20 	2.18652e-05
0.757335 	2.24651e-05 	-1.0445e-05 	1.04113e-20 	2.24607e-05 	1.4239e-20 	2.24633e-05
0.776572 	2.30426e-05 	-1.07222e-05 	-1.63297e-21 	2.30755e-05 	1.613e-21 	2.30593e-05
0.796952 	2.35977e-05 	-1.09945e-05 	1.38937e-21 	2.3692e-05 	-4.79213e-22 	2.36452e-05
0.818545 	2.41204e-05 	-1.1257e-05 	7.58714e-21 	2.43009e-05 	1.72885e-21 	2.42111e-05
0.84142 	2.46006e-05 	-1.1505e-05 	5.47017e-21 	2.489e-05 	4.61486e-21 	2.47455e-05
0.865653 	2.50251e-05 	-1.1732e-05 	-7.68497e-21 	2.54469e-05 	8.32398e-22 	2.5236e-05
0.891325 	2.538e-05 	-1.19314e-05 	-3.21361e-20 	2.59575e-05 	-3.26814e-21 	2.56688e-05
0.91852 	2.56519e-05 	-1.20966e-05 	-4.42874e-20 	2.64058e-05 	-1.85662e-20 	2.60287e-05
0.947326 	2.58262e-05 	-1.22195e-05 	4.56568e-20 	2.67752e-05 	5.14649e-21 	2.63003e-05
0.977839 	2.58879e-05 	-1.22928e-05 	2.08119e-20 	2.7049e-05 	7.4241e-21 	2.6468e-05
1.00376 	2.58491e-05 	-1.23122e-05 	3.9806e-24 	2.71906e-05 	2.41493e-21 	2.65194e-05
1.02039 	2.57848e-05 	-1.23058e-05 	7.46717e-22 	2.72413e-05 	7.70525e-22 	2.65125e-05
1.04439 	2.56265e-05 	-1.22647e-05 	4.588e-23 	2.72455e-05 	7.13958e-23 	2.64354e-05
1.08065 	2.52821e-05 	-1.21508e-05 	-5.94517e-23 	2.71385e-05 	-1.29629e-23 	2.62098e-05
1.11905 	2.47835e-05 	-1.19633e-05 	4.00501e-22 	2.68752e-05 	-5.34766e-22 	2.58288e-05
1.15971 	2.41263e-05 	-1.16993e-05 	1.1159e-20 	2.64468e-05 	-4.96248e-22 	2.5286e-05
1.20277 	2.33104e-05 	-1.13576e-05 	5.17499e-20 	2.585e-05 	1.02264e-20 	2.45794e-05
1.24837 	2.23403e-05 	-1.09399e-05 	-4.37226e-20 	2.50881e-05 	-6.27532e-21 	2.37135e-05
1.29664 	2.1228e-05 	-1.04514e-05 	6.69392e-20 	2.41726e-05 	8.34553e-21 	2.26995e-05
1.34775 	1.99886e-05 	-9.8988e-06 	-6.42947e-20 	2.31219e-05 	-5.9786e-21 	2.15549e-05
1.40187 	1.86534e-05 	-9.29651e-06 	9.44764e-21 	2.1969e-05 	-5.61493e-21 	2.03111e-05
1.45915 	1.72569e-05 	-8.66028e-06 	1.42581e-19 	2.07506e-05 	1.75979e-20 	1.90035e-05
1.51979 	1.58363e-05 	-8.00745e-06 	-1.31856e-19 	1.9506e-05 	-9.29612e-21 	1.76706e-05
1.58397 	1.44272e-05 	-7.35343e-06 	-1.69275e-20 	1.82722e-05 	-4.73701e-21 	1.63492e-05
1.65191 	1.30632e-05 	-6.71196e-06 	-7.23891e-21 	1.70772e-05 	-9.74115e-22 	1.50698e-05
1.7238 	1.17705e-05 	-6.09387e-06 	-2.57587e-22 	1.59379e-05 	-7.81799e-23 	1.38539e-05
1.79768 	1.05818e-05 	-5.51396e-06 	-2.50599e-22 	1.48766e-05 	-1.01962e-24 	1.27289e-05
1.86934 	9.54432e-06 	-4.99611e-06 	3.88947e-23 	1.39343e-05 	1.16591e-23 	1.17397e-05
1.93684 	8.67605e-06 	-4.51666e-06 	-2.76827e-22 	1.31077e-05 	-2.58192e-23 	1.08908e-05
2.00043 	7.98999e-06 	-4.00361e-06 	4.6828e-22 	1.233e-05 	2.95473e-23 	1.01599e-05
2.06034 	7.43934e-06 	-3.51909e-06 	-3.96911e-22 	1.15933e-05 	-9.98692e-24 	9.5168e-06
2.09229 	7.16754e-06 	-3.27343e-06 	-3.25564e-22 	1.12021e-05 	9.15442e-23 	9.18461e-06
2.11968 	6.95487e-06 	-3.07167e-06 	1.76358e-21 	1.08673e-05 	1.19138e-21 	8.9106e-06
2.16998 	6.58041e-06 	-2.70169e-06 	-4.52352e-20 	1.02554e-05 	-1.65265e-21 	8.4175e-06
2.2201 	6.23272e-06 	-2.33336e-06 	-6.2037e-20 	9.65494e-06 	-1.28727e-20 	7.94353e-06
2.26733 	5.92365e-06 	-1.98583e-06 	5.76996e-19 	9.10015e-06 	2.51526e-20 	7.51174e-06
2.31185 	5.6475e-06 	-1.6582e-06 	-2.94923e-19 	8.58812e-06 	1.85655e-20 	7.1179e-06
2.35381 	5.40045e-06 	-1.35023e-06 	-8.33279e-19 	8.11615e-06 	-4.56622e-20 	6.7584e-06
2.39336 	5.17944e-06 	-1.0602e-06 	5.96436e-19 	7.68171e-06 	-1.16686e-21 	6.4306e-06
2.43064 	4.98249e-06 	-7.881e-07 	7.37498e-20 	7.28279e-06 	2.41796e-20 	6.13229e-06
2.46578 	4.80676e-06 	-5.33371e-07 	-3.12424e-19 	6.91833e-06 	-1.383e-20 	5.86242e-06
2.49891 	4.6514e-06 	-2.94188e-07 	2.40871e-19 	6.58605e-06 	-2.14834e-21 	5.61874e-06
2.53015 	4.51507e-06 	-6.95357e-08 	4.88696e-20 	6.28498e-06 	6.61585e-21 	5.40025e-06
2.5596 	4.39767e-06 	1.41013e-07 	3.29425e-20 	6.01384e-06 	5.88134e-22 	5.20573e-06
2.58736 	4.29784e-06 	3.38565e-07 	3.23413e-20 	5.77234e-06 	-6.45442e-21 	5.03494e-06
2.61354 	4.21502e-06 	5.24353e-07 	2.37279e-19 	5.5601e-06 	2.54299e-20 	4.88758e-06
2.63822 	4.14965e-06 	6.9972e-07 	-5.0462e-19 	5.37635e-06 	-1.21582e-20 	4.76299e-06
2.6615 	4.10137e-06 	8.64767e-07 	2.03857e-19 	5.22079e-06 	-1.25679e-20 	4.66107e-06
2.68344 	4.07002e-06 	1.01974e-06 	8.69892e-22 	5.09302e-06 	7.60022e-21 	4.58157e-06
2.70414 	4.05565e-06 	1.1662e-06 	2.4791e-21 	4.99222e-06 	-1.73148e-21 	4.52397e-06
2.72365 	4.05781e-06 	1.30389e-06 	3.41049e-20 	4.91761e-06 	-1.26468e-20 	4.48779e-06
2.74206 	4.07626e-06 	1.43314e-06 	2.55365e-19 	4.86791e-06 	5.22069e-21 	4.47205e-06
2.75941 	4.10978e-06 	1.55443e-06 	1.26167e-20 	4.84169e-06 	1.74486e-20 	4.47573e-06
2.77578 	4.15742e-06 	1.6681e-06 	-9.63233e-20 	4.83687e-06 	3.55584e-20 	4.49712e-06
2.79122 	4.21745e-06 	1.77439e-06 	-5.941e-19 	4.85115e-06 	-3.82847e-20 	4.53431e-06
2.80577 	4.28803e-06 	1.87252e-06 	3.51696e-19 	4.88176e-06 	-2.85524e-20 	4.58492e-06
2.8195 	4.36705e-06 	1.96307e-06 	3.34429e-20 	4.92564e-06 	4.66121e-20 	4.6463e-06
2.83245 	4.45182e-06 	2.04635e-06 	-3.61323e-19 	4.97978e-06 	-2.73378e-20 	4.71579e-06
2.84466 	4.54002e-06 	2.12153e-06 	3.21279e-19 	5.04087e-06 	-2.07167e-20 	4.79042e-06
2.85618 	4.62907e-06 	2.18895e-06 	3.32848e-20 	5.10582e-06 	2.35305e-20 	4.86743e-06
2.86705 	4.7166e-06 	2.2492e-06 	-1.92422e-20 	5.17165e-06 	5.73995e-21 	4.94412e-06
2.87729 	4.80047e-06 	2.30248e-06 	-2.66624e-20 	5.23564e-06 	-7.60922e-21 	5.01803e-06
2.88696 	4.87863e-06 	2.35025e-06 	6.22346e-20 	5.29535e-06 	-3.48931e-20 	5.08701e-06
2.89607 	4.94995e-06 	2.38534e-06 	3.49124e-19 	5.34806e-06 	3.50573e-20 	5.14906e-06
2.90467 	5.01221e-06 	2.41162e-06 	-2.62202e-19 	5.39255e-06 	3.5601e-21 	5.20235e-06
2.91278 	5.06278e-06 	2.43241e-06 	2.26588e-19 	5.42788e-06 	9.10407e-21 	5.2453e-06
2.92043 	5.10037e-06 	2.44704e-06 	-2.80737e-19 	5.45265e-06 	2.78355e-20 	5.27645e-06
2.92764 	5.1248e-06 	2.45621e-06 	-1.0287e-19 	5.46565e-06 	1.36199e-20 	5.29521e-06
2.93445 	5.13713e-06 	2.45889e-06 	-3.69196e-19 	5.46581e-06 	-7.80543e-20 	5.30156e-06
2.94087 	5.13885e-06 	2.45103e-06 	5.36876e-19 	5.45257e-06 	-2.17453e-20 	5.29577e-06
2.94693 	5.13012e-06 	2.43724e-06 	-7.49172e-20 	5.42671e-06 	7.31015e-20 	5.27836e-06
2.95264 	5.11053e-06 	2.42017e-06 	-1.3471e-19 	5.38924e-06 	-2.48949e-20 	5.24986e-06
2.95802 	5.08021e-06 	2.39957e-06 	1.09929e-19 	5.34065e-06 	-1.63226e-20 	5.21043e-06
2.96311 	5.03927e-06 	2.37534e-06 	1.8275e-20 	5.28112e-06 	1.31774e-20 	5.1602e-06
2.9679 	4.98762e-06 	2.34726e-06 	-4.5937e-22 	5.21072e-06 	4.94441e-21 	5.09918e-06
2.97242 	4.92508e-06 	2.31555e-06 	-1.44436e-20 	5.12935e-06 	1.24371e-21 	5.02723e-06
2.97669 	4.85118e-06 	2.28002e-06 	-1.04867e-20 	5.03673e-06 	-2.51401e-21 	4.94396e-06
2.98071 	4.7652e-06 	2.24009e-06 	2.37424e-21 	4.93239e-06 	-2.42443e-21 	4.84879e-06
2.98451 	4.66622e-06 	2.19503e-06 	5.73727e-21 	4.81554e-06 	-1.30935e-21 	4.74087e-06
2.98809 	4.55304e-06 	2.14468e-06 	7.0632e-21 	4.68506e-06 	1.19901e-21 	4.61905e-06
2.99147 	4.42402e-06 	2.08299e-06 	-1.42655e-23 	4.53906e-06 	1.15419e-21 	4.48155e-06
2.99465 	4.2768e-06 	2.01102e-06 	2.27916e-23 	4.37556e-06 	-2.45523e-21 	4.32618e-06
2.99766 	4.10888e-06 	1.92964e-06 	8.36744e-21 	4.19253e-06 	-1.02643e-20 	4.1507e-06
3.00049 	3.91798e-06 	1.83784e-06 	3.46283e-20 	3.98796e-06 	3.4694e-20 	3.95297e-06
3.00317 	3.70231e-06 	1.73476e-06 	-9.87763e-20 	3.76008e-06 	-1.27762e-20 	3.73119e-06
3.00569 	3.46079e-06 	1.61998e-06 	5.22023e-20 	3.50781e-06 	-2.48887e-20 	3.48429e-06
3.00807 	3.19333e-06 	1.49354e-06 	6.84043e-21 	3.23105e-06 	6.07417e-21 	3.21219e-06
3.01032 	2.90109e-06 	1.3542e-06 	1.64949e-20 	2.93078e-06 	8.737e-21 	2.91594e-06
3.01243 	2.58632e-06 	1.19437e-06 	-1.37727e-20 	2.60905e-06 	-1.08472e-21 	2.59768e-06
3.01443 	2.2538e-06 	1.01865e-06 	9.67401e-21 	2.27062e-06 	1.44509e-21 	2.26221e-06
3.01632 	1.91208e-06 	8.35919e-07 	-8.5616e-21 	1.92407e-06 	3.81566e-21 	1.91807e-06
3.01809 	1.57312e-06 	6.54871e-07 	-1.11283e-21 	1.5813e-06 	-1.50179e-21 	1.57721e-06
3.01977 	1.25084e-06 	4.85969e-07 	-1.66077e-21 	1.25615e-06 	7.91245e-21 	1.25349e-06
3.02135 	9.58772e-07 	3.39246e-07 	-7.95344e-21 	9.62029e-07 	-5.84026e-21 	9.604e-07
3.02285 	7.07289e-07 	2.21573e-07 	4.43336e-21 	7.09165e-07 	-4.40654e-21 	7.08227e-07
3.02425 	5.01667e-07 	1.34895e-07 	9.51216e-22 	5.02676e-07 	1.62846e-21 	5.02172e-07
3.02558 	3.41741e-07 	7.63297e-08 	9.39929e-23 	3.42245e-07 	-4.57668e-22 	3.41993e-07
3.02683 	2.23096e-07 	4.00086e-08 	4.43504e-22 	2.23328e-07 	3.75633e-22 	2.23212e-07
3.02802 	1.38967e-07 	1.93153e-08 	-1.50973e-22 	1.39065e-07 	2.9479e-22 	1.39016e-07
3.02913 	8.19603e-08 	8.50224e-09 	-4.53427e-23 	8.19975e-08 	-6.14391e-23 	8.19788e-08
3.03018 	4.51896e-08 	3.35407e-09 	1.09896e-25 	4.52021e-08 	-3.28395e-23 	4.51958e-08
3.03118 	2.28223e-08 	1.15304e-09 	3.24502e-24 	2.28259e-08 	3.57723e-24 	2.28241e-08
3.03211 	1.02144e-08 	3.30246e-10 	-4.74499e-25 	1.02152e-08 	1.85086e-24 	1.02148e-08
3.03299 	3.83233e-09 	7.32927e-11 	-1.13768e-25 	3.83248e-09 	-1.17636e-25 	3.8324e-09
3.03383 	1.0931e-09 	1.12083e-11 	-5.27579e-28 	1.09312e-09 	-4.31522e-26 	1.09311e-09
3.03461 	2.00185e-10 	9.82694e-13 	3.15109e-29 	2.00186e-10 	-5.86793e-27 	2.00185e-10
3.03535 	3.85864e-11 	3.62228e-14 	3.0267e-29 	3.85864e-11 	1.97443e-28 	3.85864e-11
