0.00043385 	-2.35278e-05 	-8.96229e-09 	1.17714e-18
0.00132759 	-7.02721e-05 	-1.39403e-08 	1.81887e-18
0.00227498 	-0.000116703 	-1.96634e-08 	-2.08241e-18
0.00327924 	-0.00016279 	-3.75834e-08 	-1.23657e-18
0.00434378 	-0.000208124 	-6.17234e-08 	2.07556e-24
0.00547221 	-0.000252222 	-9.03313e-08 	-7.69944e-19
0.00666839 	-0.000294514 	-1.22574e-07 	1.10132e-19
0.00793636 	-0.000334331 	-1.57005e-07 	2.2566e-18
0.00928045 	-0.000370886 	-1.91369e-07 	-7.75314e-19
0.0107052 	-0.000403259 	-2.22593e-07 	1.04022e-18
0.0122155 	-0.000430387 	-2.46656e-07 	3.39939e-18
0.0138164 	-0.000451074 	-2.58473e-07 	-3.76186e-18
0.0155135 	-0.000464041 	-2.51924e-07 	-1.96539e-18
0.0173124 	-0.000468052 	-2.20247e-07 	-2.01981e-18
0.0192193 	-0.000462137 	-1.57071e-07 	-2.05881e-18
0.0212406 	-0.000445885 	-5.82246e-08 	1.88271e-18
0.0233833 	-0.000419688 	7.60909e-08 	9.10211e-19
0.0256546 	-0.000384778 	2.39876e-07 	1.73213e-18
0.0280623 	-0.00034296 	4.21695e-07 	3.09347e-18
0.0306144 	-0.00029617 	6.06723e-07 	-2.44332e-19
0.0333198 	-0.000246089 	7.79269e-07 	-4.43828e-18
0.0361875 	-0.00019395 	9.24522e-07 	4.07346e-19
0.0392274 	-0.000140533 	1.02921e-06 	9.84694e-19
0.0424498 	-8.62655e-05 	1.08147e-06 	3.54086e-24
0.0458656 	-3.13219e-05 	1.07047e-06 	-1.53857e-18
0.0494864 	2.42794e-05 	9.85916e-07 	-3.23361e-18
0.0533246 	8.06167e-05 	8.17614e-07 	1.70551e-18
0.0573931 	0.000137825 	5.55006e-07 	-6.68461e-19
0.0617059 	0.000196073 	1.87105e-07 	1.74157e-18
0.0662775 	0.000255549 	-2.97767e-07 	8.85569e-19
0.0711236 	0.000316453 	-9.12118e-07 	1.71545e-23
0.0762605 	0.000378996 	-1.66936e-06 	2.22401e-23
0.0817058 	0.000443398 	-2.58387e-06 	1.40222e-23
0.087478 	0.000509888 	-3.67106e-06 	1.26122e-23
0.0935966 	0.000578705 	-4.94739e-06 	-1.319e-19
0.100083 	0.000650104 	-6.43037e-06 	-5.49888e-19
0.106958 	0.000724351 	-8.13853e-06 	5.21976e-19
0.114246 	0.000801732 	-1.00914e-05 	5.45987e-19
0.121971 	0.000882554 	-1.23096e-05 	1.27262e-18
0.13016 	0.000967146 	-1.48143e-05 	-1.25044e-18
0.138841 	0.00105587 	-1.76276e-05 	-3.82538e-19
0.148043 	0.00114911 	-2.07717e-05 	-6.2688e-24
0.157797 	0.00124729 	-2.42694e-05 	-8.67804e-20
0.168136 	0.00135088 	-2.81428e-05 	-1.65009e-19
0.179097 	0.00146041 	-3.24136e-05 	2.329e-21
0.190715 	0.00157643 	-3.71018e-05 	2.86483e-19
0.20303 	0.00169959 	-4.22257e-05 	1.27021e-18
0.216085 	0.00183059 	-4.77999e-05 	-1.18503e-18
0.229923 	0.00197021 	-5.38285e-05 	-1.09685e-19
0.244592 	0.00211935 	-6.0306e-05 	-2.21319e-23
0.260142 	0.00227901 	-6.72407e-05 	-2.74852e-24
0.276625 	0.00245028 	-7.46179e-05 	1.6097e-19
0.294097 	0.00263441 	-8.24091e-05 	1.11314e-18
0.312618 	0.00283282 	-9.05686e-05 	-1.10219e-18
0.332251 	0.00304707 	-9.9029e-05 	-1.8352e-19
0.353063 	0.00327899 	-0.000107696 	-3.81579e-24
0.375123 	0.00353056 	-0.000116442 	3.55932e-19
0.398508 	0.00380408 	-0.000125098 	2.32651e-18
0.423296 	0.00410212 	-0.000133443 	-2.25375e-18
0.449573 	0.00442761 	-0.000141245 	1.56281e-18
0.477427 	0.00478377 	-0.000148113 	-1.5004e-19
0.506952 	0.00517419 	-0.000153603 	-1.51912e-18
0.53825 	0.00560285 	-0.000157173 	-7.53381e-20
0.571427 	0.00607413 	-0.000158102 	7.23808e-20
0.606595 	0.00659313 	-0.000155521 	-1.71538e-19
0.643874 	0.00717022 	-0.000149126 	-9.51998e-19
0.683391 	0.00782721 	-0.00013855 	8.59533e-19
0.725279 	0.00858617 	-0.000123452 	1.4204e-19
0.769683 	0.00945615 	-0.000102477 	-5.67285e-22
0.816751 	0.0104354 	-7.42805e-05 	-1.19832e-22
0.856985 	0.011304 	-4.57243e-05 	3.03571e-22
0.882662 	0.0118679 	-2.57346e-05 	8.2755e-22
0.919545 	0.0126858 	5.48374e-06 	-8.67468e-19
0.975622 	0.0139366 	5.65407e-05 	-1.9795e-18
1.03506 	0.0152563 	0.000114064 	3.2517e-18
1.09807 	0.0166271 	0.00017642 	-6.93034e-19
1.16486 	0.0180257 	0.000241177 	2.74738e-19
1.23566 	0.0194213 	0.000304682 	1.60837e-18
1.31071 	0.020782 	0.000362868 	-1.33993e-18
1.39026 	0.0220775 	0.000412008 	-1.65234e-19
1.47458 	0.0232835 	0.000448983 	1.32907e-21
1.56136 	0.0243544 	0.000471446 	7.41414e-22
1.64568 	0.0252565 	0.000480614 	-4.00616e-22
1.7152 	0.0259146 	0.000480534 	1.85317e-19
1.75383 	0.0262532 	0.000478183 	4.73058e-19
1.80032 	0.0266248 	0.000472485 	1.95596e-19
1.87118 	0.0271407 	0.000460173 	-2.62883e-19
1.93802 	0.0275687 	0.000445402 	-3.96499e-19
2.00106 	0.0279304 	0.000430217 	-1.00828e-18
2.06053 	0.0282412 	0.000415584 	1.15972e-18
2.11662 	0.028509 	0.000401543 	3.05884e-19
2.16953 	0.0287384 	0.000387923 	1.2141e-18
2.21944 	0.0289335 	0.000374811 	-9.12837e-20
2.26652 	0.0290981 	0.00036207 	-1.43352e-18
2.31093 	0.0292351 	0.000349725 	-1.35352e-19
2.35282 	0.0293469 	0.000337798 	-3.04849e-22
2.39233 	0.0294354 	0.000326284 	3.74811e-23
2.42961 	0.0295026 	0.000315216 	-4.06211e-19
2.46477 	0.0295496 	0.000304591 	-4.69384e-19
2.49793 	0.0295773 	0.000294402 	4.89612e-19
2.52922 	0.0295864 	0.000284636 	5.46021e-19
2.55874 	0.029577 	0.000275278 	-7.48095e-23
2.57797 	0.029561 	0.000269102 	1.8603e-22
2.59149 	0.0295427 	0.000264712 	2.4856e-22
2.61285 	0.0295036 	0.000257697 	2.09871e-22
2.63764 	0.0294391 	0.00024944 	8.04457e-19
2.66101 	0.0293552 	0.000241519 	1.38899e-18
2.68307 	0.0292516 	0.000233912 	-1.36806e-18
2.70387 	0.0291276 	0.000226599 	1.31109e-18
2.72349 	0.0289829 	0.000219562 	-1.88372e-18
2.742 	0.028817 	0.000212779 	-1.04113e-18
2.75946 	0.0286297 	0.00020623 	4.22081e-19
2.77593 	0.028421 	0.000199894 	3.14051e-18
2.79147 	0.0281911 	0.000193747 	-3.02119e-18
2.80612 	0.0279404 	0.000187767 	-1.29829e-18
2.81995 	0.0276696 	0.000181926 	-3.44092e-18
2.83299 	0.0273797 	0.000176201 	1.20505e-17
2.84529 	0.0270717 	0.00017057 	-6.8076e-18
2.85689 	0.0267472 	0.000165013 	-8.6948e-19
2.86784 	0.0264073 	0.000159507 	-7.36942e-19
2.87817 	0.0260533 	0.000154044 	-2.35063e-19
2.88791 	0.025684 	0.000148589 	-4.89506e-19
2.8971 	0.0252981 	0.000143096 	-8.8947e-18
2.90577 	0.0248968 	0.000137545 	1.62626e-17
2.91395 	0.0244833 	0.000131928 	7.1228e-18
2.92166 	0.0240607 	0.000126249 	-4.89882e-18
2.92894 	0.0236315 	0.000120515 	-5.48974e-19
2.9358 	0.0231976 	0.000114739 	-7.45561e-18
2.94228 	0.0227601 	0.000108936 	-1.24251e-17
2.94839 	0.0223193 	0.000103122 	1.15405e-17
2.95415 	0.0218752 	9.73151e-05 	1.01805e-18
2.95959 	0.0214268 	9.15351e-05 	-5.75111e-18
2.96472 	0.0209734 	8.58011e-05 	4.37651e-18
2.96955 	0.0205134 	8.01335e-05 	-1.27724e-17
2.97412 	0.020045 	7.45563e-05 	1.30415e-17
2.97842 	0.0195662 	6.90923e-05 	2.19544e-18
2.98249 	0.0190746 	6.37603e-05 	-1.38563e-22
2.98632 	0.0185676 	5.85786e-05 	1.92071e-22
2.98993 	0.0180423 	5.35621e-05 	1.47331e-23
2.99334 	0.0174958 	4.87291e-05 	3.50229e-23
2.99656 	0.0169249 	4.4096e-05 	2.25131e-18
2.99959 	0.0163267 	3.96774e-05 	1.81287e-17
3.00246 	0.0156984 	3.54863e-05 	-1.70225e-17
3.00516 	0.0150372 	3.15341e-05 	-3.06264e-18
3.0077 	0.0143398 	2.78247e-05 	-3.66231e-18
3.01011 	0.0136029 	2.43592e-05 	-1.47259e-17
3.01237 	0.0128243 	2.11384e-05 	-1.0202e-17
3.01451 	0.0120044 	1.81652e-05 	2.6706e-17
3.01653 	0.0111467 	1.54412e-05 	1.26426e-18
3.01843 	0.0102585 	1.29672e-05 	-1.23742e-17
3.02023 	0.00935076 	1.07424e-05 	2.09153e-17
3.02192 	0.00843743 	8.76413e-06 	-3.71841e-17
3.02352 	0.00753275 	7.02697e-06 	2.64932e-17
3.02503 	0.00664918 	5.5221e-06 	3.96117e-18
3.02645 	0.00579575 	4.23749e-06 	-7.47022e-19
3.02779 	0.00497782 	3.15861e-06 	5.05864e-19
3.02906 	0.00419779 	2.26946e-06 	1.23016e-17
3.03025 	0.00345602 	1.55338e-06 	-1.13711e-17
3.03138 	0.00275173 	9.93636e-07 	-1.65286e-18
3.03244 	0.00208358 	5.73936e-07 	6.63996e-19
3.03344 	0.00145001 	2.79806e-07 	2.11755e-24
3.03439 	0.000849449 	1.00525e-07 	1.1029e-18
3.03528 	0.000278587 	1.99459e-08 	3.97405e-19
