0.00043385 	3.20716e-11 	4.59246e-15 	7.58302e-30 	3.20717e-11 	-2.10961e-28 	3.20717e-11
0.00132759 	1.24369e-10 	1.18318e-13 	-2.14948e-28 	1.2437e-10 	-5.95249e-27 	1.2437e-10
0.00227498 	6.74808e-10 	1.30005e-12 	9.46616e-29 	6.7482e-10 	4.60644e-26 	6.74814e-10
0.00327924 	2.36235e-09 	8.1777e-12 	7.27233e-27 	2.36245e-09 	3.51411e-25 	2.3624e-09
0.00434378 	6.29382e-09 	3.53418e-11 	7.08543e-26 	6.2944e-09 	-9.85652e-25 	6.2941e-09
0.00547221 	1.40676e-08 	1.17961e-10 	-7.0176e-26 	1.40701e-08 	-8.00205e-24 	1.40688e-08
0.00666839 	2.78932e-08 	3.26972e-10 	-1.57519e-24 	2.79019e-08 	9.94798e-24 	2.78976e-08
0.00793636 	5.07394e-08 	7.87635e-10 	2.00597e-24 	5.07659e-08 	4.87048e-23 	5.07527e-08
0.00928045 	8.64977e-08 	1.69651e-09 	3.335e-25 	8.65689e-08 	-5.83128e-23 	8.65333e-08
0.0107052 	1.40129e-07 	3.32402e-09 	-1.82727e-29 	1.40304e-07 	-7.49636e-24 	1.40216e-07
0.0122155 	2.1772e-07 	5.97581e-09 	-1.38975e-29 	2.18119e-07 	2.17433e-28 	2.1792e-07
0.0138164 	3.26323e-07 	9.86809e-09 	-5.30123e-29 	3.27177e-07 	-1.15366e-22 	3.2675e-07
0.0155135 	4.73347e-07 	1.48666e-08 	-2.29805e-23 	4.75076e-07 	-4.45334e-22 	4.74211e-07
0.0173124 	6.65306e-07 	2.01023e-08 	-6.54965e-23 	6.68624e-07 	1.19937e-21 	6.66965e-07
0.0192193 	9.05915e-07 	2.3649e-08 	1.59517e-22 	9.1196e-07 	3.56207e-21 	9.08938e-07
0.0212406 	1.19414e-06 	2.26355e-08 	8.25603e-22 	1.2046e-06 	-4.99907e-21 	1.19937e-06
0.0233833 	1.52344e-06 	1.40354e-08 	-1.13344e-21 	1.54062e-06 	-5.65368e-21 	1.53203e-06
0.0256546 	1.88307e-06 	-4.22444e-09 	-8.37483e-23 	1.90986e-06 	6.71876e-21 	1.89646e-06
0.0280623 	2.26088e-06 	-3.26461e-08 	1.74671e-22 	2.30074e-06 	2.65828e-21 	2.2808e-06
0.0306144 	2.6462e-06 	-7.04255e-08 	8.81296e-22 	2.70295e-06 	-7.44439e-21 	2.67457e-06
0.0333198 	3.03119e-06 	-1.1619e-07 	-2.98281e-21 	3.10897e-06 	-1.83815e-21 	3.07008e-06
0.0361875 	3.41102e-06 	-1.68647e-07 	1.77448e-21 	3.51417e-06 	1.2508e-20 	3.4626e-06
0.0392274 	3.7832e-06 	-2.26772e-07 	2.22531e-22 	3.91619e-06 	-5.47501e-21 	3.8497e-06
0.0424498 	4.14686e-06 	-2.8995e-07 	-4.85319e-23 	4.31425e-06 	-4.12388e-21 	4.23056e-06
0.0458656 	4.50205e-06 	-3.57872e-07 	-1.67502e-21 	4.70851e-06 	-1.54607e-20 	4.60528e-06
0.0494864 	4.84936e-06 	-4.3048e-07 	-6.20538e-21 	5.09966e-06 	2.84906e-20 	4.97451e-06
0.0533246 	5.18965e-06 	-5.07781e-07 	1.249e-20 	5.48864e-06 	3.0043e-20 	5.33915e-06
0.0573931 	5.52389e-06 	-5.89909e-07 	3.63273e-21 	5.87651e-06 	-4.70888e-20 	5.7002e-06
0.0617059 	5.85306e-06 	-6.77161e-07 	-6.9554e-21 	6.26434e-06 	-9.82139e-21 	6.0587e-06
0.0662775 	6.17814e-06 	-7.69746e-07 	-1.00811e-21 	6.65319e-06 	2.52442e-20 	6.41567e-06
0.0711236 	6.50007e-06 	-8.67997e-07 	3.7441e-21 	7.04407e-06 	-4.53029e-21 	6.77207e-06
0.0762605 	6.81977e-06 	-9.72267e-07 	-2.84186e-21 	7.43797e-06 	3.07151e-21 	7.12887e-06
0.0817058 	7.13814e-06 	-1.08294e-06 	6.94533e-21 	7.83583e-06 	-5.4657e-21 	7.48699e-06
0.087478 	7.45604e-06 	-1.20041e-06 	-7.84452e-21 	8.23851e-06 	-1.8153e-20 	7.84727e-06
0.0935966 	7.77429e-06 	-1.32513e-06 	-7.82534e-22 	8.6468e-06 	1.54864e-20 	8.21055e-06
0.100083 	8.09377e-06 	-1.45759e-06 	-8.826e-23 	9.06155e-06 	1.39783e-21 	8.57766e-06
0.106958 	8.41536e-06 	-1.59825e-06 	-8.48507e-23 	9.48348e-06 	6.76958e-22 	8.94942e-06
0.114246 	8.73994e-06 	-1.74765e-06 	3.73815e-22 	9.91331e-06 	7.30251e-21 	9.32662e-06
0.121971 	9.06843e-06 	-1.90635e-06 	2.49143e-21 	1.03518e-05 	-6.54871e-21 	9.71008e-06
0.13016 	9.40185e-06 	-2.07493e-06 	-6.57936e-21 	1.07995e-05 	-1.11346e-20 	1.01006e-05
0.138841 	9.74118e-06 	-2.25398e-06 	3.81794e-21 	1.12571e-05 	4.85271e-21 	1.04991e-05
0.148043 	1.00875e-05 	-2.44419e-06 	2.73567e-21 	1.17251e-05 	-1.73189e-20 	1.09063e-05
0.157797 	1.04421e-05 	-2.6462e-06 	-5.42231e-21 	1.22043e-05 	1.8504e-20 	1.13232e-05
0.168136 	1.08061e-05 	-2.86072e-06 	2.71297e-21 	1.2695e-05 	2.74996e-20 	1.17506e-05
0.179097 	1.11811e-05 	-3.08847e-06 	4.15413e-22 	1.3198e-05 	-2.1681e-20 	1.21895e-05
0.190715 	1.15683e-05 	-3.33019e-06 	3.43331e-21 	1.37135e-05 	-8.26258e-21 	1.26409e-05
0.20303 	1.19693e-05 	-3.58662e-06 	2.96202e-21 	1.42421e-05 	3.2063e-21 	1.31057e-05
0.216085 	1.23859e-05 	-3.85855e-06 	-6.74623e-21 	1.47841e-05 	8.85593e-21 	1.3585e-05
0.229923 	1.28197e-05 	-4.14669e-06 	-2.65634e-22 	1.53398e-05 	-5.3007e-21 	1.40798e-05
0.244592 	1.32726e-05 	-4.45179e-06 	-4.3594e-26 	1.59096e-05 	-5.35532e-22 	1.45911e-05
0.260142 	1.37464e-05 	-4.77461e-06 	1.94176e-25 	1.64935e-05 	1.44447e-21 	1.51199e-05
0.276625 	1.4243e-05 	-5.11572e-06 	-2.28108e-21 	1.70914e-05 	1.23978e-20 	1.56672e-05
0.294097 	1.47645e-05 	-5.47564e-06 	-2.06389e-20 	1.77033e-05 	-6.84213e-21 	1.6234e-05
0.312618 	1.53127e-05 	-5.85487e-06 	2.0513e-20 	1.83291e-05 	-1.9321e-20 	1.68209e-05
0.332251 	1.58893e-05 	-6.2536e-06 	2.34706e-21 	1.8968e-05 	1.0321e-20 	1.74286e-05
0.353063 	1.64958e-05 	-6.67194e-06 	2.39339e-25 	1.9619e-05 	1.95068e-21 	1.80574e-05
0.375123 	1.71335e-05 	-7.10945e-06 	-7.5762e-24 	2.02808e-05 	1.88463e-24 	1.87072e-05
0.398508 	1.7803e-05 	-7.56553e-06 	3.88898e-25 	2.09515e-05 	-2.21156e-21 	1.93773e-05
0.423296 	1.85041e-05 	-8.03911e-06 	9.01831e-21 	2.16283e-05 	-2.62645e-20 	2.00663e-05
0.449573 	1.92359e-05 	-8.52823e-06 	9.24969e-20 	2.23076e-05 	8.15879e-21 	2.07718e-05
0.477427 	1.99959e-05 	-9.03017e-06 	-8.80055e-20 	2.29842e-05 	4.28449e-20 	2.14902e-05
0.506952 	2.07801e-05 	-9.54122e-06 	-1.13771e-20 	2.36518e-05 	-1.97508e-20 	2.2216e-05
0.53825 	2.15816e-05 	-1.00565e-05 	-4.88092e-25 	2.43024e-05 	-5.10653e-22 	2.29413e-05
0.571427 	2.23918e-05 	-1.05786e-05 	-1.2939e-20 	2.49243e-05 	1.10418e-20 	2.36567e-05
0.606595 	2.32073e-05 	-1.11396e-05 	-3.19023e-20 	2.54921e-05 	-3.44179e-21 	2.4352e-05
0.643874 	2.40516e-05 	-1.15761e-05 	2.82989e-20 	2.59605e-05 	-1.79049e-20 	2.50087e-05
0.683391 	2.48866e-05 	-1.18841e-05 	9.0235e-21 	2.63252e-05 	5.89966e-21 	2.56044e-05
0.725279 	2.56137e-05 	-1.21258e-05 	-1.28929e-23 	2.65852e-05 	2.09443e-21 	2.60982e-05
0.769683 	2.61432e-05 	-1.22821e-05 	3.20309e-24 	2.66985e-05 	-4.2037e-24 	2.64207e-05
0.816751 	2.6413e-05 	-1.23246e-05 	-5.10199e-22 	2.65982e-05 	-1.42595e-23 	2.65058e-05
0.866645 	2.6387e-05 	-1.22337e-05 	-7.11153e-22 	2.62316e-05 	-1.96617e-23 	2.63093e-05
0.919534 	2.60412e-05 	-1.1998e-05 	5.42954e-22 	2.55707e-05 	1.17484e-23 	2.5806e-05
0.975597 	2.53689e-05 	-1.1617e-05 	6.51106e-22 	2.46155e-05 	4.23418e-22 	2.49923e-05
1.03503 	2.43862e-05 	-1.11013e-05 	-6.0264e-21 	2.33945e-05 	1.71472e-21 	2.38903e-05
1.09802 	2.31382e-05 	-1.04752e-05 	-1.25008e-20 	2.19642e-05 	-7.99184e-22 	2.25512e-05
1.14865 	2.20545e-05 	-9.94546e-06 	1.22672e-20 	2.07803e-05 	-2.95497e-21 	2.14174e-05
1.18301 	2.1299e-05 	-9.58183e-06 	2.99329e-20 	1.99786e-05 	-2.44025e-21 	2.06387e-05
1.23559 	2.01635e-05 	-9.04197e-06 	2.77006e-20 	1.88013e-05 	9.90858e-23 	1.94822e-05
1.31062 	1.86238e-05 	-8.31933e-06 	-2.7522e-20 	1.72435e-05 	3.01739e-21 	1.79335e-05
1.39016 	1.71588e-05 	-7.64002e-06 	-1.98782e-20 	1.57943e-05 	7.99629e-22 	1.64766e-05
1.47447 	1.58099e-05 	-7.01864e-06 	-5.17558e-20 	1.44788e-05 	-3.61055e-22 	1.51443e-05
1.56124 	1.46077e-05 	-6.46307e-06 	5.82941e-20 	1.33137e-05 	-3.0817e-21 	1.39607e-05
1.64556 	1.35736e-05 	-5.98502e-06 	-5.21338e-21 	1.23092e-05 	1.06847e-21 	1.29414e-05
1.72509 	1.26918e-05 	-5.56778e-06 	1.87719e-20 	1.14337e-05 	-2.80392e-22 	1.20636e-05
1.80013 	1.19279e-05 	-5.14976e-06 	1.77579e-20 	1.066e-05 	-6.20913e-23 	1.12944e-05
1.87091 	1.12434e-05 	-4.70577e-06 	-1.34857e-22 	9.97866e-06 	2.15614e-21 	1.06105e-05
1.93769 	1.06158e-05 	-4.27331e-06 	-8.41628e-20 	9.37595e-06 	1.1368e-20 	9.99571e-06
2.00069 	1.00348e-05 	-3.85284e-06 	-4.8016e-19 	8.83878e-06 	-8.08754e-21 	9.43667e-06
2.06012 	9.49784e-06 	-3.44747e-06 	5.19153e-19 	8.35264e-06 	-1.90797e-20 	8.92501e-06
2.11618 	8.99954e-06 	-3.05796e-06 	7.87194e-20 	7.9101e-06 	1.70177e-20 	8.45486e-06
2.16907 	8.5372e-06 	-2.68511e-06 	-2.44001e-19 	7.50514e-06 	-3.01877e-21 	8.02112e-06
2.21896 	8.10764e-06 	-2.32994e-06 	2.55214e-19 	7.13425e-06 	-6.70414e-21 	7.62088e-06
2.26603 	7.70806e-06 	-1.99176e-06 	5.26253e-21 	6.7944e-06 	5.31436e-21 	7.25142e-06
2.31043 	7.33716e-06 	-1.67078e-06 	4.55024e-23 	6.48233e-06 	5.42139e-23 	6.90982e-06
2.35232 	6.99265e-06 	-1.36664e-06 	2.17518e-23 	6.19624e-06 	4.1139e-25 	6.59455e-06
2.39184 	6.67351e-06 	-1.0784e-06 	1.33529e-23 	5.93428e-06 	-4.09501e-21 	6.30398e-06
2.42912 	6.37868e-06 	-8.06556e-07 	1.30089e-19 	5.69502e-06 	-1.13088e-20 	6.03693e-06
2.46429 	6.10723e-06 	-5.50639e-07 	2.91925e-19 	5.47732e-06 	1.39647e-20 	5.79247e-06
2.49746 	5.85886e-06 	-3.09812e-07 	-2.53333e-19 	5.28009e-06 	1.38063e-20 	5.5697e-06
2.52876 	5.63321e-06 	-8.34498e-08 	-1.53439e-19 	5.10261e-06 	-7.02276e-21 	5.36804e-06
2.55829 	5.42984e-06 	1.2919e-07 	-1.22891e-21 	4.94444e-06 	-1.18472e-20 	5.18721e-06
2.57764 	5.30212e-06 	2.68096e-07 	4.94042e-20 	4.84606e-06 	-1.30076e-20 	5.07414e-06
2.59116 	5.21693e-06 	3.6481e-07 	1.91231e-19 	4.78109e-06 	-1.12029e-20 	4.99903e-06
2.61242 	5.0891e-06 	5.16209e-07 	2.63751e-19 	4.6846e-06 	8.57559e-21 	4.88688e-06
2.63721 	4.95179e-06 	6.91794e-07 	-5.92096e-20 	4.58286e-06 	1.97909e-20 	4.76738e-06
2.66059 	4.8368e-06 	8.5675e-07 	-1.63394e-19 	4.50002e-06 	-5.76831e-21 	4.66846e-06
2.68265 	4.74415e-06 	1.01163e-06 	5.02245e-20 	4.43616e-06 	-2.84774e-22 	4.59014e-06
2.70346 	4.67361e-06 	1.15714e-06 	-1.23966e-19 	4.3914e-06 	1.31924e-20 	4.53247e-06
2.7231 	4.62492e-06 	1.29434e-06 	-1.52587e-19 	4.36567e-06 	3.04586e-21 	4.49526e-06
2.74162 	4.5976e-06 	1.42357e-06 	-1.68945e-19 	4.35872e-06 	-3.79813e-20 	4.47815e-06
2.75909 	4.59091e-06 	1.54549e-06 	4.17645e-19 	4.37004e-06 	-5.32526e-21 	4.48048e-06
2.77557 	4.60374e-06 	1.66075e-06 	-6.66815e-20 	4.39884e-06 	2.29857e-20 	4.50131e-06
2.79112 	4.63463e-06 	1.76991e-06 	7.9688e-20 	4.444e-06 	1.01584e-20 	4.53936e-06
2.80579 	4.68189e-06 	1.87307e-06 	-1.86161e-19 	4.50399e-06 	2.91003e-20 	4.59295e-06
2.81963 	4.7433e-06 	1.9703e-06 	-2.66375e-19 	4.57707e-06 	-3.64277e-20 	4.6602e-06
2.83268 	4.81662e-06 	2.06192e-06 	2.1779e-19 	4.66112e-06 	-2.8567e-20 	4.73885e-06
2.845 	4.89923e-06 	2.14755e-06 	7.23103e-20 	4.7539e-06 	1.86137e-20 	4.82655e-06
2.85662 	4.98854e-06 	2.22722e-06 	1.86979e-20 	4.85297e-06 	6.19814e-21 	4.92078e-06
2.86758 	5.08205e-06 	2.30225e-06 	-4.67558e-21 	4.95586e-06 	-1.02841e-20 	5.01895e-06
2.87792 	5.17707e-06 	2.37494e-06 	1.00442e-19 	5.06028e-06 	1.47129e-20 	5.11864e-06
2.88767 	5.27068e-06 	2.42548e-06 	-1.09154e-19 	5.16439e-06 	2.79721e-20 	5.21751e-06
2.89687 	5.36099e-06 	2.47007e-06 	-1.38779e-19 	5.26513e-06 	-2.70548e-20 	5.31306e-06
2.90555 	5.44446e-06 	2.51134e-06 	9.73283e-20 	5.35854e-06 	-1.83536e-20 	5.40152e-06
2.91374 	5.51724e-06 	2.5475e-06 	2.24271e-20 	5.44078e-06 	1.24571e-20 	5.47901e-06
2.92147 	5.57612e-06 	2.57712e-06 	-9.85781e-22 	5.50884e-06 	2.74338e-21 	5.54249e-06
2.92876 	5.61896e-06 	2.59904e-06 	-2.53162e-22 	5.56069e-06 	-8.1975e-24 	5.58983e-06
2.93563 	5.64448e-06 	2.61308e-06 	4.37614e-22 	5.59511e-06 	1.34754e-23 	5.61981e-06
2.94212 	5.65218e-06 	2.61869e-06 	-1.6087e-21 	5.61137e-06 	-5.58088e-23 	5.63178e-06
2.94824 	5.6418e-06 	2.61572e-06 	1.9198e-21 	5.60926e-06 	-1.4542e-21 	5.62554e-06
2.95401 	5.61346e-06 	2.60455e-06 	7.40286e-21 	5.58868e-06 	-1.57287e-20 	5.60108e-06
2.95945 	5.56733e-06 	2.58477e-06 	7.9211e-20 	5.54969e-06 	1.66956e-20 	5.5585e-06
2.96459 	5.50347e-06 	2.55644e-06 	-7.04609e-20 	5.49234e-06 	1.38588e-20 	5.49791e-06
2.96944 	5.422e-06 	2.51998e-06 	1.67248e-21 	5.41654e-06 	-1.17083e-20 	5.41927e-06
2.97401 	5.32278e-06 	2.47508e-06 	-7.59649e-21 	5.32219e-06 	1.30472e-21 	5.32247e-06
2.97832 	5.20546e-06 	2.42136e-06 	-6.63683e-21 	5.20891e-06 	-1.29177e-21 	5.20718e-06
2.98239 	5.06949e-06 	2.35874e-06 	-1.34457e-26 	5.0761e-06 	-3.96786e-21 	5.0728e-06
2.98623 	4.91402e-06 	2.28705e-06 	8.59469e-21 	4.92293e-06 	-1.68622e-20 	4.91848e-06
2.98985 	4.73795e-06 	2.20565e-06 	5.58641e-20 	4.7484e-06 	1.84699e-20 	4.74318e-06
2.99326 	4.54003e-06 	2.11378e-06 	-4.71808e-20 	4.55128e-06 	1.35102e-20 	4.54565e-06
2.99649 	4.3189e-06 	2.01087e-06 	-8.49195e-22 	4.33035e-06 	-1.24982e-20 	4.32462e-06
2.99953 	4.07332e-06 	1.89664e-06 	1.64673e-21 	4.08446e-06 	1.84015e-21 	4.07889e-06
3.00239 	3.80238e-06 	1.77055e-06 	-6.70102e-21 	3.81278e-06 	1.3285e-21 	3.80758e-06
3.0051 	3.50551e-06 	1.63087e-06 	-3.133e-21 	3.51486e-06 	-1.61788e-21 	3.51019e-06
3.00765 	3.18235e-06 	1.46931e-06 	-2.96193e-23 	3.1904e-06 	6.70354e-22 	3.18637e-06
3.01006 	2.83441e-06 	1.29182e-06 	-1.98212e-21 	2.84106e-06 	1.07918e-20 	2.83773e-06
3.01233 	2.46624e-06 	1.10049e-06 	-1.41205e-20 	2.47149e-06 	-1.02799e-20 	2.46887e-06
3.01447 	2.08621e-06 	9.00289e-07 	1.0158e-20 	2.09017e-06 	-7.7255e-21 	2.08819e-06
3.01649 	1.70697e-06 	7.00058e-07 	1.72043e-21 	1.7098e-06 	4.0531e-21 	1.70838e-06
3.0184 	1.34452e-06 	5.11969e-07 	4.88816e-22 	1.34641e-06 	-7.16531e-21 	1.34547e-06
3.0202 	1.01562e-06 	3.48677e-07 	4.86996e-21 	1.01681e-06 	5.73967e-21 	1.01621e-06
3.0219 	7.33897e-07 	2.19445e-07 	-2.87742e-21 	7.34584e-07 	3.55118e-21 	7.3424e-07
3.0235 	5.06546e-07 	1.26983e-07 	-2.27132e-22 	5.06912e-07 	-1.73253e-21 	5.06728e-07
3.02501 	3.33407e-07 	6.73244e-08 	-2.24563e-23 	3.33585e-07 	3.43248e-22 	3.33497e-07
3.02643 	2.08586e-07 	3.25661e-08 	-1.48663e-22 	2.08664e-07 	-2.49773e-22 	2.08625e-07
3.02778 	1.23214e-07 	1.42568e-08 	6.13085e-23 	1.23245e-07 	-2.46616e-22 	1.2323e-07
3.02905 	6.79047e-08 	5.56238e-09 	2.93573e-23 	6.79154e-08 	6.52264e-23 	6.791e-08
3.03024 	3.42169e-08 	1.88234e-09 	-4.0308e-24 	3.422e-08 	2.59135e-23 	3.42184e-08
3.03137 	1.52434e-08 	5.27868e-10 	-1.38263e-24 	1.52442e-08 	1.86436e-25 	1.52438e-08
3.03244 	5.66732e-09 	1.13725e-10 	-1.99034e-25 	5.66746e-09 	-8.10169e-25 	5.66739e-09
3.03344 	1.5849e-09 	1.66159e-11 	2.62434e-26 	1.58491e-09 	-2.68372e-26 	1.58491e-09
3.03439 	2.76527e-10 	1.36003e-12 	-2.34066e-28 	2.76527e-10 	1.08331e-26 	2.76527e-10
3.03528 	3.97919e-11 	4.69843e-14 	-6.25216e-30 	3.97919e-11 	-2.1291e-28 	3.97919e-11
