0.448502 	-1.3693e-05 	1.06407e-05 	1.46392e-20
0.449288 	-4.15577e-05 	3.23218e-05 	1.8689e-22
0.450122 	-7.09776e-05 	5.5253e-05 	-1.3401e-20
0.451005 	-0.00010213 	7.95794e-05 	-3.04378e-22
0.451941 	-0.000135117 	0.000105385 	-1.19886e-19
0.452933 	-0.000170043 	0.00013276 	-1.4235e-18
0.453985 	-0.000207019 	0.000161799 	1.43798e-18
0.4551 	-0.000246161 	0.000192604 	9.46624e-20
0.456282 	-0.000287591 	0.000225281 	-1.35833e-18
0.457534 	-0.000331435 	0.000259942 	1.28678e-18
0.458862 	-0.000377825 	0.000296704 	-5.83129e-19
0.46027 	-0.000426897 	0.000335689 	8.33128e-19
0.461762 	-0.000478791 	0.000377024 	1.12109e-19
0.463343 	-0.000533647 	0.00042084 	8.62052e-20
0.46502 	-0.000591605 	0.000467267 	-4.56835e-19
0.466796 	-0.000652801 	0.000516435 	-2.56159e-18
0.46868 	-0.00071736 	0.000568471 	2.86531e-18
0.470676 	-0.000785389 	0.000623486 	6.69523e-21
0.472792 	-0.000856964 	0.000681571 	-3.56738e-18
0.475035 	-0.000932114 	0.000742784 	3.77539e-18
0.477413 	-0.0010108 	0.00080713 	3.18524e-18
0.479933 	-0.00109289 	0.000874539 	-2.59721e-18
0.482604 	-0.00117809 	0.000944833 	-4.332e-19
0.485435 	-0.00126597 	0.00101769 	4.30553e-19
0.488436 	-0.00135584 	0.00109263 	2.106e-18
0.491616 	-0.0014468 	0.00116895 	-2.47154e-18
0.494988 	-0.00153763 	0.00124573 	-3.97862e-19
0.498561 	-0.00162694 	0.00132189 	-1.81329e-18
0.502349 	-0.00171317 	0.0013962 	-2.30932e-19
0.506363 	-0.0017947 	0.00146739 	1.70593e-18
0.510618 	-0.00187008 	0.00153431 	4.44546e-19
0.515128 	-0.00193807 	0.00159597 	-4.02725e-19
0.519908 	-0.00199778 	0.00165166 	-2.57667e-18
0.524974 	-0.00204871 	0.00170096 	2.62165e-18
0.530343 	-0.00209065 	0.00174373 	1.58949e-19
0.536034 	-0.00212369 	0.00178004 	1.96008e-20
0.542066 	-0.0021481 	0.00181012 	-1.602e-20
0.548458 	-0.00216426 	0.00183429 	6.86451e-20
0.555233 	-0.00217259 	0.00185292 	1.14597e-19
0.562414 	-0.0021735 	0.00186635 	1.89755e-20
0.570024 	-0.00216737 	0.00187489 	-1.58503e-19
0.578089 	-0.00215451 	0.00187883 	3.9751e-22
0.586636 	-0.00213516 	0.00187838 	1.14951e-21
0.595694 	-0.00210954 	0.00187371 	-2.96623e-20
0.605293 	-0.00207777 	0.00186494 	1.18959e-21
0.615466 	-0.00203991 	0.00185212 	8.612e-20
0.626247 	-0.00199594 	0.00183524 	-1.09821e-20
0.637671 	-0.00194576 	0.00181423 	-3.91736e-20
0.649778 	-0.00188905 	0.00178894 	7.31971e-20
0.662606 	-0.00182523 	0.00175911 	1.16038e-19
0.6762 	-0.00175322 	0.00172431 	-6.97778e-20
0.690605 	-0.00167102 	0.00168386 	-1.03661e-19
0.705868 	-0.00157506 	0.00163674 	1.49772e-19
0.722041 	-0.00145924 	0.00158134 	9.65102e-19
0.739177 	-0.00131389 	0.00151542 	-9.72103e-19
0.757334 	-0.00112535 	0.00143638 	-1.7648e-19
0.776571 	-0.000875621 	0.00134161 	-1.08622e-20
0.796952 	-0.000540407 	0.0012284 	-1.43577e-21
0.818544 	-8.77785e-05 	0.00109425 	-1.30956e-19
0.84142 	0.000524054 	0.000937098 	-1.57701e-19
0.865654 	0.00135656 	0.000755364 	1.24642e-19
0.891326 	0.00251342 	0.00054961 	2.9734e-19
0.918521 	0.00414393 	0.000326588 	1.27487e-18
0.947328 	0.00635199 	0.000112068 	1.27366e-18
0.977841 	0.00906859 	-5.41388e-05 	-1.06308e-18
1.00381 	0.0114662 	-0.000133721 	-1.17666e-18
1.02043 	0.0129758 	-0.000156473 	-3.20479e-19
1.04439 	0.0149439 	-0.00015319 	-1.33075e-21
1.08065 	0.0174679 	-0.000111623 	3.95973e-23
1.11905 	0.0194466 	-5.58198e-05 	-9.4629e-20
1.15971 	0.0209057 	-1.46661e-05 	-4.35522e-19
1.20277 	0.0219907 	4.18655e-06 	1.37903e-19
1.24837 	0.0228631 	6.38959e-06 	5.57863e-19
1.29664 	0.0236412 	1.24323e-06 	-5.39648e-19
1.34776 	0.0243903 	-3.73342e-06 	2.03627e-19
1.40187 	0.0251372 	-4.64041e-06 	1.77759e-20
1.45915 	0.0258879 	-3.91551e-07 	-3.15337e-19
1.51979 	0.0266394 	8.84619e-06 	4.72622e-19
1.58397 	0.0273834 	2.25907e-05 	-1.34484e-19
1.65191 	0.0281098 	3.98073e-05 	-1.35979e-20
1.72381 	0.0288051 	5.89385e-05 	-9.57884e-22
1.79768 	0.0294395 	7.75656e-05 	9.9091e-23
1.86934 	0.0299803 	9.34447e-05 	-7.91627e-20
1.93684 	0.0304273 	0.000105897 	-1.92449e-19
2.00043 	0.0307949 	0.000114956 	2.68136e-19
2.06034 	0.0310974 	0.000120869 	6.77772e-20
2.0924 	0.0312463 	0.000123176 	-1.31403e-19
2.11978 	0.0313599 	0.000124179 	-5.9115e-20
2.16998 	0.0315542 	0.000124997 	1.82962e-22
2.2201 	0.031724 	0.000124023 	-7.47518e-20
2.26733 	0.0318628 	0.000121563 	-3.70915e-19
2.31185 	0.031975 	0.000117974 	3.62815e-19
2.35381 	0.0320644 	0.000113558 	1.87918e-18
2.39336 	0.0321334 	0.000108556 	-1.6983e-18
2.43064 	0.0321839 	0.000103167 	-2.89988e-19
2.46578 	0.0322175 	9.75501e-05 	3.3566e-23
2.49891 	0.0322352 	9.18086e-05 	-7.99136e-22
2.53015 	0.0322379 	8.60309e-05 	2.9458e-19
2.5596 	0.0322259 	8.02818e-05 	1.58849e-18
2.58736 	0.0321995 	7.46082e-05 	-1.94832e-18
2.61354 	0.0321587 	6.90429e-05 	-1.0853e-18
2.63822 	0.0321034 	6.3607e-05 	9.26686e-19
2.6615 	0.0320334 	5.83129e-05 	9.13597e-20
2.68344 	0.0319484 	5.31657e-05 	-4.87743e-19
2.70414 	0.0318481 	4.81579e-05 	-3.39789e-18
2.72365 	0.0317325 	4.32914e-05 	3.74025e-18
2.74206 	0.0316014 	3.85628e-05 	4.20193e-19
2.75941 	0.0314547 	3.39644e-05 	-7.54397e-23
2.77578 	0.0312927 	2.94887e-05 	4.26034e-20
2.79122 	0.0311157 	2.51291e-05 	1.33137e-19
2.80577 	0.0309242 	2.08808e-05 	-6.213e-20
2.8195 	0.0307187 	1.67417e-05 	-1.36993e-19
2.83245 	0.0305001 	1.27128e-05 	-4.86492e-23
2.84466 	0.030269 	8.79831e-06 	-1.03746e-22
2.85618 	0.0300262 	5.00565e-06 	6.35513e-20
2.86705 	0.0297724 	1.34517e-06 	5.45881e-20
2.87729 	0.0295082 	-2.17023e-06 	2.54529e-19
2.88696 	0.029234 	-5.52569e-06 	-2.3319e-19
2.89607 	0.02895 	-8.70508e-06 	-2.59289e-18
2.90467 	0.0286563 	-1.16917e-05 	1.91007e-18
2.91278 	0.0283526 	-1.44689e-05 	-1.8853e-18
2.92043 	0.0280388 	-1.70211e-05 	2.40122e-18
2.92764 	0.0277141 	-1.93338e-05 	2.10819e-19
2.93445 	0.0273777 	-2.1395e-05 	-2.13139e-19
2.94087 	0.0270289 	-2.31948e-05 	-2.48009e-19
2.94693 	0.0266664 	-2.47265e-05 	5.00459e-19
2.95264 	0.0262889 	-2.59872e-05 	3.03812e-18
2.95802 	0.0258952 	-2.69788e-05 	-3.48899e-18
2.96311 	0.0254836 	-2.77006e-05 	-3.84423e-18
2.9679 	0.0250518 	-2.81416e-05 	4.06728e-18
2.97242 	0.0245963 	-2.82878e-05 	5.0656e-18
2.97669 	0.0241134 	-2.8129e-05 	-6.20213e-20
2.98071 	0.0236007 	-2.76725e-05 	-4.19993e-18
2.98451 	0.0230563 	-2.69439e-05 	-7.43413e-19
2.98809 	0.0224787 	-2.59775e-05 	-3.76428e-19
2.99147 	0.0218666 	-2.48102e-05 	-6.03084e-22
2.99465 	0.0212191 	-2.34806e-05 	2.77984e-22
2.99766 	0.0205355 	-2.20264e-05 	-9.71476e-19
3.00049 	0.0198154 	-2.04839e-05 	-4.33782e-18
3.00317 	0.0190585 	-1.88869e-05 	9.59054e-18
3.00569 	0.0182652 	-1.72662e-05 	-3.11964e-18
3.00807 	0.0174364 	-1.56493e-05 	5.9082e-19
3.01032 	0.0165733 	-1.40598e-05 	-3.23903e-20
3.01243 	0.0156782 	-1.25191e-05 	-1.21763e-18
3.01443 	0.0147529 	-1.10496e-05 	-6.13698e-19
3.01632 	0.0137976 	-9.66049e-06 	2.57316e-22
3.01809 	0.0128142 	-8.36079e-06 	1.36741e-18
3.01977 	0.0118104 	-7.15478e-06 	8.99019e-18
3.02135 	0.0107967 	-6.04633e-06 	6.27468e-18
3.02285 	0.00978597 	-5.03871e-06 	-1.37033e-17
3.02425 	0.0087906 	-4.13366e-06 	-2.77306e-18
3.02558 	0.00782166 	-3.3313e-06 	-2.5403e-18
3.02683 	0.00688729 	-2.63007e-06 	-1.13143e-17
3.02802 	0.00599258 	-2.02672e-06 	1.05407e-17
3.02913 	0.0051399 	-1.51649e-06 	2.45075e-18
3.03018 	0.00432971 	-1.09346e-06 	-1.57262e-18
3.03118 	0.00356125 	-7.5099e-07 	-5.63239e-18
3.03211 	0.00283311 	-4.82064e-07 	8.86105e-19
3.03299 	0.00214359 	-2.79617e-07 	5.03389e-18
3.03383 	0.00149088 	-1.37261e-07 	-3.67077e-19
3.03461 	0.000873191 	-5.00171e-08 	-1.15334e-18
3.03535 	0.00028652 	-9.81796e-09 	-3.09001e-19
