0.00043385 	3.45305e-11 	9.60574e-16 	1.19727e-31 	3.45305e-11 	4.29097e-30 	3.45305e-11
0.00132759 	2.08787e-11 	2.14488e-14 	1.89762e-29 	2.0878e-11 	-8.15632e-29 	2.08784e-11
0.00227498 	9.50885e-11 	2.16554e-13 	-1.22847e-28 	9.50782e-11 	-1.0008e-27 	9.50833e-11
0.00327924 	3.13692e-10 	1.31308e-12 	-3.11984e-28 	3.13612e-10 	2.32838e-27 	3.13652e-10
0.00434378 	8.12325e-10 	5.70567e-12 	-1.60389e-28 	8.119e-10 	3.66797e-26 	8.12113e-10
0.00547221 	1.78847e-09 	1.97133e-11 	2.17308e-26 	1.78674e-09 	-1.38299e-26 	1.78761e-09
0.00666839 	3.51663e-09 	5.77566e-11 	-4.0396e-27 	3.51075e-09 	-4.08709e-25 	3.51369e-09
0.00793636 	6.36932e-09 	1.49603e-10 	-1.05586e-25 	6.35199e-09 	-1.01324e-25 	6.36065e-09
0.00928045 	1.08438e-08 	3.52298e-10 	-5.41022e-26 	1.0798e-08 	3.39857e-24 	1.08209e-08
0.0107052 	1.75949e-08 	7.68879e-10 	1.50819e-24 	1.74843e-08 	2.0092e-24 	1.75396e-08
0.0122155 	2.74739e-08 	1.57606e-09 	1.1884e-24 	2.72251e-08 	-1.8896e-23 	2.73494e-08
0.0138164 	4.15707e-08 	3.06224e-09 	-5.82577e-24 	4.10446e-08 	-1.25658e-23 	4.13075e-08
0.0155135 	6.12549e-08 	5.67419e-09 	-2.72384e-24 	6.02001e-08 	1.68929e-23 	6.07273e-08
0.0173124 	8.8202e-08 	1.00636e-08 	-1.58878e-23 	8.61865e-08 	9.77029e-24 	8.71938e-08
0.0192193 	1.24384e-07 	1.71113e-08 	-6.79312e-24 	1.20701e-07 	4.71608e-23 	1.22541e-07
0.0212406 	1.71993e-07 	2.78923e-08 	1.12934e-23 	1.65544e-07 	-8.40554e-24 	1.68767e-07
0.0233833 	2.33272e-07 	4.35324e-08 	-1.81084e-23 	2.22444e-07 	7.91683e-23 	2.27855e-07
0.0256546 	3.1024e-07 	6.49273e-08 	3.20026e-23 	2.92805e-07 	1.12223e-22 	3.01517e-07
0.0280623 	4.0435e-07 	9.23581e-08 	-4.1205e-24 	3.77429e-07 	-1.18764e-22 	3.90881e-07
0.0306144 	5.16186e-07 	1.25128e-07 	1.1407e-22 	4.76312e-07 	1.78635e-23 	4.96236e-07
0.0333198 	6.45326e-07 	1.6142e-07 	8.35287e-23 	5.88608e-07 	-1.73342e-22 	6.16948e-07
0.0361875 	7.90437e-07 	1.98497e-07 	5.1483e-27 	7.12805e-07 	-1.40198e-22 	7.51592e-07
0.0392274 	9.49577e-07 	2.33208e-07 	1.58239e-23 	8.47032e-07 	-8.39766e-25 	8.98265e-07
0.0424498 	1.12057e-06 	2.62612e-07 	3.61745e-23 	9.89374e-07 	-1.2443e-21 	1.05492e-06
0.0458656 	1.30132e-06 	2.84473e-07 	-2.22411e-21 	1.13811e-06 	-2.0808e-21 	1.21965e-06
0.0494864 	1.49e-06 	2.97479e-07 	-3.16842e-21 	1.29183e-06 	3.3876e-21 	1.39083e-06
0.0533246 	1.6851e-06 	3.01211e-07 	3.13406e-21 	1.4494e-06 	3.62255e-21 	1.56714e-06
0.0573931 	1.88543e-06 	2.95917e-07 	-9.56594e-22 	1.60997e-06 	-8.95455e-22 	1.74757e-06
0.0617059 	2.09008e-06 	2.82267e-07 	2.83095e-21 	1.77292e-06 	-3.36887e-22 	1.93135e-06
0.0662775 	2.29838e-06 	2.61105e-07 	-2.69527e-22 	1.93782e-06 	-7.13135e-22 	2.11792e-06
0.0711236 	2.50979e-06 	2.33273e-07 	3.58075e-21 	2.10439e-06 	4.11423e-22 	2.30689e-06
0.0762605 	2.72392e-06 	1.99539e-07 	1.75243e-21 	2.2725e-06 	-1.6727e-21 	2.49799e-06
0.0817058 	2.94048e-06 	1.60549e-07 	3.73304e-22 	2.4421e-06 	-7.17778e-22 	2.69105e-06
0.087478 	3.15922e-06 	1.16781e-07 	-4.39972e-22 	2.61327e-06 	-2.70292e-22 	2.88598e-06
0.0935966 	3.37994e-06 	6.86056e-08 	-1.47049e-21 	2.78613e-06 	-1.0239e-21 	3.08275e-06
0.100083 	3.60248e-06 	1.62807e-08 	-4.70069e-21 	2.96088e-06 	1.95507e-21 	3.28138e-06
0.106958 	3.82665e-06 	-4.00802e-08 	5.43446e-21 	3.13776e-06 	2.44686e-21 	3.48189e-06
0.114246 	4.05227e-06 	-1.00431e-07 	6.49687e-21 	3.31706e-06 	9.99367e-22 	3.68434e-06
0.121971 	4.27918e-06 	-1.64778e-07 	1.50242e-20 	3.49909e-06 	-6.49391e-21 	3.88882e-06
0.13016 	4.50718e-06 	-2.33179e-07 	-1.69315e-20 	3.6842e-06 	-3.24999e-21 	4.09537e-06
0.138841 	4.73603e-06 	-3.05781e-07 	-5.17339e-21 	3.87277e-06 	4.0647e-21 	4.3041e-06
0.148043 	4.96547e-06 	-3.82812e-07 	-2.41077e-21 	4.06522e-06 	-8.40822e-22 	4.51508e-06
0.157797 	5.19525e-06 	-4.64469e-07 	-1.23601e-20 	4.26196e-06 	1.10682e-20 	4.72839e-06
0.168136 	5.42505e-06 	-5.51018e-07 	4.54775e-20 	4.46347e-06 	-5.95945e-21 	4.94411e-06
0.179097 	5.6545e-06 	-6.4276e-07 	-1.27325e-20 	4.67024e-06 	-1.10546e-20 	5.16232e-06
0.190715 	5.88324e-06 	-7.40004e-07 	-1.33458e-20 	4.8828e-06 	9.94185e-21 	5.38309e-06
0.20303 	6.11084e-06 	-8.43105e-07 	2.43782e-20 	5.10172e-06 	-7.0292e-21 	5.60649e-06
0.216085 	6.33684e-06 	-9.52489e-07 	-2.74983e-20 	5.32763e-06 	-1.7093e-21 	5.83261e-06
0.229923 	6.56074e-06 	-1.06858e-06 	-2.49077e-21 	5.56125e-06 	6.78163e-21 	6.06157e-06
0.244592 	6.78201e-06 	-1.1917e-06 	1.20302e-23 	5.80344e-06 	6.58779e-22 	6.29351e-06
0.260142 	7.00005e-06 	-1.32235e-06 	-4.46329e-25 	6.05499e-06 	6.26816e-22 	6.52853e-06
0.276625 	7.21428e-06 	-1.46094e-06 	3.04494e-21 	6.31689e-06 	3.0002e-21 	6.76681e-06
0.294097 	7.42408e-06 	-1.60782e-06 	1.87872e-20 	6.5904e-06 	-8.52014e-21 	7.00868e-06
0.312618 	7.62882e-06 	-1.76351e-06 	-1.97842e-20 	6.87694e-06 	-2.78187e-23 	7.25455e-06
0.332251 	7.82798e-06 	-1.92844e-06 	-2.36629e-21 	7.17823e-06 	4.50094e-21 	7.505e-06
0.353063 	8.02115e-06 	-2.10314e-06 	3.58658e-25 	7.4965e-06 	1.1121e-21 	7.76094e-06
0.375123 	8.20823e-06 	-2.28831e-06 	1.59087e-21 	7.83458e-06 	7.21618e-21 	8.02372e-06
0.398508 	8.38957e-06 	-2.48469e-06 	2.3898e-20 	8.19598e-06 	-1.60858e-20 	8.29526e-06
0.423296 	8.56642e-06 	-2.69359e-06 	-1.65795e-20 	8.58536e-06 	1.56546e-21 	8.57851e-06
0.449573 	8.74119e-06 	-2.91664e-06 	1.38876e-20 	9.00818e-06 	1.91677e-21 	8.8774e-06
0.477427 	8.91944e-06 	-3.15699e-06 	-1.24985e-20 	9.47246e-06 	-4.91143e-21 	9.19869e-06
0.506952 	9.11131e-06 	-3.41962e-06 	-4.9261e-21 	9.98792e-06 	3.15974e-21 	9.55228e-06
0.53825 	9.33511e-06 	-3.71191e-06 	1.44911e-21 	1.05661e-05 	3.6494e-21 	9.95343e-06
0.571427 	9.62268e-06 	-4.04329e-06 	-3.20582e-21 	1.12211e-05 	5.34555e-22 	1.04254e-05
0.606595 	1.00213e-05 	-4.42224e-06 	-4.24373e-22 	1.19731e-05 	-2.34142e-21 	1.10005e-05
0.643874 	1.05775e-05 	-4.88024e-06 	-7.59696e-22 	1.2846e-05 	4.32369e-21 	1.1717e-05
0.683391 	1.13242e-05 	-5.50405e-06 	7.41284e-22 	1.39027e-05 	7.3286e-22 	1.26139e-05
0.725279 	1.23467e-05 	-6.22718e-06 	3.59582e-22 	1.52033e-05 	-1.7414e-21 	1.37735e-05
0.769683 	1.3758e-05 	-7.05138e-06 	8.71222e-24 	1.68409e-05 	-3.45951e-22 	1.53005e-05
0.816751 	1.55592e-05 	-8.16402e-06 	5.89748e-24 	1.88231e-05 	1.14281e-24 	1.71888e-05
0.857086 	1.71672e-05 	-9.28122e-06 	7.65806e-24 	2.04976e-05 	-3.7191e-22 	1.88254e-05
0.882762 	1.81578e-05 	-1.00309e-05 	9.50832e-24 	2.14744e-05 	-1.01035e-21 	1.9806e-05
0.919545 	1.93427e-05 	-1.1023e-05 	1.25526e-20 	2.246e-05 	-1.30134e-21 	2.08923e-05
0.975622 	2.06386e-05 	-1.21336e-05 	1.94194e-20 	2.30797e-05 	1.47365e-21 	2.18558e-05
1.03506 	2.11632e-05 	-1.2232e-05 	-6.37347e-20 	2.24349e-05 	2.77858e-21 	2.17882e-05
1.09807 	2.0761e-05 	-1.13208e-05 	4.33489e-20 	2.08673e-05 	-5.611e-21 	2.07922e-05
1.16486 	1.9652e-05 	-9.82192e-06 	8.69024e-20 	1.91302e-05 	2.27899e-22 	1.93744e-05
1.23566 	1.84087e-05 	-8.27771e-06 	-6.70622e-20 	1.7818e-05 	3.84767e-21 	1.81001e-05
1.31071 	1.738e-05 	-7.0774e-06 	-6.58283e-21 	1.70137e-05 	-1.06052e-21 	1.71859e-05
1.39026 	1.66099e-05 	-6.34815e-06 	-1.27751e-20 	1.65078e-05 	2.35146e-22 	1.65497e-05
1.47458 	1.60041e-05 	-5.98201e-06 	-8.92683e-21 	1.60321e-05 	-1.83694e-23 	1.60097e-05
1.56136 	1.54484e-05 	-5.76473e-06 	2.04892e-23 	1.54301e-05 	-1.46584e-22 	1.54328e-05
1.64568 	1.48639e-05 	-5.53639e-06 	6.64115e-23 	1.46952e-05 	-1.7522e-24 	1.47755e-05
1.71528 	1.43135e-05 	-5.28483e-06 	8.42132e-23 	1.39906e-05 	-1.0421e-24 	1.41495e-05
1.75391 	1.39834e-05 	-5.11932e-06 	1.00942e-23 	1.3573e-05 	-1.50061e-25 	1.37764e-05
1.80032 	1.35525e-05 	-4.88105e-06 	6.3735e-24 	1.30459e-05 	-1.71913e-24 	1.32983e-05
1.87118 	1.28541e-05 	-4.46811e-06 	2.46247e-22 	1.22203e-05 	-6.99505e-22 	1.25371e-05
1.93802 	1.2154e-05 	-4.02954e-06 	5.93205e-20 	1.14342e-05 	-2.78921e-21 	1.17946e-05
2.00106 	1.14709e-05 	-3.58884e-06 	2.66096e-19 	1.0702e-05 	9.33377e-22 	1.10873e-05
2.06053 	1.08183e-05 	-3.16103e-06 	-3.25812e-19 	1.00296e-05 	7.04073e-21 	1.0425e-05
2.11662 	1.02032e-05 	-2.75386e-06 	-1.19013e-19 	9.41582e-06 	5.18624e-21 	9.81044e-06
2.16953 	9.62835e-06 	-2.37155e-06 	-7.07682e-19 	8.85814e-06 	8.69029e-22 	9.24436e-06
2.21944 	9.09557e-06 	-2.01503e-06 	3.79321e-19 	8.35202e-06 	-1.61067e-20 	8.72457e-06
2.26652 	8.60352e-06 	-1.68303e-06 	4.48239e-19 	7.89363e-06 	1.75164e-22 	8.24915e-06
2.31093 	8.15036e-06 	-1.37398e-06 	3.01435e-20 	7.47868e-06 	6.18238e-21 	7.81515e-06
2.35282 	7.73459e-06 	-1.08732e-06 	-1.23677e-19 	7.10293e-06 	1.1381e-20 	7.4193e-06
2.39233 	7.3545e-06 	-8.21449e-07 	-6.93571e-19 	6.76332e-06 	-7.95089e-21 	7.0592e-06
2.42961 	7.00692e-06 	-5.7326e-07 	7.07867e-19 	6.45592e-06 	-1.92875e-20 	6.73145e-06
2.46477 	6.68965e-06 	-3.41335e-07 	4.71828e-19 	6.17816e-06 	1.13468e-20 	6.43377e-06
2.49793 	6.40043e-06 	-1.24597e-07 	-3.2986e-19 	5.92789e-06 	9.9073e-21 	6.16422e-06
2.52922 	6.1383e-06 	7.81269e-08 	-1.2423e-19 	5.7028e-06 	-4.76666e-21 	5.92065e-06
2.55874 	5.90171e-06 	2.67584e-07 	6.20861e-20 	5.50129e-06 	1.36108e-21 	5.70159e-06
2.57806 	5.75257e-06 	3.90872e-07 	-6.77639e-20 	5.37508e-06 	8.27481e-21 	5.56386e-06
2.59158 	5.65208e-06 	4.76781e-07 	-2.56113e-19 	5.29062e-06 	4.55514e-21 	5.47134e-06
2.61285 	5.49936e-06 	6.11395e-07 	-2.56558e-19 	5.16305e-06 	-7.12359e-21 	5.33116e-06
2.63764 	5.33159e-06 	7.66745e-07 	2.75576e-19 	5.02436e-06 	-9.95174e-21 	5.17792e-06
2.66101 	5.1851e-06 	9.11274e-07 	1.45997e-19 	4.90489e-06 	5.5818e-21 	5.04496e-06
2.68307 	5.05913e-06 	1.04544e-06 	5.68446e-23 	4.8037e-06 	4.77439e-21 	4.93135e-06
2.70387 	4.95248e-06 	1.16968e-06 	-7.20589e-20 	4.72005e-06 	4.66865e-21 	4.83631e-06
2.72349 	4.86449e-06 	1.28435e-06 	-1.82244e-19 	4.65284e-06 	-5.85567e-21 	4.75871e-06
2.742 	4.79407e-06 	1.39011e-06 	1.76079e-19 	4.60105e-06 	-3.34478e-21 	4.69752e-06
2.75946 	4.73969e-06 	1.48723e-06 	-7.8437e-20 	4.56368e-06 	-1.39692e-20 	4.65169e-06
2.77593 	4.70022e-06 	1.57537e-06 	6.01426e-19 	4.53933e-06 	1.01393e-20 	4.6198e-06
2.79147 	4.67423e-06 	1.65541e-06 	-4.15599e-19 	4.52663e-06 	2.0883e-20 	4.60041e-06
2.80612 	4.66002e-06 	1.72842e-06 	-4.96738e-20 	4.52422e-06 	-1.32697e-20 	4.59213e-06
2.81995 	4.65625e-06 	1.79472e-06 	7.69699e-22 	4.53057e-06 	1.55684e-20 	4.59339e-06
2.83299 	4.66124e-06 	1.85465e-06 	-4.0596e-19 	4.54431e-06 	-1.44658e-20 	4.60276e-06
2.84529 	4.67357e-06 	1.90897e-06 	3.45964e-19 	4.564e-06 	-1.94321e-20 	4.61878e-06
2.85689 	4.69191e-06 	1.95879e-06 	8.74932e-20 	4.58847e-06 	4.20074e-21 	4.64019e-06
2.86784 	4.71504e-06 	2.00453e-06 	1.77113e-19 	4.61667e-06 	1.37703e-20 	4.66589e-06
2.87817 	4.74201e-06 	2.04658e-06 	-1.89359e-19 	4.64767e-06 	8.70751e-21 	4.6949e-06
2.88791 	4.77198e-06 	2.0857e-06 	-1.88895e-20 	4.68071e-06 	-7.3469e-21 	4.72636e-06
2.8971 	4.80408e-06 	2.12258e-06 	-2.68579e-20 	4.71521e-06 	1.73404e-20 	4.75965e-06
2.90577 	4.83761e-06 	2.15735e-06 	-3.11527e-19 	4.75069e-06 	-1.91013e-20 	4.79418e-06
2.91395 	4.87203e-06 	2.19026e-06 	2.93238e-19 	4.78664e-06 	-2.64543e-20 	4.82936e-06
2.92166 	4.90672e-06 	2.22116e-06 	1.61799e-19 	4.82263e-06 	3.53203e-20 	4.8647e-06
2.92894 	4.94108e-06 	2.2498e-06 	-2.86798e-19 	4.85822e-06 	9.62922e-22 	4.89966e-06
2.9358 	4.97446e-06 	2.27695e-06 	1.13292e-19 	4.89295e-06 	-1.85934e-20 	4.9337e-06
2.94228 	5.00629e-06 	2.30368e-06 	2.06607e-20 	4.9261e-06 	7.37288e-21 	4.96624e-06
2.94839 	5.03576e-06 	2.32241e-06 	-7.5113e-22 	4.95677e-06 	-4.80764e-22 	4.99632e-06
2.95415 	5.06169e-06 	2.33526e-06 	1.58409e-20 	4.98378e-06 	1.60042e-21 	5.02273e-06
2.95959 	5.08197e-06 	2.34515e-06 	-2.10453e-20 	5.0055e-06 	1.54478e-21 	5.04375e-06
2.96472 	5.09413e-06 	2.3512e-06 	1.10076e-21 	5.01966e-06 	-3.64922e-21 	5.0569e-06
2.96955 	5.09523e-06 	2.35225e-06 	2.13745e-20 	5.02353e-06 	6.70758e-22 	5.0594e-06
2.97412 	5.08234e-06 	2.34717e-06 	-6.86006e-21 	5.01402e-06 	1.8204e-21 	5.0482e-06
2.97842 	5.05235e-06 	2.33416e-06 	2.8784e-22 	4.98797e-06 	-6.0408e-22 	5.02017e-06
2.98249 	5.00209e-06 	2.31184e-06 	8.60593e-22 	4.94219e-06 	8.17509e-21 	4.97216e-06
2.98632 	4.92855e-06 	2.27894e-06 	-5.88082e-20 	4.87348e-06 	-1.69331e-20 	4.90102e-06
2.98993 	4.82867e-06 	2.23392e-06 	1.11181e-19 	4.77873e-06 	1.39395e-21 	4.80372e-06
2.99334 	4.69965e-06 	2.17547e-06 	-4.55447e-20 	4.65494e-06 	1.61028e-20 	4.6773e-06
2.99656 	4.53877e-06 	2.10158e-06 	-1.4893e-20 	4.49934e-06 	4.25562e-22 	4.51907e-06
2.99959 	4.34382e-06 	2.01186e-06 	-3.48569e-20 	4.30956e-06 	-8.72161e-21 	4.3267e-06
3.00246 	4.11312e-06 	1.90571e-06 	3.03932e-20 	4.08384e-06 	9.45604e-22 	4.09849e-06
3.00516 	3.84597e-06 	1.78261e-06 	-2.421e-20 	3.82137e-06 	-1.07256e-21 	3.83367e-06
3.0077 	3.54291e-06 	1.64274e-06 	2.26289e-20 	3.52265e-06 	-5.75431e-21 	3.53278e-06
3.01011 	3.20628e-06 	1.48713e-06 	5.88311e-21 	3.18995e-06 	-2.27449e-21 	3.19812e-06
3.01237 	2.84031e-06 	1.31586e-06 	1.8969e-20 	2.82749e-06 	6.98868e-21 	2.8339e-06
3.01451 	2.4507e-06 	1.11872e-06 	-1.47453e-20 	2.44107e-06 	1.77626e-20 	2.44589e-06
3.01653 	2.0475e-06 	9.0188e-07 	-3.02813e-20 	2.04066e-06 	-1.24733e-20 	2.04408e-06
3.01843 	1.64709e-06 	6.86213e-07 	1.71275e-20 	1.6425e-06 	-6.65953e-21 	1.6448e-06
3.02023 	1.2694e-06 	4.87368e-07 	-1.05861e-22 	1.26652e-06 	2.23574e-22 	1.26796e-06
3.02192 	9.33669e-07 	3.19721e-07 	5.2132e-21 	9.31996e-07 	7.13511e-22 	9.32833e-07
3.02352 	6.5369e-07 	1.92139e-07 	-8.74246e-22 	6.52796e-07 	1.68077e-21 	6.53243e-07
3.02503 	4.34761e-07 	1.05145e-07 	-3.71216e-22 	4.34328e-07 	-1.322e-21 	4.34544e-07
3.02645 	2.7387e-07 	5.21141e-08 	7.81132e-22 	2.7368e-07 	3.86765e-22 	2.73775e-07
3.02779 	1.62442e-07 	2.32125e-08 	-2.92627e-22 	1.62368e-07 	2.95298e-22 	1.62406e-07
3.02906 	8.9721e-08 	9.1607e-09 	-3.84188e-23 	8.96957e-08 	-7.49993e-23 	8.97084e-08
3.03025 	4.52568e-08 	3.12223e-09 	4.38239e-26 	4.52495e-08 	-1.116e-23 	4.52532e-08
3.03138 	2.01697e-08 	8.79323e-10 	1.05367e-25 	2.0168e-08 	-5.47467e-24 	2.01689e-08
3.03244 	7.49957e-09 	1.89928e-10 	6.03961e-25 	7.49927e-09 	7.41482e-25 	7.49942e-09
3.03344 	2.09713e-09 	2.77949e-11 	-2.82289e-26 	2.0971e-09 	2.72834e-25 	2.09711e-09
3.03439 	3.65547e-10 	2.2773e-12 	-6.40466e-27 	3.65545e-10 	1.17486e-26 	3.65546e-10
3.03528 	4.69572e-11 	7.82597e-14 	-8.6956e-29 	4.69571e-11 	-6.04868e-28 	4.69572e-11
