0.00227498 	4.57801e-10 	2.37659e-12 	1.77708e-27 	4.57796e-10 	-5.4306e-28 	4.57798e-10
0.00327924 	1.60168e-09 	1.53321e-11 	-2.94623e-28 	1.60164e-09 	-7.15835e-26 	1.60166e-09
0.00434378 	4.2663e-09 	6.82549e-11 	3.11383e-26 	4.26605e-09 	-1.0829e-25 	4.26618e-09
0.00547221 	9.53471e-09 	2.35747e-10 	-1.13941e-25 	9.53364e-09 	-1.01386e-24 	9.53418e-09
0.00666839 	1.8903e-08 	6.79681e-10 	-1.34632e-24 	1.88994e-08 	4.40975e-26 	1.89012e-08
0.00793636 	3.43789e-08 	1.71325e-09 	-1.21013e-24 	3.43683e-08 	1.18573e-23 	3.43736e-08
0.00928045 	5.85876e-08 	3.89048e-09 	8.80734e-24 	5.85602e-08 	7.89493e-24 	5.85739e-08
0.0107052 	9.48647e-08 	8.11598e-09 	1.76273e-24 	9.48009e-08 	-1.58372e-23 	9.48328e-08
0.0122155 	1.47296e-07 	1.57488e-08 	2.08967e-23 	1.4716e-07 	-2.13269e-23 	1.47228e-07
0.0138164 	2.2063e-07 	2.86329e-08 	-8.88421e-24 	2.20358e-07 	3.72658e-23 	2.20494e-07
0.0155135 	3.19961e-07 	4.89293e-08 	1.52331e-22 	3.1946e-07 	3.11073e-23 	3.19711e-07
0.0173124 	4.50092e-07 	7.8591e-08 	-2.40869e-23 	4.49232e-07 	-5.72395e-22 	4.49662e-07
0.0192193 	6.14565e-07 	1.18411e-07 	-3.52735e-22 	6.13203e-07 	-4.3749e-23 	6.13884e-07
0.0212406 	8.14606e-07 	1.66878e-07 	-1.31349e-22 	8.12627e-07 	5.47879e-22 	8.13617e-07
0.0233833 	1.04843e-06 	2.19565e-07 	-2.70214e-22 	1.04582e-06 	2.5226e-22 	1.04713e-06
0.0256546 	1.31134e-06 	2.69742e-07 	1.39444e-22 	1.30831e-06 	3.68937e-22 	1.30983e-06
0.0280623 	1.59677e-06 	3.10248e-07 	1.67471e-22 	1.59376e-06 	-2.19678e-22 	1.59526e-06
0.0306144 	1.89764e-06 	3.35638e-07 	-3.21556e-22 	1.89541e-06 	-1.44817e-21 	1.89653e-06
0.0333198 	2.20764e-06 	3.43289e-07 	-2.89077e-21 	2.20715e-06 	1.8287e-21 	2.2074e-06
0.0361875 	2.52179e-06 	3.33157e-07 	4.42751e-21 	2.52425e-06 	2.67954e-21 	2.52303e-06
0.0392274 	2.83669e-06 	3.06871e-07 	9.97196e-22 	2.84341e-06 	-3.56554e-21 	2.84005e-06
0.0424498 	3.1502e-06 	2.66652e-07 	-3.46018e-21 	3.16263e-06 	-2.5381e-21 	3.15641e-06
0.0458656 	3.46123e-06 	2.14616e-07 	-7.12187e-21 	3.48086e-06 	3.69955e-21 	3.47105e-06
0.0494864 	3.76938e-06 	1.5259e-07 	1.1451e-20 	3.79778e-06 	4.87394e-21 	3.78358e-06
0.0533246 	4.0747e-06 	8.18843e-08 	7.09298e-21 	4.11349e-06 	-5.6722e-21 	4.09409e-06
0.0573931 	4.3775e-06 	3.43659e-09 	-1.00644e-20 	4.42836e-06 	-1.70415e-21 	4.40293e-06
0.0617059 	4.67827e-06 	-8.21326e-08 	5.98147e-21 	4.74293e-06 	6.13809e-21 	4.7106e-06
0.0662775 	4.97755e-06 	-1.74425e-07 	1.81303e-20 	5.0578e-06 	-3.80552e-21 	5.01768e-06
0.0711236 	5.27593e-06 	-2.73212e-07 	-1.73456e-20 	5.37364e-06 	-4.37683e-21 	5.32479e-06
0.0762605 	5.57402e-06 	-3.78437e-07 	-1.40001e-21 	5.69112e-06 	8.88911e-21 	5.63257e-06
0.0817058 	5.87241e-06 	-4.90196e-07 	3.73361e-20 	6.01089e-06 	-5.18545e-21 	5.94164e-06
0.087478 	6.17166e-06 	-6.0853e-07 	-4.12714e-20 	6.3336e-06 	-7.9035e-21 	6.25263e-06
0.0935966 	6.47233e-06 	-7.33517e-07 	-6.05179e-21 	6.65992e-06 	6.99757e-21 	6.56613e-06
0.100083 	6.77504e-06 	-8.6552e-07 	1.97121e-23 	6.99049e-06 	8.82642e-22 	6.88276e-06
0.106958 	7.08034e-06 	-1.00479e-06 	-3.34346e-25 	7.32603e-06 	-2.7271e-23 	7.20318e-06
0.114246 	7.38876e-06 	-1.15149e-06 	-4.85059e-27 	7.66707e-06 	5.28307e-26 	7.52792e-06
0.121971 	7.70092e-06 	-1.30587e-06 	-9.35955e-23 	8.01435e-06 	4.79728e-23 	7.85763e-06
0.13016 	8.01732e-06 	-1.46836e-06 	-5.89945e-22 	8.36848e-06 	3.92086e-23 	8.19289e-06
0.138841 	8.33852e-06 	-1.63939e-06 	1.09105e-21 	8.73011e-06 	-1.82586e-22 	8.5343e-06
0.148043 	8.66514e-06 	-1.81912e-06 	-5.70626e-22 	9.09999e-06 	-1.58277e-21 	8.88257e-06
0.157797 	8.99774e-06 	-2.008e-06 	-1.25587e-20 	9.47874e-06 	-9.42039e-21 	9.23825e-06
0.168136 	9.33697e-06 	-2.20654e-06 	-7.69592e-20 	9.86721e-06 	1.01084e-20 	9.60209e-06
0.179097 	9.68346e-06 	-2.41508e-06 	7.9922e-20 	1.02661e-05 	1.28207e-20 	9.97476e-06
0.190715 	1.00378e-05 	-2.63403e-06 	1.24043e-20 	1.06763e-05 	-1.04606e-20 	1.0357e-05
0.20303 	1.04007e-05 	-2.86389e-06 	-1.1504e-21 	1.10986e-05 	-1.44471e-21 	1.07496e-05
0.216085 	1.07728e-05 	-3.10514e-06 	8.6838e-23 	1.15339e-05 	1.91381e-22 	1.11533e-05
0.229923 	1.11548e-05 	-3.35823e-06 	4.68297e-23 	1.19832e-05 	-1.66327e-24 	1.1569e-05
0.244592 	1.15476e-05 	-3.62373e-06 	-1.49377e-26 	1.24477e-05 	2.09348e-25 	1.19976e-05
0.260142 	1.19516e-05 	-3.90203e-06 	-1.66241e-26 	1.29283e-05 	-8.50296e-22 	1.24399e-05
0.276625 	1.23679e-05 	-4.19387e-06 	-5.00968e-21 	1.34263e-05 	-5.12717e-21 	1.28971e-05
0.294097 	1.27972e-05 	-4.49971e-06 	-3.06192e-20 	1.39431e-05 	4.64145e-21 	1.33702e-05
0.312618 	1.32404e-05 	-4.82004e-06 	3.19282e-20 	1.448e-05 	6.96842e-21 	1.38602e-05
0.332251 	1.36982e-05 	-5.15546e-06 	3.41231e-21 	1.50384e-05 	-5.07346e-21 	1.43683e-05
0.353063 	1.41716e-05 	-5.50661e-06 	2.04002e-24 	1.562e-05 	-5.23107e-22 	1.48958e-05
0.375123 	1.4662e-05 	-5.87406e-06 	2.55711e-25 	1.62264e-05 	-1.1139e-24 	1.54442e-05
0.398508 	1.51703e-05 	-6.25831e-06 	-2.09786e-24 	1.68593e-05 	1.89958e-21 	1.60148e-05
0.423296 	1.56981e-05 	-6.65999e-06 	3.38264e-21 	1.75203e-05 	1.0822e-20 	1.66091e-05
0.449573 	1.6247e-05 	-7.07943e-06 	2.82997e-20 	1.8211e-05 	-8.45178e-21 	1.7229e-05
0.477427 	1.68198e-05 	-7.51715e-06 	-2.87799e-20 	1.89333e-05 	-1.51993e-20 	1.78764e-05
0.506952 	1.74198e-05 	-7.97338e-06 	-2.4025e-21 	1.96883e-05 	1.04114e-20 	1.85538e-05
0.53825 	1.80516e-05 	-8.45131e-06 	4.87178e-22 	2.04764e-05 	-3.98906e-23 	1.92641e-05
0.571427 	1.87192e-05 	-8.97564e-06 	3.55169e-21 	2.13002e-05 	-1.44088e-21 	2.00091e-05
0.606595 	1.94356e-05 	-9.54658e-06 	3.19594e-21 	2.21588e-05 	-1.16485e-20 	2.07972e-05
0.643874 	2.02518e-05 	-9.96636e-06 	4.75218e-20 	2.30276e-05 	-4.99419e-21 	2.16404e-05
0.683391 	2.11515e-05 	-1.03871e-05 	-1.39764e-20 	2.3918e-05 	1.80317e-20 	2.25345e-05
0.725279 	2.20767e-05 	-1.08098e-05 	-2.76295e-20 	2.4768e-05 	4.17423e-21 	2.34226e-05
0.769683 	2.29335e-05 	-1.11918e-05 	-1.54448e-21 	2.54706e-05 	-5.99297e-21 	2.42024e-05
0.816751 	2.36114e-05 	-1.14892e-05 	-2.1725e-22 	2.59108e-05 	-5.24035e-22 	2.47612e-05
0.866645 	2.40087e-05 	-1.1667e-05 	1.68932e-22 	2.60005e-05 	-5.79287e-24 	2.50044e-05
0.919534 	2.40436e-05 	-1.16947e-05 	7.83484e-22 	2.56743e-05 	1.30113e-21 	2.48587e-05
0.975597 	2.36731e-05 	-1.15432e-05 	-4.22194e-20 	2.48959e-05 	6.47882e-21 	2.42844e-05
1.03503 	2.29054e-05 	-1.11877e-05 	-8.07821e-20 	2.36745e-05 	4.85888e-22 	2.32899e-05
1.09802 	2.18102e-05 	-1.06242e-05 	9.53969e-20 	2.20936e-05 	-9.84229e-21 	2.19519e-05
1.14864 	2.08389e-05 	-1.00826e-05 	6.96573e-20 	2.07483e-05 	-2.66345e-21 	2.07934e-05
1.18301 	2.01692e-05 	-9.6884e-06 	2.39581e-21 	1.98397e-05 	3.10804e-21 	2.00046e-05
1.23559 	1.92013e-05 	-9.02882e-06 	-1.36428e-20 	1.85578e-05 	2.2063e-21 	1.888e-05
1.31062 	1.79567e-05 	-8.01385e-06 	-8.08122e-22 	1.69899e-05 	-3.43855e-22 	1.7473e-05
1.39016 	1.68563e-05 	-7.04339e-06 	-4.27793e-22 	1.57322e-05 	1.1602e-23 	1.62933e-05
1.47447 	1.59222e-05 	-6.26364e-06 	1.24762e-21 	1.47614e-05 	-2.17729e-22 	1.53421e-05
1.56124 	1.51393e-05 	-5.67601e-06 	1.20651e-20 	1.39618e-05 	-4.81484e-22 	1.4551e-05
1.64556 	1.44582e-05 	-5.24028e-06 	2.39102e-21 	1.3223e-05 	1.21685e-21 	1.38405e-05
1.72509 	1.38203e-05 	-4.8771e-06 	-1.04882e-19 	1.24948e-05 	8.03487e-21 	1.31574e-05
1.80013 	1.31955e-05 	-4.5258e-06 	-4.78039e-19 	1.17732e-05 	5.09914e-21 	1.24843e-05
1.87091 	1.25767e-05 	-4.16658e-06 	6.20886e-19 	1.107e-05 	-2.30968e-20 	1.18232e-05
1.93769 	1.19651e-05 	-3.79894e-06 	7.80778e-20 	1.03974e-05 	1.94832e-21 	1.11816e-05
2.00069 	1.13689e-05 	-3.42821e-06 	2.94967e-19 	9.76315e-06 	-2.97019e-21 	1.05657e-05
2.06012 	1.07914e-05 	-3.06083e-06 	-2.40929e-19 	9.17416e-06 	5.65772e-21 	9.98296e-06
2.11618 	1.024e-05 	-2.70195e-06 	2.78434e-19 	8.63143e-06 	-3.94636e-21 	9.43554e-06
2.16907 	9.71617e-06 	-2.35508e-06 	-3.47634e-19 	8.13554e-06 	1.47386e-20 	8.92574e-06
2.21896 	9.22205e-06 	-2.02351e-06 	-3.35404e-19 	7.68488e-06 	-2.5915e-21 	8.45357e-06
2.26603 	8.75898e-06 	-1.70856e-06 	2.78521e-19 	7.27643e-06 	-9.41922e-21 	8.01764e-06
2.31043 	8.32583e-06 	-1.41002e-06 	3.86615e-20 	6.90699e-06 	2.76122e-21 	7.61626e-06
2.35232 	7.9221e-06 	-1.12809e-06 	1.08626e-24 	6.57332e-06 	5.9362e-22 	7.24745e-06
2.39184 	7.54642e-06 	-8.62718e-07 	-7.58957e-24 	6.27261e-06 	8.83958e-22 	6.90944e-06
2.42912 	7.19837e-06 	-6.132e-07 	-5.36819e-20 	6.00181e-06 	1.62464e-21 	6.60012e-06
2.46429 	6.87724e-06 	-3.79161e-07 	-6.04327e-20 	5.75819e-06 	-1.16987e-21 	6.31752e-06
2.49746 	6.58137e-06 	-1.59761e-07 	5.30421e-20 	5.53985e-06 	-2.71909e-21 	6.06043e-06
2.52876 	6.31013e-06 	4.5806e-08 	5.94424e-20 	5.34473e-06 	-2.32891e-21 	5.82732e-06
2.55829 	6.06288e-06 	2.37952e-07 	1.16655e-19 	5.17105e-06 	1.0762e-21 	5.61687e-06
2.57764 	5.90572e-06 	3.6293e-07 	1.3765e-19 	5.06267e-06 	1.01235e-20 	5.48411e-06
2.59116 	5.7993e-06 	4.49722e-07 	-1.51773e-19 	4.9906e-06 	1.95787e-20 	5.39489e-06
2.61242 	5.63699e-06 	5.85273e-07 	-5.36772e-19 	4.88227e-06 	8.33464e-21 	5.25961e-06
2.63721 	5.45724e-06 	7.41301e-07 	-2.05665e-19 	4.76504e-06 	-2.23287e-20 	5.11113e-06
2.66059 	5.29896e-06 	8.86185e-07 	4.38404e-19 	4.66481e-06 	-1.35591e-20 	4.98187e-06
2.68265 	5.16147e-06 	1.02074e-06 	1.87838e-19 	4.58083e-06 	1.10302e-20 	4.87113e-06
2.70346 	5.04406e-06 	1.14501e-06 	-4.30829e-20 	4.51235e-06 	8.42699e-21 	4.77819e-06
2.7231 	4.94593e-06 	1.25975e-06 	-1.18866e-19 	4.45869e-06 	-4.40382e-21 	4.70233e-06
2.74162 	4.86623e-06 	1.36594e-06 	1.2285e-19 	4.41906e-06 	-5.87215e-21 	4.64267e-06
2.75909 	4.80399e-06 	1.46381e-06 	3.80397e-20 	4.39264e-06 	1.84929e-22 	4.59831e-06
2.77557 	4.75794e-06 	1.55399e-06 	1.02118e-19 	4.37863e-06 	4.21204e-21 	4.56829e-06
2.79112 	4.72694e-06 	1.63754e-06 	-1.02371e-19 	4.37609e-06 	3.03444e-21 	4.55154e-06
2.80579 	4.70968e-06 	1.71491e-06 	2.12742e-20 	4.38409e-06 	-2.55225e-21 	4.54695e-06
2.81963 	4.70495e-06 	1.78658e-06 	-2.80586e-20 	4.40155e-06 	8.70097e-21 	4.5533e-06
2.83268 	4.71141e-06 	1.8532e-06 	-1.503e-19 	4.42754e-06 	-8.41304e-21 	4.56948e-06
2.845 	4.72773e-06 	1.91604e-06 	1.45639e-19 	4.46112e-06 	-8.46065e-21 	4.59441e-06
2.85662 	4.75264e-06 	1.97514e-06 	2.34812e-20 	4.50138e-06 	9.29743e-21 	4.62701e-06
2.86758 	4.78503e-06 	2.03095e-06 	-3.3651e-20 	4.54741e-06 	-4.44954e-21 	4.66622e-06
2.87792 	4.82375e-06 	2.08401e-06 	9.42432e-20 	4.59838e-06 	9.75382e-22 	4.71107e-06
2.88767 	4.86774e-06 	2.13441e-06 	-6.63145e-20 	4.65346e-06 	-4.4603e-21 	4.7606e-06
2.89687 	4.91593e-06 	2.18223e-06 	1.51825e-19 	4.71186e-06 	5.72215e-21 	4.8139e-06
2.90555 	4.96732e-06 	2.22756e-06 	-1.31009e-19 	4.77278e-06 	1.24522e-20 	4.87005e-06
2.91374 	5.02094e-06 	2.27089e-06 	-4.1736e-20 	4.83544e-06 	2.32788e-21 	4.92816e-06
2.92147 	5.0758e-06 	2.314e-06 	-1.38294e-19 	4.89895e-06 	-1.52057e-21 	4.98738e-06
2.92876 	5.13057e-06 	2.34503e-06 	-8.72519e-21 	4.96255e-06 	-1.90916e-20 	5.0466e-06
2.93563 	5.18442e-06 	2.37214e-06 	1.04887e-19 	5.02462e-06 	7.50851e-21 	5.10451e-06
2.94212 	5.23512e-06 	2.39779e-06 	-8.64382e-20 	5.08321e-06 	-3.28087e-21 	5.15916e-06
2.94824 	5.2799e-06 	2.42059e-06 	1.13298e-19 	5.13593e-06 	-1.87668e-20 	5.20792e-06
2.95401 	5.31593e-06 	2.43931e-06 	1.07307e-19 	5.18003e-06 	2.1591e-20 	5.24798e-06
2.95945 	5.34033e-06 	2.45274e-06 	-1.0111e-19 	5.21273e-06 	3.01907e-20 	5.27653e-06
2.96459 	5.35036e-06 	2.45954e-06 	-1.70289e-19 	5.23132e-06 	-2.98141e-20 	5.29084e-06
2.96944 	5.34344e-06 	2.45849e-06 	1.5331e-19 	5.23312e-06 	-1.91388e-20 	5.28828e-06
2.97401 	5.3171e-06 	2.44846e-06 	1.44556e-20 	5.21569e-06 	1.67701e-20 	5.2664e-06
2.97832 	5.26908e-06 	2.42829e-06 	1.10932e-21 	5.17663e-06 	1.54636e-21 	5.22285e-06
2.98239 	5.19713e-06 	2.39704e-06 	-7.33479e-22 	5.11367e-06 	1.23579e-22 	5.1554e-06
2.98623 	5.09918e-06 	2.35364e-06 	-4.86759e-22 	5.02458e-06 	1.61122e-24 	5.06188e-06
2.98985 	4.9732e-06 	2.29725e-06 	-5.6583e-26 	4.90724e-06 	-8.47087e-22 	4.94022e-06
2.99326 	4.81726e-06 	2.2269e-06 	3.47358e-21 	4.75965e-06 	8.20717e-22 	4.78846e-06
2.99649 	4.62959e-06 	2.14127e-06 	-3.41568e-21 	4.57992e-06 	1.04172e-20 	4.60475e-06
2.99953 	4.40871e-06 	2.04021e-06 	-3.97965e-20 	4.3665e-06 	-9.18669e-21 	4.3876e-06
3.00239 	4.15372e-06 	1.92323e-06 	3.10402e-20 	4.11839e-06 	-8.61854e-21 	4.13605e-06
3.0051 	3.86448e-06 	1.79013e-06 	4.93421e-21 	3.83542e-06 	6.28717e-21 	3.84995e-06
3.00765 	3.54211e-06 	1.64154e-06 	-2.72053e-23 	3.51864e-06 	9.57354e-22 	3.53037e-06
3.01006 	3.18917e-06 	1.47799e-06 	-2.61768e-23 	3.17064e-06 	-9.60428e-22 	3.1799e-06
3.01233 	2.80962e-06 	1.29487e-06 	1.92183e-21 	2.79541e-06 	-6.35527e-21 	2.80251e-06
3.01447 	2.4091e-06 	1.08265e-06 	1.28882e-20 	2.39872e-06 	2.90554e-22 	2.40391e-06
3.01649 	1.99943e-06 	8.62854e-07 	4.84993e-22 	1.99223e-06 	6.35818e-22 	1.99583e-06
3.0184 	1.59761e-06 	6.48421e-07 	3.97422e-21 	1.59288e-06 	6.01069e-21 	1.59525e-06
3.0202 	1.22322e-06 	4.54225e-07 	-7.51219e-21 	1.22032e-06 	1.8659e-21 	1.22177e-06
3.0219 	8.94313e-07 	2.93699e-07 	-7.03002e-22 	8.92661e-07 	-2.35829e-21 	8.93487e-07
3.0235 	6.22963e-07 	1.73999e-07 	-8.71773e-24 	6.221e-07 	-2.42047e-22 	6.22531e-07
3.02501 	4.12703e-07 	9.39712e-08 	-5.48457e-24 	4.12291e-07 	-3.78996e-23 	4.12496e-07
3.02643 	2.59258e-07 	4.60463e-08 	1.83336e-23 	2.59081e-07 	-5.82096e-24 	2.5917e-07
3.02778 	1.53505e-07 	2.03176e-08 	1.35737e-23 	1.53437e-07 	1.70193e-23 	1.53471e-07
3.02905 	8.46981e-08 	7.95824e-09 	-5.36521e-24 	8.46751e-08 	6.14016e-24 	8.46866e-08
3.03024 	4.27008e-08 	2.69636e-09 	-2.07834e-24 	4.26942e-08 	-1.1796e-23 	4.26975e-08
3.03137 	1.90263e-08 	7.55791e-10 	1.862e-24 	1.90247e-08 	1.36705e-24 	1.90255e-08
3.03244 	7.07391e-09 	1.62612e-10 	-1.93933e-25 	7.07365e-09 	7.77497e-25 	7.07377e-09
3.03344 	1.97814e-09 	2.37192e-11 	-3.71435e-26 	1.97811e-09 	-1.09046e-25 	1.97813e-09
3.03439 	3.4488e-10 	1.93794e-12 	1.47527e-27 	3.44879e-10 	-9.06123e-27 	3.44879e-10
3.03528 	4.5303e-11 	6.64913e-14 	1.21399e-29 	4.5303e-11 	4.60578e-28 	4.5303e-11
