0.448502 	1.76898e-11 	1.72264e-17 	-8.08937e-33 	1.76897e-11 	-9.76063e-33 	1.76897e-11
0.449288 	1.80069e-12 	6.96592e-17 	1.58564e-32 	1.80015e-12 	4.17312e-32 	1.80042e-12
0.450122 	4.95965e-12 	6.31318e-16 	3.63946e-32 	4.95462e-12 	-1.38635e-31 	4.95714e-12
0.451005 	1.69243e-11 	4.12639e-15 	5.0758e-29 	1.68912e-11 	6.36484e-29 	1.69078e-11
0.451941 	4.51655e-11 	1.87779e-14 	4.84024e-28 	4.50137e-11 	5.80628e-28 	4.50896e-11
0.452933 	1.01164e-10 	6.61938e-14 	-2.55832e-27 	1.00624e-10 	-3.89127e-27 	1.00894e-10
0.453985 	2.00943e-10 	1.94805e-13 	-5.4014e-27 	1.9934e-10 	-4.98953e-27 	2.00141e-10
0.4551 	3.66275e-10 	5.02303e-13 	3.17417e-26 	3.62106e-10 	3.89742e-26 	3.6419e-10
0.456282 	6.26287e-10 	1.17173e-12 	-2.92363e-26 	6.16467e-10 	-5.18141e-26 	6.21377e-10
0.457534 	1.0195e-09 	2.52768e-12 	-5.47365e-26 	9.98101e-10 	-4.16371e-26 	1.0088e-09
0.458862 	1.59644e-09 	5.12151e-12 	6.87718e-26 	1.55261e-09 	4.98955e-26 	1.57453e-09
0.46027 	2.42294e-09 	9.85808e-12 	-1.85496e-25 	2.33762e-09 	-1.38547e-25 	2.38028e-09
0.461762 	3.58431e-09 	1.81797e-11 	2.45501e-25 	3.42507e-09 	3.32115e-25 	3.50469e-09
0.463343 	5.19063e-09 	3.23268e-11 	4.78756e-25 	4.90384e-09 	7.10111e-25 	5.04724e-09
0.46502 	7.38327e-09 	5.57002e-11 	2.48425e-24 	6.88241e-09 	2.78004e-24 	7.13284e-09
0.466796 	1.03431e-08 	9.33487e-11 	-3.85892e-24 	9.49152e-09 	-8.22912e-24 	9.91728e-09
0.46868 	1.43001e-08 	1.5259e-10 	-8.26099e-24 	1.28866e-08 	-5.31915e-24 	1.35933e-08
0.470676 	1.9545e-08 	2.43795e-10 	2.34693e-23 	1.72495e-08 	3.01131e-23 	1.83973e-08
0.472792 	2.64421e-08 	3.81216e-10 	-1.64091e-23 	2.27891e-08 	-3.45654e-23 	2.46156e-08
0.475035 	3.54417e-08 	5.83774e-10 	-6.43323e-23 	2.97399e-08 	-5.99176e-23 	3.25908e-08
0.477413 	4.70905e-08 	8.75671e-10 	7.17705e-23 	3.83592e-08 	1.16693e-22 	4.27248e-08
0.479933 	6.20344e-08 	1.28547e-09 	7.432e-23 	4.8921e-08 	6.26566e-23 	5.54776e-08
0.482604 	8.10082e-08 	1.8441e-09 	-8.29952e-23 	6.1709e-08 	-1.13911e-22 	7.13586e-08
0.485435 	1.04804e-07 	2.58018e-09 	-9.29412e-23 	7.70093e-08 	-9.8202e-23 	9.09061e-08
0.488436 	1.34202e-07 	3.50884e-09 	6.75364e-23 	9.51072e-08 	2.2871e-22 	1.14654e-07
0.491616 	1.69874e-07 	4.62057e-09 	2.87598e-22 	1.16292e-07 	1.78405e-22 	1.43082e-07
0.494988 	2.12257e-07 	5.86208e-09 	-2.00952e-23 	1.40869e-07 	-1.16114e-22 	1.76562e-07
0.498561 	2.61422e-07 	7.11948e-09 	1.19763e-22 	1.69185e-07 	-1.27988e-22 	2.15304e-07
0.502349 	3.16988e-07 	8.21333e-09 	-4.84332e-22 	2.01647e-07 	-7.3795e-22 	2.59318e-07
0.506363 	3.78122e-07 	8.89751e-09 	-3.10424e-22 	2.3872e-07 	-3.41755e-23 	3.0842e-07
0.510618 	4.43629e-07 	8.87327e-09 	3.40485e-22 	2.80911e-07 	8.05682e-22 	3.62268e-07
0.515128 	5.12136e-07 	7.82247e-09 	9.74936e-22 	3.28715e-07 	1.0267e-21 	4.20424e-07
0.519908 	5.82296e-07 	5.44464e-09 	-2.0643e-22 	3.82556e-07 	-2.01674e-21 	4.82424e-07
0.524974 	6.52939e-07 	1.46915e-09 	-2.40625e-21 	4.42747e-07 	-7.90372e-22 	5.47842e-07
0.530343 	7.23202e-07 	-4.32786e-09 	1.29954e-21 	5.09486e-07 	1.88588e-21 	6.16342e-07
0.536034 	7.9252e-07 	-1.21146e-08 	1.02149e-22 	5.82854e-07 	1.23493e-22 	6.87685e-07
0.542066 	8.6061e-07 	-2.20244e-08 	-1.2292e-23 	6.62846e-07 	-4.8346e-23 	7.6173e-07
0.548458 	9.27404e-07 	-3.4147e-08 	-1.17821e-22 	7.49458e-07 	-6.98243e-23 	8.38431e-07
0.555233 	9.9303e-07 	-4.85538e-08 	3.23322e-22 	8.42706e-07 	1.55088e-22 	9.17865e-07
0.562414 	1.05773e-06 	-6.53115e-08 	-1.73051e-22 	9.42661e-07 	3.32005e-22 	1.00019e-06
0.570024 	1.12179e-06 	-8.4473e-08 	1.54113e-22 	1.04954e-06 	-1.67311e-22 	1.08566e-06
0.578089 	1.18561e-06 	-1.06097e-07 	-1.68409e-22 	1.16367e-06 	-2.3362e-22 	1.17463e-06
0.586636 	1.24965e-06 	-1.30224e-07 	4.88427e-24 	1.2855e-06 	6.41649e-23 	1.26758e-06
0.595694 	1.31446e-06 	-1.56879e-07 	1.37813e-22 	1.41568e-06 	-8.75818e-23 	1.36507e-06
0.605293 	1.38063e-06 	-1.86116e-07 	1.26982e-22 	1.55511e-06 	-2.5768e-22 	1.46787e-06
0.615466 	1.44892e-06 	-2.17994e-07 	-7.13718e-22 	1.7049e-06 	3.23914e-22 	1.57691e-06
0.626247 	1.52037e-06 	-2.52588e-07 	-4.64594e-22 	1.86642e-06 	2.77001e-22 	1.69338e-06
0.637671 	1.59631e-06 	-2.90105e-07 	7.7244e-22 	2.04152e-06 	-3.66024e-22 	1.81889e-06
0.649778 	1.6785e-06 	-3.31013e-07 	-2.47437e-22 	2.23268e-06 	-1.20318e-22 	1.95557e-06
0.662606 	1.76966e-06 	-3.76187e-07 	1.13176e-21 	2.44319e-06 	7.2464e-22 	2.10639e-06
0.6762 	1.87399e-06 	-4.27338e-07 	-6.5987e-22 	2.67762e-06 	3.43459e-22 	2.27575e-06
0.690605 	1.99826e-06 	-4.87679e-07 	-3.02425e-22 	2.94256e-06 	-9.34185e-22 	2.47036e-06
0.705868 	2.15326e-06 	-5.62251e-07 	-3.27413e-21 	3.24742e-06 	-2.32163e-21 	2.70041e-06
0.722041 	2.35462e-06 	-6.58009e-07 	6.43308e-22 	3.60488e-06 	6.09404e-21 	2.97985e-06
0.739177 	2.61703e-06 	-7.86214e-07 	3.70406e-21 	4.03113e-06 	-3.7516e-23 	3.32408e-06
0.757334 	2.95761e-06 	-9.66122e-07 	-1.23439e-21 	4.55615e-06 	-2.68481e-21 	3.75678e-06
0.776571 	3.41358e-06 	-1.21868e-06 	-3.34008e-23 	5.22469e-06 	-4.80139e-22 	4.31905e-06
0.796952 	4.03838e-06 	-1.57156e-06 	4.04715e-22 	6.0958e-06 	1.99927e-22 	5.0669e-06
0.818544 	4.89419e-06 	-2.06301e-06 	-6.33063e-22 	7.23603e-06 	1.81494e-22 	6.0643e-06
0.84142 	6.03654e-06 	-2.75194e-06 	-1.93725e-21 	8.69989e-06 	-5.87498e-22 	7.36636e-06
0.865654 	7.50341e-06 	-3.69335e-06 	6.13025e-22 	1.04738e-05 	-7.9168e-22 	8.98892e-06
0.891326 	9.3367e-06 	-4.87614e-06 	-7.40027e-22 	1.2454e-05 	-1.78216e-21 	1.08981e-05
0.918521 	1.15064e-05 	-6.14599e-06 	1.01653e-20 	1.44101e-05 	-1.70562e-21 	1.29599e-05
0.947328 	1.36938e-05 	-7.51521e-06 	1.57462e-20 	1.60777e-05 	3.52512e-21 	1.48864e-05
0.977841 	1.55367e-05 	-8.71793e-06 	-1.16958e-20 	1.71203e-05 	2.94265e-21 	1.63295e-05
1.00381 	1.66378e-05 	-9.2902e-06 	-1.5453e-20 	1.74456e-05 	-9.52544e-22 	1.70417e-05
1.02043 	1.71346e-05 	-9.40753e-06 	-5.46178e-21 	1.74472e-05 	-2.32184e-21 	1.72892e-05
1.04439 	1.75624e-05 	-9.24432e-06 	-6.92478e-22 	1.73079e-05 	-1.33003e-21 	1.74321e-05
1.08065 	1.7859e-05 	-8.68502e-06 	3.178e-22 	1.7065e-05 	2.44716e-22 	1.74607e-05
1.11905 	1.78995e-05 	-7.90506e-06 	-1.62739e-20 	1.69973e-05 	9.14387e-22 	1.74493e-05
1.15971 	1.78431e-05 	-7.13263e-06 	-7.38181e-20 	1.71903e-05 	-6.1884e-22 	1.75166e-05
1.20277 	1.78048e-05 	-6.63229e-06 	4.03812e-20 	1.75499e-05 	-3.62542e-21 	1.76781e-05
1.24837 	1.78445e-05 	-6.47417e-06 	1.81657e-19 	1.79117e-05 	2.31195e-21 	1.78795e-05
1.29664 	1.79578e-05 	-6.56069e-06 	-2.11828e-19 	1.81405e-05 	2.38196e-21 	1.80496e-05
1.34776 	1.80716e-05 	-6.74565e-06 	8.87334e-20 	1.81788e-05 	-2.70436e-21 	1.81252e-05
1.40187 	1.8092e-05 	-6.90315e-06 	8.99799e-21 	1.80255e-05 	2.29157e-21 	1.80583e-05
1.45915 	1.79486e-05 	-6.96023e-06 	-1.78421e-19 	1.76877e-05 	-1.97909e-21 	1.78181e-05
1.51979 	1.76092e-05 	-6.88172e-06 	2.83049e-19 	1.71688e-05 	-9.7766e-22 	1.73888e-05
1.58397 	1.70632e-05 	-6.65276e-06 	-8.60204e-20 	1.6478e-05 	2.34261e-21 	1.67703e-05
1.65191 	1.63207e-05 	-6.2763e-06 	-8.77348e-21 	1.5644e-05 	-6.39024e-22 	1.59824e-05
1.72381 	1.54106e-05 	-5.77004e-06 	-9.15352e-22 	1.47107e-05 	-5.94173e-23 	1.5061e-05
1.79768 	1.44079e-05 	-5.17556e-06 	1.80525e-22 	1.37498e-05 	3.21293e-22 	1.4079e-05
1.86934 	1.34075e-05 	-4.55242e-06 	-6.19747e-20 	1.28342e-05 	1.00581e-21 	1.31207e-05
1.93684 	1.24565e-05 	-3.94966e-06 	-1.49721e-19 	1.19925e-05 	-2.75479e-21 	1.22243e-05
2.00043 	1.15709e-05 	-3.39219e-06 	2.18905e-19 	1.12297e-05 	-2.07732e-22 	1.14004e-05
2.06034 	1.07583e-05 	-2.889e-06 	5.306e-20 	1.05416e-05 	2.04471e-21 	1.06501e-05
2.0924 	1.03325e-05 	-2.62833e-06 	-1.07811e-19 	1.01832e-05 	1.06357e-21 	1.02579e-05
2.11978 	9.98047e-06 	-2.41631e-06 	-4.79755e-20 	9.88732e-06 	-1.22853e-22 	9.93386e-06
2.16998 	9.34989e-06 	-2.03948e-06 	1.49298e-21 	9.35572e-06 	1.56204e-22 	9.35274e-06
2.2201 	8.74876e-06 	-1.68403e-06 	-5.6607e-20 	8.84387e-06 	2.08498e-21 	8.79632e-06
2.26733 	8.21043e-06 	-1.36643e-06 	-2.73615e-19 	8.3773e-06 	-4.53301e-21 	8.29369e-06
2.31185 	7.72813e-06 	-1.08044e-06 	2.36199e-19 	7.95099e-06 	-1.39762e-20 	7.83953e-06
2.35381 	7.29663e-06 	-8.20634e-07 	1.26336e-18 	7.56032e-06 	1.86453e-20 	7.42847e-06
2.39336 	6.91049e-06 	-5.81616e-07 	-1.051e-18 	7.20188e-06 	1.16676e-20 	7.05619e-06
2.43064 	6.56476e-06 	-3.60436e-07 	-1.85331e-19 	6.87335e-06 	-1.29204e-20 	6.71933e-06
2.46578 	6.25653e-06 	-1.54364e-07 	-3.51618e-22 	6.57226e-06 	-1.91853e-21 	6.41444e-06
2.49891 	5.9813e-06 	3.87442e-08 	-3.82577e-22 	6.29704e-06 	-2.0058e-21 	6.13901e-06
2.53015 	5.73553e-06 	2.19951e-07 	1.30758e-19 	6.04676e-06 	-1.08104e-20 	5.89132e-06
2.5596 	5.51822e-06 	3.91243e-07 	6.91245e-19 	5.81979e-06 	1.75657e-20 	5.66898e-06
2.58736 	5.32662e-06 	5.53539e-07 	-7.56291e-19 	5.61576e-06 	1.46284e-20 	5.47105e-06
2.61354 	5.15895e-06 	7.07027e-07 	-4.01569e-19 	5.43417e-06 	-1.91792e-20 	5.29649e-06
2.63822 	5.01404e-06 	8.51947e-07 	3.00938e-19 	5.2744e-06 	-5.90338e-21 	5.14424e-06
2.6615 	4.89066e-06 	9.88799e-07 	3.04638e-20 	5.13598e-06 	8.09849e-21 	5.01349e-06
2.68344 	4.78804e-06 	1.11742e-06 	-1.17382e-19 	5.01823e-06 	2.02202e-20 	4.9033e-06
2.70414 	4.70513e-06 	1.23761e-06 	-8.31477e-19 	4.92052e-06 	-2.5984e-20 	4.81286e-06
2.72365 	4.6405e-06 	1.34963e-06 	8.10117e-19 	4.84218e-06 	-1.73228e-20 	4.74134e-06
2.74206 	4.593e-06 	1.45415e-06 	9.19183e-20 	4.78211e-06 	1.86056e-20 	4.68758e-06
2.75941 	4.56143e-06 	1.55032e-06 	1.97236e-22 	4.73892e-06 	1.89478e-21 	4.65015e-06
2.77578 	4.544e-06 	1.63805e-06 	6.70665e-21 	4.71118e-06 	-6.51451e-22 	4.62762e-06
2.79122 	4.5394e-06 	1.71808e-06 	2.24693e-20 	4.69692e-06 	4.27767e-22 	4.6181e-06
2.80577 	4.54541e-06 	1.79038e-06 	-9.5108e-21 	4.69436e-06 	1.28661e-21 	4.61985e-06
2.8195 	4.56029e-06 	1.85527e-06 	-1.88743e-20 	4.70135e-06 	-3.1801e-22 	4.63081e-06
2.83245 	4.58211e-06 	1.91316e-06 	1.61736e-22 	4.7158e-06 	-5.76629e-22 	4.64897e-06
2.84466 	4.60915e-06 	1.96406e-06 	-9.4172e-23 	4.73563e-06 	-2.8989e-22 	4.67235e-06
2.85618 	4.63949e-06 	2.00893e-06 	5.83879e-21 	4.75906e-06 	-1.46053e-22 	4.69925e-06
2.86705 	4.67174e-06 	2.04856e-06 	3.5873e-21 	4.78438e-06 	-6.9263e-22 	4.72804e-06
2.87729 	4.70463e-06 	2.08271e-06 	2.69414e-20 	4.81015e-06 	9.06597e-22 	4.75734e-06
2.88696 	4.737e-06 	2.11273e-06 	-1.69198e-20 	4.83529e-06 	1.10153e-20 	4.78611e-06
2.89607 	4.76804e-06 	2.13896e-06 	-2.04742e-19 	4.85889e-06 	-8.40124e-21 	4.81347e-06
2.90467 	4.79724e-06 	2.16202e-06 	1.37517e-19 	4.88026e-06 	-1.78129e-21 	4.83873e-06
2.91278 	4.82402e-06 	2.18266e-06 	-1.22518e-19 	4.89902e-06 	-2.57615e-21 	4.86151e-06
2.92043 	4.84807e-06 	2.20108e-06 	1.49643e-19 	4.91486e-06 	-6.59506e-21 	4.88146e-06
2.92764 	4.86911e-06 	2.21791e-06 	1.34573e-20 	4.92759e-06 	8.50182e-21 	4.89835e-06
2.93445 	4.88696e-06 	2.23264e-06 	-1.08901e-20 	4.93708e-06 	1.53891e-21 	4.91201e-06
2.94087 	4.90129e-06 	2.24593e-06 	-1.44088e-20 	4.94322e-06 	-2.20084e-21 	4.92226e-06
2.94693 	4.91187e-06 	2.2578e-06 	2.3011e-20 	4.94583e-06 	-1.03573e-20 	4.92884e-06
2.95264 	4.91826e-06 	2.26758e-06 	1.27069e-19 	4.94467e-06 	1.22862e-20 	4.93147e-06
2.95802 	4.92004e-06 	2.27542e-06 	-1.3022e-19 	4.93933e-06 	1.91444e-20 	4.92968e-06
2.96311 	4.91664e-06 	2.28175e-06 	-1.3515e-19 	4.92921e-06 	-2.06286e-20 	4.92294e-06
2.9679 	4.90722e-06 	2.28246e-06 	1.20748e-19 	4.9133e-06 	-2.27409e-20 	4.91029e-06
2.97242 	4.89035e-06 	2.27401e-06 	1.43257e-19 	4.89024e-06 	9.70513e-21 	4.89029e-06
2.97669 	4.86389e-06 	2.26046e-06 	-1.27582e-21 	4.85829e-06 	2.12825e-20 	4.86108e-06
2.98071 	4.82523e-06 	2.24139e-06 	-8.90288e-20 	4.81517e-06 	1.19426e-21 	4.82019e-06
2.98451 	4.77152e-06 	2.21557e-06 	-1.43376e-20 	4.75814e-06 	-7.29899e-21 	4.76482e-06
2.98809 	4.69976e-06 	2.18185e-06 	-6.955e-21 	4.68413e-06 	-1.36655e-21 	4.69195e-06
2.99147 	4.60693e-06 	2.13851e-06 	-1.6788e-23 	4.58998e-06 	-6.75231e-22 	4.59845e-06
2.99465 	4.49002e-06 	2.08388e-06 	1.67582e-23 	4.47258e-06 	1.41929e-21 	4.4813e-06
2.99766 	4.34624e-06 	2.01701e-06 	-7.77078e-21 	4.32901e-06 	6.59906e-21 	4.33763e-06
3.00049 	4.17318e-06 	1.93668e-06 	-3.74952e-20 	4.15671e-06 	-1.4404e-20 	4.16495e-06
3.00317 	3.96905e-06 	1.84205e-06 	6.6077e-20 	3.95374e-06 	-7.95714e-22 	3.96139e-06
3.00569 	3.73289e-06 	1.73259e-06 	-1.71362e-20 	3.71905e-06 	9.11317e-21 	3.72596e-06
3.00807 	3.46498e-06 	1.60831e-06 	2.10769e-21 	3.45277e-06 	-2.84297e-21 	3.45887e-06
3.01032 	3.16709e-06 	1.4702e-06 	7.50911e-22 	3.1566e-06 	1.43773e-21 	3.16185e-06
3.01243 	2.84276e-06 	1.31948e-06 	-4.1895e-21 	2.83401e-06 	5.89869e-22 	2.83839e-06
3.01443 	2.49711e-06 	1.15396e-06 	-1.93161e-21 	2.49007e-06 	-7.42465e-22 	2.49359e-06
3.01632 	2.13661e-06 	9.60896e-07 	-4.06867e-24 	2.13125e-06 	-8.95803e-22 	2.13393e-06
3.01809 	1.77305e-06 	7.63761e-07 	1.01942e-21 	1.76917e-06 	-3.38888e-21 	1.77111e-06
3.01977 	1.42159e-06 	5.75466e-07 	6.45813e-21 	1.41893e-06 	-1.81966e-21 	1.42026e-06
3.02135 	1.09791e-06 	4.07645e-07 	3.63396e-21 	1.09619e-06 	4.43904e-21 	1.09705e-06
3.02285 	8.15095e-07 	2.69701e-07 	-4.37973e-21 	8.14056e-07 	1.49274e-21 	8.14575e-07
3.02425 	5.80968e-07 	1.65859e-07 	-9.02797e-22 	5.80386e-07 	-9.2569e-22 	5.80677e-07
3.02558 	3.97123e-07 	9.44788e-08 	-1.07362e-22 	3.9682e-07 	3.91641e-22 	3.96971e-07
3.02683 	2.59819e-07 	4.96823e-08 	-5.55008e-22 	2.59675e-07 	-2.75097e-22 	2.59747e-07
3.02802 	1.62048e-07 	2.39921e-08 	1.90812e-22 	1.61985e-07 	-2.16169e-22 	1.62016e-07
3.02913 	9.56361e-08 	1.05398e-08 	5.51937e-23 	9.56118e-08 	4.77426e-23 	9.56239e-08
3.03018 	5.27464e-08 	4.14327e-09 	-1.50083e-24 	5.27381e-08 	2.86689e-23 	5.27423e-08
3.03118 	2.66421e-08 	1.41811e-09 	-5.2454e-24 	2.66396e-08 	1.37402e-24 	2.66409e-08
3.03211 	1.19243e-08 	4.04223e-10 	-5.02141e-25 	1.19237e-08 	-3.19592e-24 	1.1924e-08
3.03299 	4.47364e-09 	8.92748e-11 	4.34938e-25 	4.47354e-09 	-3.35038e-25 	4.47359e-09
3.03383 	1.27579e-09 	1.3587e-11 	1.86025e-26 	1.27577e-09 	7.55903e-26 	1.27578e-09
3.03461 	2.33373e-10 	1.18553e-12 	-1.31802e-28 	2.33372e-10 	6.98333e-27 	2.33372e-10
3.03535 	4.14767e-11 	4.33206e-14 	-5.55156e-29 	4.14767e-11 	-1.46916e-28 	4.14767e-11
