0.00043385 	-4.73603e-05 	-2.1504e-08 	-2.18716e-19
0.00132759 	-0.000141966 	-7.6821e-08 	-7.27539e-18
0.00227498 	-0.000237945 	-2.05751e-07 	7.67971e-18
0.00327924 	-0.0003353 	-4.23052e-07 	-2.02988e-18
0.00434378 	-0.000433574 	-7.36293e-07 	-4.20138e-18
0.00547221 	-0.000532213 	-1.15838e-06 	-2.00026e-18
0.00666839 	-0.000630545 	-1.70493e-06 	1.27032e-17
0.00793636 	-0.000727755 	-2.39294e-06 	-5.75666e-18
0.00928045 	-0.000822839 	-3.24078e-06 	-8.59583e-19
0.0107052 	-0.000914561 	-4.26829e-06 	8.73657e-24
0.0122155 	-0.0010014 	-5.49657e-06 	4.69325e-24
0.0138164 	-0.00108149 	-6.94754e-06 	3.20537e-24
0.0155135 	-0.00115269 	-8.64328e-06 	1.05352e-18
0.0173124 	-0.00121271 	-1.0605e-05 	4.70813e-18
0.0192193 	-0.00125951 	-1.28514e-05 	-4.58401e-18
0.0212406 	-0.00129179 	-1.53973e-05 	-7.80146e-18
0.0233833 	-0.00130951 	-1.82527e-05 	6.20407e-18
0.0256546 	-0.00131388 	-2.14237e-05 	3.00713e-20
0.0280623 	-0.00130693 	-2.49149e-05 	-2.83485e-19
0.0306144 	-0.00129096 	-2.87315e-05 	-2.15832e-18
0.0333198 	-0.001268 	-3.28804e-05 	4.11822e-18
0.0361875 	-0.00123969 	-3.73705e-05 	-1.53451e-18
0.0392274 	-0.0012072 	-4.22124e-05 	-2.07985e-19
0.0424498 	-0.00117131 	-4.74187e-05 	-5.61938e-25
0.0458656 	-0.00113255 	-5.3004e-05 	7.83361e-19
0.0494864 	-0.00109125 	-5.89846e-05 	3.67205e-18
0.0533246 	-0.00104757 	-6.53786e-05 	-5.12509e-18
0.0573931 	-0.00100161 	-7.22059e-05 	-1.39098e-18
0.0617059 	-0.000953363 	-7.94878e-05 	2.39471e-18
0.0662775 	-0.000902794 	-8.72475e-05 	-5.11153e-20
0.0711236 	-0.000849816 	-9.55095e-05 	-1.00071e-18
0.0762605 	-0.000794308 	-0.0001043 	6.22143e-19
0.0817058 	-0.000736123 	-0.000113647 	-1.51494e-18
0.087478 	-0.000675083 	-0.000123579 	1.49849e-18
0.0935966 	-0.000610986 	-0.000134128 	1.35711e-19
0.100083 	-0.000543599 	-0.000145327 	-1.14958e-24
0.106958 	-0.000472669 	-0.000157208 	-1.01886e-23
0.114246 	-0.000397907 	-0.000169808 	-6.32258e-20
0.121971 	-0.000318994 	-0.000183163 	-6.50555e-19
0.13016 	-0.000235574 	-0.000197311 	6.41092e-19
0.138841 	-0.000147251 	-0.000212292 	1.1902e-19
0.148043 	-5.35835e-05 	-0.000228147 	2.5974e-19
0.157797 	4.59204e-05 	-0.000244917 	1.4868e-18
0.168136 	0.00015181 	-0.000262645 	-1.6309e-18
0.179097 	0.000264699 	-0.000281374 	-1.5907e-19
0.190715 	0.000385275 	-0.000301145 	1.22448e-20
0.20303 	0.000514311 	-0.000322002 	4.80473e-19
0.216085 	0.000652673 	-0.000343985 	-4.04709e-19
0.229923 	0.000801338 	-0.000367133 	-3.92062e-20
0.244592 	0.000961407 	-0.000391481 	-5.95643e-24
0.260142 	0.00113412 	-0.000417061 	-9.32156e-24
0.276625 	0.00132088 	-0.000443898 	-1.10845e-19
0.294097 	0.00152328 	-0.000472008 	-9.28091e-19
0.312618 	0.00174311 	-0.000501398 	8.98457e-19
0.332251 	0.00198241 	-0.000532058 	1.53646e-19
0.353063 	0.00224346 	-0.000563963 	-1.31872e-24
0.375123 	0.00252887 	-0.000597063 	-2.647e-22
0.398508 	0.00284157 	-0.000631281 	-1.07238e-23
0.423296 	0.00318487 	-0.000666502 	1.92777e-19
0.449573 	0.00356251 	-0.000702583 	2.32178e-18
0.477427 	0.00397861 	-0.000739296 	-2.2376e-18
0.506952 	0.00443777 	-0.000776355 	-3.44306e-19
0.53825 	0.00494505 	-0.000813401 	-5.08231e-23
0.571427 	0.00550597 	-0.000850037 	-3.21411e-19
0.606595 	0.00612756 	-0.000885611 	-1.03898e-18
0.643874 	0.0068259 	-0.000918764 	1.11914e-18
0.683391 	0.00762505 	-0.000948022 	2.66878e-19
0.725279 	0.00854014 	-0.00097124 	-3.36842e-22
0.769683 	0.00957095 	-0.000987265 	-2.88727e-23
0.816751 	0.0107079 	-0.000995504 	4.13263e-22
0.866645 	0.0119375 	-0.000995436 	-9.39447e-22
0.919534 	0.0132463 	-0.000986287 	5.5105e-22
0.975597 	0.0146174 	-0.000967449 	-1.5929e-22
1.03503 	0.0160287 	-0.000938843 	-1.20434e-19
1.09802 	0.017452 	-0.000901186 	-2.42275e-19
1.14865 	0.0185304 	-0.000867409 	1.78932e-19
1.18301 	0.0192244 	-0.00084326 	4.38906e-19
1.23559 	0.0202154 	-0.000805677 	3.90362e-19
1.31062 	0.021503 	-0.000752175 	-2.5484e-19
1.39016 	0.0227017 	-0.000697707 	-2.14665e-19
1.47447 	0.0238015 	-0.000644024 	-4.31757e-19
1.56124 	0.0247786 	-0.000593256 	4.38063e-19
1.64556 	0.0256015 	-0.000547757 	1.29805e-20
1.72509 	0.0262818 	-0.000507752 	5.35796e-20
1.80013 	0.0268497 	-0.000471198 	8.39162e-20
1.87091 	0.0273304 	-0.000437262 	5.11899e-22
1.93769 	0.0277406 	-0.0004055 	-3.46655e-19
2.00069 	0.0280911 	-0.000376262 	-2.03388e-18
2.06012 	0.0283909 	-0.000349378 	2.18958e-18
2.11618 	0.028647 	-0.000324636 	3.41527e-19
2.16907 	0.0288652 	-0.000301823 	-9.35712e-19
2.21896 	0.0290498 	-0.000280756 	1.01298e-18
2.26603 	0.0292048 	-0.000261257 	8.20975e-21
2.31043 	0.0293334 	-0.000243157 	1.87603e-22
2.35232 	0.029438 	-0.000226324 	8.92387e-23
2.39184 	0.0295205 	-0.000210642 	7.02619e-23
2.42912 	0.0295824 	-0.000196005 	7.07779e-19
2.46429 	0.0296247 	-0.000182323 	1.53583e-18
2.49746 	0.0296483 	-0.000169511 	-1.56237e-18
2.52876 	0.0296536 	-0.000157496 	-9.02993e-19
2.55829 	0.029641 	-0.000146207 	-6.74943e-23
2.57764 	0.0296228 	-0.000138822 	4.49362e-19
2.59116 	0.0296031 	-0.000133663 	1.67793e-18
2.61242 	0.029562 	-0.000125548 	2.23339e-18
2.63721 	0.0294952 	-0.000116069 	-7.85385e-19
2.66059 	0.0294094 	-0.000107091 	-1.57426e-18
2.68265 	0.0293043 	-9.85659e-05 	5.56941e-19
2.70346 	0.0291792 	-9.04508e-05 	-1.6447e-18
2.7231 	0.0290337 	-8.27059e-05 	-2.20907e-18
2.74162 	0.0288672 	-7.52961e-05 	-2.47756e-18
2.75909 	0.0286793 	-6.81916e-05 	7.39178e-18
2.77557 	0.0284698 	-6.13678e-05 	-1.53606e-18
2.79112 	0.0282387 	-5.48065e-05 	1.64139e-18
2.80579 	0.0279861 	-4.84952e-05 	-4.37787e-18
2.81963 	0.0277123 	-4.24278e-05 	-6.49022e-18
2.83268 	0.0274179 	-3.66035e-05 	6.01437e-18
2.845 	0.0271035 	-3.10269e-05 	1.9326e-18
2.85662 	0.0267702 	-2.57054e-05 	4.69098e-19
2.86758 	0.0264189 	-2.06498e-05 	-5.30201e-21
2.87792 	0.0260504 	-1.58758e-05 	3.61599e-18
2.88767 	0.0256625 	-1.13823e-05 	-4.495e-18
2.89687 	0.025253 	-7.16507e-06 	-5.64161e-18
2.90555 	0.0248232 	-3.2526e-06 	4.45381e-18
2.91374 	0.0243763 	3.28555e-07 	1.0409e-18
2.92147 	0.0239157 	3.55581e-06 	-2.2551e-23
2.92876 	0.0234445 	6.41173e-06 	7.06063e-27
2.93563 	0.022965 	8.88703e-06 	2.91463e-24
2.94212 	0.0224789 	1.09813e-05 	5.68121e-23
2.94824 	0.0219872 	1.27021e-05 	2.34202e-23
2.95401 	0.0214905 	1.40636e-05 	5.54612e-19
2.95945 	0.0209888 	1.50851e-05 	5.93801e-18
2.96459 	0.0204818 	1.57894e-05 	-5.54358e-18
2.96944 	0.0199687 	1.62018e-05 	-4.91906e-21
2.97401 	0.0194485 	1.63507e-05 	-5.76416e-19
2.97832 	0.0189197 	1.62647e-05 	-5.77367e-19
2.98239 	0.0183807 	1.59728e-05 	-1.77756e-24
2.98623 	0.0178295 	1.55036e-05 	1.2719e-18
2.98985 	0.0172639 	1.48855e-05 	7.98195e-18
2.99326 	0.0166814 	1.41453e-05 	-7.76633e-18
2.99649 	0.0160798 	1.33092e-05 	-1.05999e-19
2.99953 	0.0154567 	1.24011e-05 	1.68751e-20
3.00239 	0.0148095 	1.14439e-05 	-1.39043e-18
3.0051 	0.0141357 	1.04603e-05 	-8.31023e-19
3.00765 	0.0134318 	9.46948e-06 	-3.37675e-20
3.01006 	0.0126941 	8.48793e-06 	-1.83359e-18
3.01233 	0.0119213 	7.52997e-06 	-1.20119e-17
3.01447 	0.0111141 	6.60655e-06 	1.27046e-17
3.01649 	0.0102766 	5.72702e-06 	2.09286e-18
3.0184 	0.00941626 	4.89951e-06 	2.7217e-18
3.0202 	0.00854445 	4.13088e-06 	2.57076e-17
3.0219 	0.0076748 	3.42666e-06 	-2.6312e-17
3.0235 	0.00682102 	2.79081e-06 	-2.30019e-18
3.02501 	0.0059945 	2.22556e-06 	-1.04792e-18
3.02643 	0.00520303 	1.73135e-06 	-1.18739e-17
3.02778 	0.00445076 	1.30703e-06 	1.31318e-17
3.02905 	0.00373896 	9.50178e-07 	1.34567e-17
3.03024 	0.00306713 	6.57427e-07 	-1.01013e-17
3.03137 	0.00243373 	4.24767e-07 	-3.29816e-18
3.03244 	0.00183685 	2.4786e-07 	-6.56399e-19
3.03344 	0.00127446 	1.22198e-07 	-8.56087e-20
3.03439 	0.000744528 	4.22921e-08 	-8.44563e-18
3.03528 	0.000243661 	1.58006e-09 	4.4294e-18
