/*--------------------------------*- C++ -*----------------------------------*\
| =========                 |                                                 |
| \\      /  F ield         | OpenFOAM: The Open Source CFD Toolbox           |
|  \\    /   O peration     | Version:  2.4.0                                 |
|   \\  /    A nd           | Web:      www.OpenFOAM.org                      |
|    \\/     M anipulation  |                                                 |
\*---------------------------------------------------------------------------*/
FoamFile
{
    version     2.0;
    format      ascii;
    class       regIOobject;
    location    "constant/polyMesh";
    object      cellZones;
}
// * * * * * * * * * * * * * * * * * * * * * * * * * * * * * * * * * * * * * //

1
(
inletCellZone
{
    type cellZone;
cellLabels      List<label> 
580
(
93960
276480
119880
194940
206280
64260
307260
184140
42120
176580
296460
262980
165780
288900
132300
266760
278100
76680
211140
88020
222480
189000
308880
58320
301320
144720
279180
290520
257040
115020
234900
201420
227340
212760
70740
37260
48600
291600
302940
149580
160920
18900
138780
105300
239760
8100
83160
109080
228960
304020
206820
53460
173340
31320
151200
9180
252180
95580
121500
241380
99360
65880
185760
43740
55080
178200
21600
156060
167400
133920
268380
253800
3240
246240
89640
224100
235440
190620
34020
59940
179820
146340
4320
49140
15660
258660
270000
127980
203040
214380
72360
192240
218160
16740
28080
162540
297000
5940
140400
274860
286200
84780
96120
110700
230580
197100
208440
174960
309420
186300
152820
287280
298620
265140
123120
243000
100980
112320
78840
45360
56700
299700
311040
169020
135540
255420
281340
124740
247860
91260
117180
237060
312120
61560
214920
181440
39420
50760
293760
28620
260280
271620
129600
249480
107460
73980
193860
219780
63180
29700
164160
284040
142020
261900
0
11340
86400
97740
232200
198720
75600
210060
68040
187920
154440
57240
12420
23760
158220
1620
244620
102600
255960
113940
80460
200340
226260
24840
36180
170640
14040
148500
6480
126360
92880
118800
104220
238680
205200
216540
183060
26460
41040
52380
295380
306720
273240
131220
284580
251100
277020
120420
195480
98280
221400
64800
307800
42660
177120
143640
263520
289440
132840
267300
233820
77220
211680
223020
69660
189540
47520
58860
301860
159840
145260
279720
137700
257580
115560
126900
82080
201960
227880
71280
37800
172260
217080
292140
150120
161460
19440
94500
105840
240300
83700
109620
184680
304560
54000
20520
173880
31860
166320
9720
252720
264060
2160
122040
88560
99900
66420
32940
77760
44280
178740
22140
156600
14580
134460
268920
3780
246780
213300
224640
191160
34560
60480
27000
146880
4860
16200
139320
259200
285120
128520
203580
229500
106380
72900
207360
218700
17280
305100
151740
163080
297540
140940
275400
241920
85320
111240
231120
197640
55620
175500
309960
153360
167940
287820
254340
265680
123660
90180
243540
101520
235980
79380
45900
225180
180360
300240
49680
169560
136080
270540
147420
281880
248400
91800
117720
192780
312660
62100
181980
39960
282960
294300
260820
10260
272160
130140
96660
108000
74520
194400
208980
220320
186840
30240
164700
22680
176040
142560
540
11880
86940
266220
112860
232740
199260
210600
68580
35100
154980
12960
24300
158760
125280
245160
103140
114480
237600
81000
215460
226800
25380
51300
36720
171180
305640
149040
7020
294840
250020
93420
119340
239220
205740
63720
108540
183600
41580
52920
295920
262440
273780
131760
251640
277560
76140
196020
221940
188460
65340
308340
57780
177660
144180
155520
278640
289980
256500
267840
234360
200880
245700
212220
70200
190080
48060
291060
302400
160380
280260
138240
104760
116100
82620
202500
228420
303480
38340
172800
292680
30780
150660
8640
19980
95040
120960
274320
240840
98820
110160
185220
196560
43200
54540
21060
32400
166860
133380
253260
2700
122580
89100
223560
66960
33480
44820
59400
179280
145800
157140
15120
258120
135000
269460
127440
247320
213840
116640
71820
191700
217620
61020
27540
162000
38880
5400
139860
259740
285660
84240
204120
230040
73440
207900
174420
17820
152280
286740
163620
298080
264600
275940
242460
85860
100440
111780
78300
198180
56160
299160
67500
310500
168480
288360
254880
157680
280800
124200
90720
102060
236520
311580
46440
180900
300780
50220
293220
136620
271080
282420
129060
248940
106920
118260
193320
219240
204660
62640
29160
40500
283500
18360
141480
261360
10800
130680
97200
231660
75060
209520
220860
187380
153900
165240
23220
143100
1080
244080
87480
113400
79920
233280
199800
225720
69120
35640
46980
170100
13500
147960
159300
125820
92340
137160
103680
238140
81540
216000
182520
25920
51840
171720
306180
272700
7560
250560
)
;
}
)

// ************************************************************************* //
