/*--------------------------------*- C++ -*----------------------------------*\
| =========                 |                                                 |
| \\      /  F ield         | OpenFOAM: The Open Source CFD Toolbox           |
|  \\    /   O peration     | Version:  5.x                                   |
|   \\  /    A nd           | Web:      www.OpenFOAM.org                      |
|    \\/     M anipulation  |                                                 |
\*---------------------------------------------------------------------------*/
FoamFile
{
    version     2.0;
    format      ascii;
    class       cellSet;
    location    "constant/polyMesh/sets";
    object      inletCellSet;
}
// * * * * * * * * * * * * * * * * * * * * * * * * * * * * * * * * * * * * * //


290
(
0 
59400 
34830 
10260 
69660 
45090 
20520 
55350 
30780 
6210 
65610 
41040 
16470 
75870 
51300 
26730 
2160 
61560 
36990 
12420 
71820 
47250 
22680 
57510 
32940 
8370 
67770 
43200 
18630 
78030 
53460 
28890 
4320 
63720 
39150 
14580 
73980 
49410 
24840 
270 
59670 
35100 
10530 
69930 
45360 
20790 
55620 
31050 
6480 
65880 
41310 
16740 
76140 
51570 
27000 
2430 
61830 
37260 
12690 
72090 
47520 
22950 
57780 
33210 
8640 
68040 
43470 
18900 
53730 
29160 
4590 
63990 
39420 
14850 
74250 
49680 
25110 
540 
59940 
35370 
10800 
70200 
45630 
21060 
55890 
31320 
6750 
66150 
41580 
17010 
76410 
51840 
27270 
2700 
62100 
37530 
12960 
72360 
47790 
23220 
58050 
33480 
8910 
68310 
43740 
19170 
54000 
29430 
4860 
64260 
39690 
15120 
74520 
49950 
25380 
810 
60210 
35640 
11070 
70470 
45900 
21330 
56160 
31590 
7020 
66420 
41850 
17280 
76680 
52110 
27540 
2970 
62370 
37800 
13230 
72630 
48060 
23490 
58320 
33750 
9180 
68580 
44010 
19440 
54270 
29700 
5130 
64530 
39960 
15390 
74790 
50220 
25650 
1080 
60480 
35910 
11340 
70740 
46170 
21600 
56430 
31860 
7290 
66690 
42120 
17550 
76950 
52380 
27810 
3240 
62640 
38070 
13500 
72900 
48330 
23760 
58590 
34020 
9450 
68850 
44280 
19710 
54540 
29970 
5400 
64800 
40230 
15660 
75060 
50490 
25920 
1350 
60750 
36180 
11610 
71010 
46440 
21870 
56700 
32130 
7560 
66960 
42390 
17820 
77220 
52650 
28080 
3510 
62910 
38340 
13770 
73170 
48600 
24030 
58860 
34290 
9720 
69120 
44550 
19980 
54810 
30240 
5670 
65070 
40500 
15930 
75330 
50760 
26190 
1620 
61020 
36450 
11880 
71280 
46710 
22140 
56970 
32400 
7830 
67230 
42660 
18090 
77490 
52920 
28350 
3780 
63180 
38610 
14040 
73440 
48870 
24300 
59130 
34560 
9990 
69390 
44820 
20250 
55080 
30510 
5940 
65340 
40770 
16200 
75600 
51030 
26460 
1890 
61290 
36720 
12150 
71550 
46980 
22410 
57240 
32670 
8100 
67500 
42930 
18360 
77760 
53190 
28620 
4050 
63450 
38880 
14310 
73710 
49140 
24570 
)

// ************************************************************************* //
