(5.000000000000000278e-02 1.004737699999999956e+00 0.000000000000000000e+00)
(5.000000000000000278e-02 1.004737699999999956e+00 0.000000000000000000e+00)
(5.000000000000000278e-02 1.004737699999999956e+00 0.000000000000000000e+00)
(5.000000000000000278e-02 1.004737699999999956e+00 0.000000000000000000e+00)
(5.000000000000000278e-02 1.009101900000000107e+00 0.000000000000000000e+00)
(5.000000000000000278e-02 1.009101900000000107e+00 0.000000000000000000e+00)
(5.000000000000000278e-02 1.009101900000000107e+00 0.000000000000000000e+00)
(5.000000000000000278e-02 1.009101900000000107e+00 0.000000000000000000e+00)
(5.000000000000000278e-02 1.009101900000000107e+00 0.000000000000000000e+00)
(5.000000000000000278e-02 1.009101900000000107e+00 0.000000000000000000e+00)
(5.000000000000000278e-02 1.009101900000000107e+00 0.000000000000000000e+00)
(5.000000000000000278e-02 1.009101900000000107e+00 0.000000000000000000e+00)
(5.000000000000000278e-02 1.009101900000000107e+00 0.000000000000000000e+00)
(5.000000000000000278e-02 1.009101900000000107e+00 0.000000000000000000e+00)
(5.000000000000000278e-02 1.013465899999999920e+00 0.000000000000000000e+00)
(5.000000000000000278e-02 1.013465899999999920e+00 0.000000000000000000e+00)
(5.000000000000000278e-02 1.013465899999999920e+00 0.000000000000000000e+00)
(5.000000000000000278e-02 1.013465899999999920e+00 0.000000000000000000e+00)
(5.000000000000000278e-02 1.013465899999999920e+00 0.000000000000000000e+00)
(5.000000000000000278e-02 1.013465899999999920e+00 0.000000000000000000e+00)
(5.000000000000000278e-02 1.017830000000000013e+00 0.000000000000000000e+00)
(5.000000000000000278e-02 1.017830000000000013e+00 0.000000000000000000e+00)
(5.000000000000000278e-02 1.017830000000000013e+00 0.000000000000000000e+00)
(5.000000000000000278e-02 1.017830000000000013e+00 0.000000000000000000e+00)
(5.000000000000000278e-02 1.017830000000000013e+00 0.000000000000000000e+00)
(5.000000000000000278e-02 1.017830000000000013e+00 0.000000000000000000e+00)
(5.000000000000000278e-02 1.022194000000000047e+00 0.000000000000000000e+00)
(5.000000000000000278e-02 1.022194000000000047e+00 0.000000000000000000e+00)
(5.000000000000000278e-02 1.022194000000000047e+00 0.000000000000000000e+00)
(5.000000000000000278e-02 1.022194000000000047e+00 0.000000000000000000e+00)
(5.000000000000000278e-02 1.026558199999999976e+00 0.000000000000000000e+00)
(5.000000000000000278e-02 1.026558199999999976e+00 0.000000000000000000e+00)
(5.000000000000000278e-02 1.026558199999999976e+00 0.000000000000000000e+00)
(5.000000000000000278e-02 1.026558199999999976e+00 0.000000000000000000e+00)
(5.000000000000000278e-02 1.030922200000000011e+00 0.000000000000000000e+00)
(5.000000000000000278e-02 1.030922200000000011e+00 0.000000000000000000e+00)
(5.000000000000000278e-02 1.030922200000000011e+00 0.000000000000000000e+00)
(5.000000000000000278e-02 1.030922200000000011e+00 0.000000000000000000e+00)
(5.000000000000000278e-02 1.035286300000000104e+00 0.000000000000000000e+00)
(5.000000000000000278e-02 1.035286300000000104e+00 0.000000000000000000e+00)
(5.000000000000000278e-02 1.035286300000000104e+00 0.000000000000000000e+00)
(5.000000000000000278e-02 1.035286300000000104e+00 0.000000000000000000e+00)
(5.000000000000000278e-02 1.039650299999999916e+00 0.000000000000000000e+00)
(5.000000000000000278e-02 1.039650299999999916e+00 0.000000000000000000e+00)
(5.000000000000000278e-02 1.044014500000000067e+00 0.000000000000000000e+00)
(5.000000000000000278e-02 1.044014500000000067e+00 0.000000000000000000e+00)
(5.000000000000000278e-02 1.048378500000000102e+00 0.000000000000000000e+00)
(5.000000000000000278e-02 1.048378500000000102e+00 0.000000000000000000e+00)
(5.000000000000000278e-02 1.048378500000000102e+00 0.000000000000000000e+00)
(5.000000000000000278e-02 1.048378500000000102e+00 0.000000000000000000e+00)
(5.000000000000000278e-02 1.052742599999999973e+00 0.000000000000000000e+00)
(5.000000000000000278e-02 1.052742599999999973e+00 0.000000000000000000e+00)
(5.000000000000000278e-02 1.057106600000000007e+00 0.000000000000000000e+00)
(5.000000000000000278e-02 1.057106600000000007e+00 0.000000000000000000e+00)
(5.000000000000000278e-02 1.061470700000000100e+00 0.000000000000000000e+00)
(5.000000000000000278e-02 1.061470700000000100e+00 0.000000000000000000e+00)
(5.000000000000000278e-02 1.065834799999999971e+00 0.000000000000000000e+00)
(5.000000000000000278e-02 1.065834799999999971e+00 0.000000000000000000e+00)
(5.000000000000000278e-02 1.070198900000000064e+00 0.000000000000000000e+00)
(5.000000000000000278e-02 1.070198900000000064e+00 0.000000000000000000e+00)
(5.000000000000000278e-02 1.074562900000000099e+00 0.000000000000000000e+00)
(5.000000000000000278e-02 1.074562900000000099e+00 0.000000000000000000e+00)
(5.000000000000000278e-02 1.078926999999999969e+00 0.000000000000000000e+00)
(5.000000000000000278e-02 1.078926999999999969e+00 0.000000000000000000e+00)
(5.000000000000000278e-02 1.083291100000000062e+00 0.000000000000000000e+00)
(5.000000000000000278e-02 1.083291100000000062e+00 0.000000000000000000e+00)
(5.000000000000000278e-02 1.092019199999999968e+00 0.000000000000000000e+00)
(5.000000000000000278e-02 1.092019199999999968e+00 0.000000000000000000e+00)
(5.000000000000000278e-02 1.096383300000000061e+00 0.000000000000000000e+00)
(5.000000000000000278e-02 1.096383300000000061e+00 0.000000000000000000e+00)
(5.000000000000000278e-02 1.100747300000000095e+00 0.000000000000000000e+00)
(5.000000000000000278e-02 1.100747300000000095e+00 0.000000000000000000e+00)
(5.000000000000000278e-02 1.109475500000000059e+00 0.000000000000000000e+00)
(5.000000000000000278e-02 1.109475500000000059e+00 0.000000000000000000e+00)
(5.000000000000000278e-02 1.118203800000000081e+00 0.000000000000000000e+00)
(5.000000000000000278e-02 1.118203800000000081e+00 0.000000000000000000e+00)
(5.000000000000000278e-02 1.122567799999999894e+00 0.000000000000000000e+00)
(5.000000000000000278e-02 1.122567799999999894e+00 0.000000000000000000e+00)
(5.000000000000000278e-02 1.131295900000000021e+00 0.000000000000000000e+00)
(5.000000000000000278e-02 1.131295900000000021e+00 0.000000000000000000e+00)
(5.000000000000000278e-02 1.140024099999999985e+00 0.000000000000000000e+00)
(5.000000000000000278e-02 1.140024099999999985e+00 0.000000000000000000e+00)
(5.000000000000000278e-02 1.148752199999999890e+00 0.000000000000000000e+00)
(5.000000000000000278e-02 1.148752199999999890e+00 0.000000000000000000e+00)
(5.000000000000000278e-02 1.157480400000000076e+00 0.000000000000000000e+00)
(5.000000000000000278e-02 1.157480400000000076e+00 0.000000000000000000e+00)
(5.000000000000000278e-02 1.170572600000000074e+00 0.000000000000000000e+00)
(5.000000000000000278e-02 1.170572600000000074e+00 0.000000000000000000e+00)
(5.000000000000000278e-02 1.179300800000000038e+00 0.000000000000000000e+00)
(5.000000000000000278e-02 1.179300800000000038e+00 0.000000000000000000e+00)
(5.000000000000000278e-02 1.192392899999999978e+00 0.000000000000000000e+00)
(5.000000000000000278e-02 1.192392899999999978e+00 0.000000000000000000e+00)
(5.000000000000000278e-02 1.205485200000000034e+00 0.000000000000000000e+00)
(5.000000000000000278e-02 1.205485200000000034e+00 0.000000000000000000e+00)
(5.000000000000000278e-02 1.214213399999999998e+00 0.000000000000000000e+00)
