(5.000000000000000278e-02 1.000373699999999921e+00 0.000000000000000000e+00)
(5.000000000000000278e-02 1.000373699999999921e+00 0.000000000000000000e+00)
(5.000000000000000278e-02 1.000373699999999921e+00 0.000000000000000000e+00)
(5.000000000000000278e-02 1.000373699999999921e+00 0.000000000000000000e+00)
(5.000000000000000278e-02 1.000373699999999921e+00 0.000000000000000000e+00)
(5.000000000000000278e-02 1.000373699999999921e+00 0.000000000000000000e+00)
(5.000000000000000278e-02 1.000373699999999921e+00 0.000000000000000000e+00)
(5.000000000000000278e-02 1.000373699999999921e+00 0.000000000000000000e+00)
(5.000000000000000278e-02 1.004737699999999956e+00 0.000000000000000000e+00)
(5.000000000000000278e-02 1.004737699999999956e+00 0.000000000000000000e+00)
(5.000000000000000278e-02 1.004737699999999956e+00 0.000000000000000000e+00)
(5.000000000000000278e-02 1.004737699999999956e+00 0.000000000000000000e+00)
(5.000000000000000278e-02 1.004737699999999956e+00 0.000000000000000000e+00)
(5.000000000000000278e-02 1.004737699999999956e+00 0.000000000000000000e+00)
(5.000000000000000278e-02 1.214213399999999998e+00 0.000000000000000000e+00)
(5.000000000000000278e-02 1.231669700000000089e+00 0.000000000000000000e+00)
(5.000000000000000278e-02 1.231669700000000089e+00 0.000000000000000000e+00)
(5.000000000000000278e-02 1.244761800000000029e+00 0.000000000000000000e+00)
(5.000000000000000278e-02 1.244761800000000029e+00 0.000000000000000000e+00)
(5.000000000000000278e-02 1.257854100000000086e+00 0.000000000000000000e+00)
(5.000000000000000278e-02 1.257854100000000086e+00 0.000000000000000000e+00)
(5.000000000000000278e-02 1.275310399999999955e+00 0.000000000000000000e+00)
(5.000000000000000278e-02 1.275310399999999955e+00 0.000000000000000000e+00)
(5.000000000000000278e-02 1.292766700000000046e+00 0.000000000000000000e+00)
(5.000000000000000278e-02 1.292766700000000046e+00 0.000000000000000000e+00)
(5.000000000000000278e-02 1.310222999999999915e+00 0.000000000000000000e+00)
(5.000000000000000278e-02 1.310222999999999915e+00 0.000000000000000000e+00)
(5.000000000000000278e-02 1.332043300000000041e+00 0.000000000000000000e+00)
(5.000000000000000278e-02 1.332043300000000041e+00 0.000000000000000000e+00)
(5.000000000000000278e-02 1.349499599999999910e+00 0.000000000000000000e+00)
(5.000000000000000278e-02 1.349499599999999910e+00 0.000000000000000000e+00)
(5.000000000000000278e-02 1.371320000000000094e+00 0.000000000000000000e+00)
(5.000000000000000278e-02 1.371320000000000094e+00 0.000000000000000000e+00)
(5.000000000000000278e-02 1.393140299999999998e+00 0.000000000000000000e+00)
(5.000000000000000278e-02 1.393140299999999998e+00 0.000000000000000000e+00)
(5.000000000000000278e-02 1.419324800000000053e+00 0.000000000000000000e+00)
(5.000000000000000278e-02 1.419324800000000053e+00 0.000000000000000000e+00)
(5.000000000000000278e-02 1.445509200000000050e+00 0.000000000000000000e+00)
(5.000000000000000278e-02 1.445509200000000050e+00 0.000000000000000000e+00)
(5.000000000000000278e-02 1.471693600000000046e+00 0.000000000000000000e+00)
(5.000000000000000278e-02 1.471693600000000046e+00 0.000000000000000000e+00)
(5.000000000000000278e-02 1.502242199999999972e+00 0.000000000000000000e+00)
(5.000000000000000278e-02 1.502242199999999972e+00 0.000000000000000000e+00)
(5.000000000000000278e-02 1.532790799999999898e+00 0.000000000000000000e+00)
(5.000000000000000278e-02 1.532790799999999898e+00 0.000000000000000000e+00)
(5.000000000000000278e-02 1.563339199999999929e+00 0.000000000000000000e+00)
(5.000000000000000278e-02 1.563339199999999929e+00 0.000000000000000000e+00)
(5.000000000000000278e-02 1.598251799999999889e+00 0.000000000000000000e+00)
(5.000000000000000278e-02 1.598251799999999889e+00 0.000000000000000000e+00)
(5.000000000000000278e-02 1.633164400000000072e+00 0.000000000000000000e+00)
(5.000000000000000278e-02 1.633164400000000072e+00 0.000000000000000000e+00)
(5.000000000000000278e-02 1.672441099999999903e+00 0.000000000000000000e+00)
(5.000000000000000278e-02 1.672441099999999903e+00 0.000000000000000000e+00)
(5.000000000000000278e-02 1.716081900000000049e+00 0.000000000000000000e+00)
(5.000000000000000278e-02 1.716081900000000049e+00 0.000000000000000000e+00)
(5.000000000000000278e-02 1.759722599999999915e+00 0.000000000000000000e+00)
(5.000000000000000278e-02 1.759722599999999915e+00 0.000000000000000000e+00)
(5.000000000000000278e-02 1.803363300000000002e+00 0.000000000000000000e+00)
(5.000000000000000278e-02 1.803363300000000002e+00 0.000000000000000000e+00)
(5.000000000000000278e-02 1.851368200000000019e+00 0.000000000000000000e+00)
(5.000000000000000278e-02 1.851368200000000019e+00 0.000000000000000000e+00)
(5.000000000000000278e-02 1.903737100000000071e+00 0.000000000000000000e+00)
(5.000000000000000278e-02 1.903737100000000071e+00 0.000000000000000000e+00)
(5.000000000000000278e-02 1.960469999999999935e+00 0.000000000000000000e+00)
(5.000000000000000278e-02 1.960469999999999935e+00 0.000000000000000000e+00)
(5.000000000000000278e-02 2.017202900000000021e+00 0.000000000000000000e+00)
(5.000000000000000278e-02 2.017202900000000021e+00 0.000000000000000000e+00)
(5.000000000000000278e-02 2.078300000000000036e+00 0.000000000000000000e+00)
(5.000000000000000278e-02 2.078300000000000036e+00 0.000000000000000000e+00)
(5.000000000000000278e-02 2.130668899999999866e+00 0.000000000000000000e+00)
(5.000000000000000278e-02 2.130668899999999866e+00 0.000000000000000000e+00)
(5.000000000000000278e-02 2.183037800000000139e+00 0.000000000000000000e+00)
(5.000000000000000278e-02 2.183037800000000139e+00 0.000000000000000000e+00)
(5.000000000000000278e-02 2.231042599999999876e+00 0.000000000000000000e+00)
(5.000000000000000278e-02 2.231042599999999876e+00 0.000000000000000000e+00)
(5.000000000000000278e-02 2.279047499999999893e+00 0.000000000000000000e+00)
(5.000000000000000278e-02 2.279047499999999893e+00 0.000000000000000000e+00)
(5.000000000000000278e-02 2.322688100000000144e+00 0.000000000000000000e+00)
(5.000000000000000278e-02 2.322688100000000144e+00 0.000000000000000000e+00)
(5.000000000000000278e-02 2.361964700000000139e+00 0.000000000000000000e+00)
(5.000000000000000278e-02 2.361964700000000139e+00 0.000000000000000000e+00)
(5.000000000000000278e-02 2.401241499999999807e+00 0.000000000000000000e+00)
(5.000000000000000278e-02 2.401241499999999807e+00 0.000000000000000000e+00)
(5.000000000000000278e-02 2.436154099999999989e+00 0.000000000000000000e+00)
(5.000000000000000278e-02 2.436154099999999989e+00 0.000000000000000000e+00)
(5.000000000000000278e-02 2.471066700000000171e+00 0.000000000000000000e+00)
(5.000000000000000278e-02 2.471066700000000171e+00 0.000000000000000000e+00)
(5.000000000000000278e-02 2.505979299999999910e+00 0.000000000000000000e+00)
(5.000000000000000278e-02 2.505979299999999910e+00 0.000000000000000000e+00)
(5.000000000000000278e-02 2.536527599999999882e+00 0.000000000000000000e+00)
(5.000000000000000278e-02 2.536527599999999882e+00 0.000000000000000000e+00)
(5.000000000000000278e-02 2.562712199999999996e+00 0.000000000000000000e+00)
(5.000000000000000278e-02 2.562712199999999996e+00 0.000000000000000000e+00)
(5.000000000000000278e-02 2.593260799999999922e+00 0.000000000000000000e+00)
(5.000000000000000278e-02 2.593260799999999922e+00 0.000000000000000000e+00)
(5.000000000000000278e-02 2.615081099999999825e+00 0.000000000000000000e+00)
(5.000000000000000278e-02 2.615081099999999825e+00 0.000000000000000000e+00)
(5.000000000000000278e-02 2.641265600000000102e+00 0.000000000000000000e+00)
(5.000000000000000278e-02 2.641265600000000102e+00 0.000000000000000000e+00)
(5.000000000000000278e-02 2.663085900000000006e+00 0.000000000000000000e+00)
(5.000000000000000278e-02 2.663085900000000006e+00 0.000000000000000000e+00)
(5.000000000000000278e-02 2.684906199999999910e+00 0.000000000000000000e+00)
(5.000000000000000278e-02 2.684906199999999910e+00 0.000000000000000000e+00)
(5.000000000000000278e-02 2.706726600000000094e+00 0.000000000000000000e+00)
(5.000000000000000278e-02 2.706726600000000094e+00 0.000000000000000000e+00)
(5.000000000000000278e-02 2.724182799999999904e+00 0.000000000000000000e+00)
(5.000000000000000278e-02 2.724182799999999904e+00 0.000000000000000000e+00)
(5.000000000000000278e-02 2.741639099999999996e+00 0.000000000000000000e+00)
(5.000000000000000278e-02 2.741639099999999996e+00 0.000000000000000000e+00)
(5.000000000000000278e-02 2.759095400000000087e+00 0.000000000000000000e+00)
(5.000000000000000278e-02 2.759095400000000087e+00 0.000000000000000000e+00)
(5.000000000000000278e-02 2.776551700000000178e+00 0.000000000000000000e+00)
(5.000000000000000278e-02 2.776551700000000178e+00 0.000000000000000000e+00)
(5.000000000000000278e-02 2.789644000000000013e+00 0.000000000000000000e+00)
(5.000000000000000278e-02 2.789644000000000013e+00 0.000000000000000000e+00)
(5.000000000000000278e-02 2.807100300000000104e+00 0.000000000000000000e+00)
(5.000000000000000278e-02 2.807100300000000104e+00 0.000000000000000000e+00)
(5.000000000000000278e-02 2.820192599999999938e+00 0.000000000000000000e+00)
(5.000000000000000278e-02 2.820192599999999938e+00 0.000000000000000000e+00)
(5.000000000000000278e-02 2.833284900000000217e+00 0.000000000000000000e+00)
(5.000000000000000278e-02 2.833284900000000217e+00 0.000000000000000000e+00)
(5.000000000000000278e-02 2.846376900000000099e+00 0.000000000000000000e+00)
(5.000000000000000278e-02 2.846376900000000099e+00 0.000000000000000000e+00)
(5.000000000000000278e-02 2.855105200000000121e+00 0.000000000000000000e+00)
(5.000000000000000278e-02 2.855105200000000121e+00 0.000000000000000000e+00)
(5.000000000000000278e-02 2.868197400000000119e+00 0.000000000000000000e+00)
(5.000000000000000278e-02 2.868197400000000119e+00 0.000000000000000000e+00)
(5.000000000000000278e-02 2.876925500000000024e+00 0.000000000000000000e+00)
(5.000000000000000278e-02 2.876925500000000024e+00 0.000000000000000000e+00)
(5.000000000000000278e-02 2.885653700000000210e+00 0.000000000000000000e+00)
(5.000000000000000278e-02 2.885653700000000210e+00 0.000000000000000000e+00)
(5.000000000000000278e-02 2.894381800000000116e+00 0.000000000000000000e+00)
(5.000000000000000278e-02 2.894381800000000116e+00 0.000000000000000000e+00)
(5.000000000000000278e-02 2.903109999999999857e+00 0.000000000000000000e+00)
(5.000000000000000278e-02 2.903109999999999857e+00 0.000000000000000000e+00)
(5.000000000000000278e-02 2.911838100000000207e+00 0.000000000000000000e+00)
(5.000000000000000278e-02 2.911838100000000207e+00 0.000000000000000000e+00)
(5.000000000000000278e-02 2.920566299999999949e+00 0.000000000000000000e+00)
(5.000000000000000278e-02 2.920566299999999949e+00 0.000000000000000000e+00)
(5.000000000000000278e-02 2.924930300000000205e+00 0.000000000000000000e+00)
(5.000000000000000278e-02 2.924930300000000205e+00 0.000000000000000000e+00)
(5.000000000000000278e-02 2.933658599999999783e+00 0.000000000000000000e+00)
(5.000000000000000278e-02 2.933658599999999783e+00 0.000000000000000000e+00)
(5.000000000000000278e-02 2.938022600000000040e+00 0.000000000000000000e+00)
(5.000000000000000278e-02 2.938022600000000040e+00 0.000000000000000000e+00)
(5.000000000000000278e-02 2.946750600000000109e+00 0.000000000000000000e+00)
(5.000000000000000278e-02 2.946750600000000109e+00 0.000000000000000000e+00)
(5.000000000000000278e-02 2.951114899999999874e+00 0.000000000000000000e+00)
(5.000000000000000278e-02 2.951114899999999874e+00 0.000000000000000000e+00)
(5.000000000000000278e-02 2.955478900000000131e+00 0.000000000000000000e+00)
(5.000000000000000278e-02 2.955478900000000131e+00 0.000000000000000000e+00)
(5.000000000000000278e-02 2.959842899999999943e+00 0.000000000000000000e+00)
(5.000000000000000278e-02 2.959842899999999943e+00 0.000000000000000000e+00)
(5.000000000000000278e-02 2.964206900000000200e+00 0.000000000000000000e+00)
(5.000000000000000278e-02 2.964206900000000200e+00 0.000000000000000000e+00)
(5.000000000000000278e-02 2.972935199999999778e+00 0.000000000000000000e+00)
(5.000000000000000278e-02 2.972935199999999778e+00 0.000000000000000000e+00)
(5.000000000000000278e-02 2.972935199999999778e+00 0.000000000000000000e+00)
(5.000000000000000278e-02 2.972935199999999778e+00 0.000000000000000000e+00)
(5.000000000000000278e-02 2.977299200000000035e+00 0.000000000000000000e+00)
(5.000000000000000278e-02 2.977299200000000035e+00 0.000000000000000000e+00)
(5.000000000000000278e-02 2.981663199999999847e+00 0.000000000000000000e+00)
(5.000000000000000278e-02 2.981663199999999847e+00 0.000000000000000000e+00)
(5.000000000000000278e-02 2.986027500000000057e+00 0.000000000000000000e+00)
(5.000000000000000278e-02 2.986027500000000057e+00 0.000000000000000000e+00)
(5.000000000000000278e-02 2.990391499999999869e+00 0.000000000000000000e+00)
(5.000000000000000278e-02 2.990391499999999869e+00 0.000000000000000000e+00)
(5.000000000000000278e-02 2.994755500000000126e+00 0.000000000000000000e+00)
(5.000000000000000278e-02 2.994755500000000126e+00 0.000000000000000000e+00)
(5.000000000000000278e-02 2.994755500000000126e+00 0.000000000000000000e+00)
(5.000000000000000278e-02 2.994755500000000126e+00 0.000000000000000000e+00)
(5.000000000000000278e-02 2.999119499999999938e+00 0.000000000000000000e+00)
(5.000000000000000278e-02 2.999119499999999938e+00 0.000000000000000000e+00)
(5.000000000000000278e-02 2.999119499999999938e+00 0.000000000000000000e+00)
(5.000000000000000278e-02 2.999119499999999938e+00 0.000000000000000000e+00)
(5.000000000000000278e-02 3.003483800000000148e+00 0.000000000000000000e+00)
(5.000000000000000278e-02 3.003483800000000148e+00 0.000000000000000000e+00)
(5.000000000000000278e-02 3.007847799999999960e+00 0.000000000000000000e+00)
(5.000000000000000278e-02 3.007847799999999960e+00 0.000000000000000000e+00)
(5.000000000000000278e-02 3.007847799999999960e+00 0.000000000000000000e+00)
(5.000000000000000278e-02 3.007847799999999960e+00 0.000000000000000000e+00)
(5.000000000000000278e-02 3.012211800000000217e+00 0.000000000000000000e+00)
(5.000000000000000278e-02 3.012211800000000217e+00 0.000000000000000000e+00)
(5.000000000000000278e-02 3.012211800000000217e+00 0.000000000000000000e+00)
(5.000000000000000278e-02 3.012211800000000217e+00 0.000000000000000000e+00)
(5.000000000000000278e-02 3.012211800000000217e+00 0.000000000000000000e+00)
(5.000000000000000278e-02 3.012211800000000217e+00 0.000000000000000000e+00)
(5.000000000000000278e-02 3.016575800000000029e+00 0.000000000000000000e+00)
(5.000000000000000278e-02 3.016575800000000029e+00 0.000000000000000000e+00)
(5.000000000000000278e-02 3.016575800000000029e+00 0.000000000000000000e+00)
(5.000000000000000278e-02 3.016575800000000029e+00 0.000000000000000000e+00)
(5.000000000000000278e-02 3.020940099999999795e+00 0.000000000000000000e+00)
(5.000000000000000278e-02 3.020940099999999795e+00 0.000000000000000000e+00)
(5.000000000000000278e-02 3.020940099999999795e+00 0.000000000000000000e+00)
(5.000000000000000278e-02 3.020940099999999795e+00 0.000000000000000000e+00)
(5.000000000000000278e-02 3.020940099999999795e+00 0.000000000000000000e+00)
(5.000000000000000278e-02 3.020940099999999795e+00 0.000000000000000000e+00)
(5.000000000000000278e-02 3.025304100000000052e+00 0.000000000000000000e+00)
(5.000000000000000278e-02 3.025304100000000052e+00 0.000000000000000000e+00)
(5.000000000000000278e-02 3.025304100000000052e+00 0.000000000000000000e+00)
(5.000000000000000278e-02 3.025304100000000052e+00 0.000000000000000000e+00)
(5.000000000000000278e-02 3.025304100000000052e+00 0.000000000000000000e+00)
(5.000000000000000278e-02 3.025304100000000052e+00 0.000000000000000000e+00)
(5.000000000000000278e-02 3.025304100000000052e+00 0.000000000000000000e+00)
(5.000000000000000278e-02 3.025304100000000052e+00 0.000000000000000000e+00)
(5.000000000000000278e-02 3.029668099999999864e+00 0.000000000000000000e+00)
(5.000000000000000278e-02 3.029668099999999864e+00 0.000000000000000000e+00)
(5.000000000000000278e-02 3.029668099999999864e+00 0.000000000000000000e+00)
(5.000000000000000278e-02 3.029668099999999864e+00 0.000000000000000000e+00)
(5.000000000000000278e-02 3.029668099999999864e+00 0.000000000000000000e+00)
(5.000000000000000278e-02 3.029668099999999864e+00 0.000000000000000000e+00)
(5.000000000000000278e-02 3.029668099999999864e+00 0.000000000000000000e+00)
(5.000000000000000278e-02 3.029668099999999864e+00 0.000000000000000000e+00)
(5.000000000000000278e-02 3.029668099999999864e+00 0.000000000000000000e+00)
(5.000000000000000278e-02 3.029668099999999864e+00 0.000000000000000000e+00)
(5.000000000000000278e-02 3.034032100000000121e+00 0.000000000000000000e+00)
(5.000000000000000278e-02 3.034032100000000121e+00 0.000000000000000000e+00)
(5.000000000000000278e-02 3.034032100000000121e+00 0.000000000000000000e+00)
(5.000000000000000278e-02 3.034032100000000121e+00 0.000000000000000000e+00)
(5.000000000000000278e-02 3.034032100000000121e+00 0.000000000000000000e+00)
(5.000000000000000278e-02 3.034032100000000121e+00 0.000000000000000000e+00)
(5.000000000000000278e-02 3.034032100000000121e+00 0.000000000000000000e+00)
(5.000000000000000278e-02 3.034032100000000121e+00 0.000000000000000000e+00)
(5.000000000000000278e-02 3.034032100000000121e+00 0.000000000000000000e+00)
(5.000000000000000278e-02 3.034032100000000121e+00 0.000000000000000000e+00)
(5.000000000000000278e-02 3.034032100000000121e+00 0.000000000000000000e+00)
(5.000000000000000278e-02 3.034032100000000121e+00 0.000000000000000000e+00)
