(1.000000000000000000e+00 4.911911800000000050e-01 0.000000000000000000e+00)
(1.000000000000000000e+00 4.643702499999999844e-01 0.000000000000000000e+00)
(1.000000000000000000e+00 4.965553600000000012e-01 0.000000000000000000e+00)
(1.000000000000000000e+00 4.643702499999999844e-01 0.000000000000000000e+00)
(1.000000000000000000e+00 4.965553600000000012e-01 0.000000000000000000e+00)
(1.000000000000000000e+00 4.697344299999999806e-01 0.000000000000000000e+00)
(1.000000000000000000e+00 5.019195699999999816e-01 0.000000000000000000e+00)
(1.000000000000000000e+00 4.697344299999999806e-01 0.000000000000000000e+00)
(1.000000000000000000e+00 5.019195699999999816e-01 0.000000000000000000e+00)
(1.000000000000000000e+00 4.750986099999999768e-01 0.000000000000000000e+00)
(1.000000000000000000e+00 5.072837500000000333e-01 0.000000000000000000e+00)
(1.000000000000000000e+00 4.750986099999999768e-01 0.000000000000000000e+00)
(1.000000000000000000e+00 5.072837500000000333e-01 0.000000000000000000e+00)
(1.000000000000000000e+00 4.804627899999999729e-01 0.000000000000000000e+00)
(1.000000000000000000e+00 5.126479299999999739e-01 0.000000000000000000e+00)
(1.000000000000000000e+00 4.804627899999999729e-01 0.000000000000000000e+00)
(1.000000000000000000e+00 5.180121100000000256e-01 0.000000000000000000e+00)
(1.000000000000000000e+00 4.858270000000000088e-01 0.000000000000000000e+00)
(1.000000000000000000e+00 5.180121100000000256e-01 0.000000000000000000e+00)
(1.000000000000000000e+00 4.911911800000000050e-01 0.000000000000000000e+00)
(1.000000000000000000e+00 5.233762899999999663e-01 0.000000000000000000e+00)
(1.000000000000000000e+00 4.965553600000000012e-01 0.000000000000000000e+00)
(1.000000000000000000e+00 5.287404700000000179e-01 0.000000000000000000e+00)
(1.000000000000000000e+00 4.965553600000000012e-01 0.000000000000000000e+00)
(1.000000000000000000e+00 5.341046499999999586e-01 0.000000000000000000e+00)
(1.000000000000000000e+00 5.019195699999999816e-01 0.000000000000000000e+00)
(1.000000000000000000e+00 5.341046499999999586e-01 0.000000000000000000e+00)
(1.000000000000000000e+00 5.072837500000000333e-01 0.000000000000000000e+00)
(1.000000000000000000e+00 5.394688800000000395e-01 0.000000000000000000e+00)
(1.000000000000000000e+00 5.126479299999999739e-01 0.000000000000000000e+00)
(1.000000000000000000e+00 5.448330599999999801e-01 0.000000000000000000e+00)
(1.000000000000000000e+00 5.180121100000000256e-01 0.000000000000000000e+00)
(1.000000000000000000e+00 5.501972400000000318e-01 0.000000000000000000e+00)
(1.000000000000000000e+00 5.233762899999999663e-01 0.000000000000000000e+00)
(1.000000000000000000e+00 5.609256000000000242e-01 0.000000000000000000e+00)
(1.000000000000000000e+00 5.287404700000000179e-01 0.000000000000000000e+00)
(1.000000000000000000e+00 5.662897799999999648e-01 0.000000000000000000e+00)
(1.000000000000000000e+00 5.341046499999999586e-01 0.000000000000000000e+00)
(1.000000000000000000e+00 5.716539600000000165e-01 0.000000000000000000e+00)
(1.000000000000000000e+00 5.448330599999999801e-01 0.000000000000000000e+00)
(1.000000000000000000e+00 5.770181399999999572e-01 0.000000000000000000e+00)
(1.000000000000000000e+00 5.501972400000000318e-01 0.000000000000000000e+00)
(1.000000000000000000e+00 5.877465600000000290e-01 0.000000000000000000e+00)
(1.000000000000000000e+00 5.609256000000000242e-01 0.000000000000000000e+00)
(1.000000000000000000e+00 5.931107399999999696e-01 0.000000000000000000e+00)
(1.000000000000000000e+00 5.662897799999999648e-01 0.000000000000000000e+00)
(1.000000000000000000e+00 6.038390999999999620e-01 0.000000000000000000e+00)
(1.000000000000000000e+00 5.770181399999999572e-01 0.000000000000000000e+00)
(1.000000000000000000e+00 6.145674599999999543e-01 0.000000000000000000e+00)
(1.000000000000000000e+00 5.823823799999999773e-01 0.000000000000000000e+00)
(1.000000000000000000e+00 6.199316400000000060e-01 0.000000000000000000e+00)
(1.000000000000000000e+00 5.931107399999999696e-01 0.000000000000000000e+00)
(1.000000000000000000e+00 6.306600599999999668e-01 0.000000000000000000e+00)
(1.000000000000000000e+00 6.038390999999999620e-01 0.000000000000000000e+00)
(1.000000000000000000e+00 6.413884199999999591e-01 0.000000000000000000e+00)
(1.000000000000000000e+00 6.145674599999999543e-01 0.000000000000000000e+00)
(1.000000000000000000e+00 6.521167799999999515e-01 0.000000000000000000e+00)
(1.000000000000000000e+00 6.252958199999999467e-01 0.000000000000000000e+00)
(1.000000000000000000e+00 6.682093099999999453e-01 0.000000000000000000e+00)
(1.000000000000000000e+00 6.360242400000000185e-01 0.000000000000000000e+00)
(1.000000000000000000e+00 6.789377300000000170e-01 0.000000000000000000e+00)
(1.000000000000000000e+00 6.521167799999999515e-01 0.000000000000000000e+00)
(1.000000000000000000e+00 6.896660900000000094e-01 0.000000000000000000e+00)
(1.000000000000000000e+00 6.628451300000000046e-01 0.000000000000000000e+00)
(1.000000000000000000e+00 7.057586300000000534e-01 0.000000000000000000e+00)
(1.000000000000000000e+00 6.789377300000000170e-01 0.000000000000000000e+00)
(1.000000000000000000e+00 6.950302699999999501e-01 0.000000000000000000e+00)
(1.000000000000000000e+00 1.199263799999999991e+00 0.000000000000000000e+00)
(1.000000000000000000e+00 1.242177400000000098e+00 0.000000000000000000e+00)
(1.000000000000000000e+00 1.220720500000000097e+00 0.000000000000000000e+00)
(1.000000000000000000e+00 1.199263799999999991e+00 0.000000000000000000e+00)
(1.000000000000000000e+00 1.285090800000000089e+00 0.000000000000000000e+00)
(1.000000000000000000e+00 1.268998300000000024e+00 0.000000000000000000e+00)
(1.000000000000000000e+00 1.333368499999999957e+00 0.000000000000000000e+00)
(1.000000000000000000e+00 1.317275999999999891e+00 0.000000000000000000e+00)
