(1.000000000000000000e+00 4.643702499999999844e-01 0.000000000000000000e+00)
(1.000000000000000000e+00 4.536418600000000079e-01 0.000000000000000000e+00)
(1.000000000000000000e+00 4.643702499999999844e-01 0.000000000000000000e+00)
(1.000000000000000000e+00 4.536418600000000079e-01 0.000000000000000000e+00)
(1.000000000000000000e+00 4.643702499999999844e-01 0.000000000000000000e+00)
(1.000000000000000000e+00 4.536418600000000079e-01 0.000000000000000000e+00)
(1.000000000000000000e+00 4.697344299999999806e-01 0.000000000000000000e+00)
(1.000000000000000000e+00 4.536418600000000079e-01 0.000000000000000000e+00)
(1.000000000000000000e+00 4.697344299999999806e-01 0.000000000000000000e+00)
(1.000000000000000000e+00 4.536418600000000079e-01 0.000000000000000000e+00)
(1.000000000000000000e+00 4.697344299999999806e-01 0.000000000000000000e+00)
(1.000000000000000000e+00 4.536418600000000079e-01 0.000000000000000000e+00)
(1.000000000000000000e+00 4.697344299999999806e-01 0.000000000000000000e+00)
(1.000000000000000000e+00 4.536418600000000079e-01 0.000000000000000000e+00)
(1.000000000000000000e+00 4.697344299999999806e-01 0.000000000000000000e+00)
(1.000000000000000000e+00 4.536418600000000079e-01 0.000000000000000000e+00)
(1.000000000000000000e+00 4.697344299999999806e-01 0.000000000000000000e+00)
(1.000000000000000000e+00 4.536418600000000079e-01 0.000000000000000000e+00)
(1.000000000000000000e+00 4.750986099999999768e-01 0.000000000000000000e+00)
(1.000000000000000000e+00 4.536418600000000079e-01 0.000000000000000000e+00)
(1.000000000000000000e+00 4.750986099999999768e-01 0.000000000000000000e+00)
(1.000000000000000000e+00 4.536418600000000079e-01 0.000000000000000000e+00)
(1.000000000000000000e+00 4.750986099999999768e-01 0.000000000000000000e+00)
(1.000000000000000000e+00 4.536418600000000079e-01 0.000000000000000000e+00)
(1.000000000000000000e+00 4.750986099999999768e-01 0.000000000000000000e+00)
(1.000000000000000000e+00 4.536418600000000079e-01 0.000000000000000000e+00)
(1.000000000000000000e+00 4.804627899999999729e-01 0.000000000000000000e+00)
(1.000000000000000000e+00 4.536418600000000079e-01 0.000000000000000000e+00)
(1.000000000000000000e+00 4.804627899999999729e-01 0.000000000000000000e+00)
(1.000000000000000000e+00 4.536418600000000079e-01 0.000000000000000000e+00)
(1.000000000000000000e+00 4.804627899999999729e-01 0.000000000000000000e+00)
(1.000000000000000000e+00 4.536418600000000079e-01 0.000000000000000000e+00)
(1.000000000000000000e+00 4.858270000000000088e-01 0.000000000000000000e+00)
(1.000000000000000000e+00 4.536418600000000079e-01 0.000000000000000000e+00)
(1.000000000000000000e+00 4.858270000000000088e-01 0.000000000000000000e+00)
(1.000000000000000000e+00 4.590060400000000040e-01 0.000000000000000000e+00)
(1.000000000000000000e+00 4.858270000000000088e-01 0.000000000000000000e+00)
(1.000000000000000000e+00 4.590060400000000040e-01 0.000000000000000000e+00)
(1.000000000000000000e+00 4.911911800000000050e-01 0.000000000000000000e+00)
(1.000000000000000000e+00 4.590060400000000040e-01 0.000000000000000000e+00)
(1.000000000000000000e+00 1.387010300000000029e+00 0.000000000000000000e+00)
(1.000000000000000000e+00 1.365553599999999923e+00 0.000000000000000000e+00)
(1.000000000000000000e+00 1.440652299999999997e+00 0.000000000000000000e+00)
(1.000000000000000000e+00 1.424559700000000095e+00 0.000000000000000000e+00)
(1.000000000000000000e+00 1.499658300000000111e+00 0.000000000000000000e+00)
(1.000000000000000000e+00 1.478201499999999946e+00 0.000000000000000000e+00)
(1.000000000000000000e+00 1.558664300000000003e+00 0.000000000000000000e+00)
(1.000000000000000000e+00 1.542571799999999937e+00 0.000000000000000000e+00)
(1.000000000000000000e+00 1.623034599999999994e+00 0.000000000000000000e+00)
(1.000000000000000000e+00 1.606942099999999929e+00 0.000000000000000000e+00)
(1.000000000000000000e+00 1.692769100000000027e+00 0.000000000000000000e+00)
(1.000000000000000000e+00 1.676676499999999903e+00 0.000000000000000000e+00)
(1.000000000000000000e+00 1.762503500000000001e+00 0.000000000000000000e+00)
(1.000000000000000000e+00 1.751775000000000082e+00 0.000000000000000000e+00)
(1.000000000000000000e+00 1.837601999999999958e+00 0.000000000000000000e+00)
(1.000000000000000000e+00 1.821509499999999893e+00 0.000000000000000000e+00)
(1.000000000000000000e+00 1.918064800000000014e+00 0.000000000000000000e+00)
(1.000000000000000000e+00 1.907336499999999990e+00 0.000000000000000000e+00)
(1.000000000000000000e+00 1.891243900000000089e+00 0.000000000000000000e+00)
(1.000000000000000000e+00 1.982435100000000006e+00 0.000000000000000000e+00)
(1.000000000000000000e+00 1.971706699999999923e+00 0.000000000000000000e+00)
(1.000000000000000000e+00 1.960978399999999899e+00 0.000000000000000000e+00)
(1.000000000000000000e+00 2.041441199999999956e+00 0.000000000000000000e+00)
(1.000000000000000000e+00 2.030712799999999874e+00 0.000000000000000000e+00)
(1.000000000000000000e+00 2.019984500000000072e+00 0.000000000000000000e+00)
(1.000000000000000000e+00 2.100447200000000070e+00 0.000000000000000000e+00)
(1.000000000000000000e+00 2.089718799999999987e+00 0.000000000000000000e+00)
(1.000000000000000000e+00 2.078990500000000186e+00 0.000000000000000000e+00)
(1.000000000000000000e+00 2.154089200000000037e+00 0.000000000000000000e+00)
(1.000000000000000000e+00 2.143360599999999838e+00 0.000000000000000000e+00)
(1.000000000000000000e+00 2.132632300000000036e+00 0.000000000000000000e+00)
(1.000000000000000000e+00 2.202366800000000069e+00 0.000000000000000000e+00)
(1.000000000000000000e+00 2.197002599999999806e+00 0.000000000000000000e+00)
(1.000000000000000000e+00 2.186274300000000004e+00 0.000000000000000000e+00)
(1.000000000000000000e+00 2.250644400000000100e+00 0.000000000000000000e+00)
(1.000000000000000000e+00 2.245280300000000118e+00 0.000000000000000000e+00)
(1.000000000000000000e+00 2.234551900000000035e+00 0.000000000000000000e+00)
(1.000000000000000000e+00 2.298922099999999968e+00 0.000000000000000000e+00)
(1.000000000000000000e+00 2.288193699999999886e+00 0.000000000000000000e+00)
(1.000000000000000000e+00 2.341835699999999854e+00 0.000000000000000000e+00)
(1.000000000000000000e+00 2.331107400000000052e+00 0.000000000000000000e+00)
(1.000000000000000000e+00 2.379385000000000083e+00 0.000000000000000000e+00)
(1.000000000000000000e+00 2.374020799999999820e+00 0.000000000000000000e+00)
(1.000000000000000000e+00 2.416934299999999869e+00 0.000000000000000000e+00)
(1.000000000000000000e+00 2.411570100000000050e+00 0.000000000000000000e+00)
(1.000000000000000000e+00 2.454483499999999818e+00 0.000000000000000000e+00)
(1.000000000000000000e+00 2.449119299999999999e+00 0.000000000000000000e+00)
(1.000000000000000000e+00 2.486668599999999785e+00 0.000000000000000000e+00)
(1.000000000000000000e+00 2.481304399999999966e+00 0.000000000000000000e+00)
(1.000000000000000000e+00 2.518853899999999868e+00 0.000000000000000000e+00)
(1.000000000000000000e+00 2.513489700000000049e+00 0.000000000000000000e+00)
(1.000000000000000000e+00 2.551038999999999835e+00 0.000000000000000000e+00)
(1.000000000000000000e+00 2.545674800000000015e+00 0.000000000000000000e+00)
(1.000000000000000000e+00 2.577859899999999982e+00 0.000000000000000000e+00)
(1.000000000000000000e+00 2.572495700000000163e+00 0.000000000000000000e+00)
(1.000000000000000000e+00 2.604680800000000129e+00 0.000000000000000000e+00)
(1.000000000000000000e+00 2.599316599999999866e+00 0.000000000000000000e+00)
(1.000000000000000000e+00 2.631501699999999833e+00 0.000000000000000000e+00)
(1.000000000000000000e+00 2.626137500000000014e+00 0.000000000000000000e+00)
(1.000000000000000000e+00 2.652958400000000161e+00 0.000000000000000000e+00)
(1.000000000000000000e+00 2.647594199999999898e+00 0.000000000000000000e+00)
(1.000000000000000000e+00 2.674415100000000045e+00 0.000000000000000000e+00)
(1.000000000000000000e+00 2.669050899999999782e+00 0.000000000000000000e+00)
(1.000000000000000000e+00 2.695872099999999882e+00 0.000000000000000000e+00)
(1.000000000000000000e+00 2.690507900000000063e+00 0.000000000000000000e+00)
(1.000000000000000000e+00 2.717328800000000211e+00 0.000000000000000000e+00)
(1.000000000000000000e+00 2.711964599999999947e+00 0.000000000000000000e+00)
(1.000000000000000000e+00 2.733421299999999832e+00 0.000000000000000000e+00)
(1.000000000000000000e+00 2.733421299999999832e+00 0.000000000000000000e+00)
(1.000000000000000000e+00 2.754878000000000160e+00 0.000000000000000000e+00)
(1.000000000000000000e+00 2.749513900000000177e+00 0.000000000000000000e+00)
(1.000000000000000000e+00 2.770970600000000061e+00 0.000000000000000000e+00)
(1.000000000000000000e+00 2.765606399999999798e+00 0.000000000000000000e+00)
(1.000000000000000000e+00 2.787063100000000126e+00 0.000000000000000000e+00)
(1.000000000000000000e+00 2.781698899999999863e+00 0.000000000000000000e+00)
(1.000000000000000000e+00 2.797791500000000209e+00 0.000000000000000000e+00)
(1.000000000000000000e+00 2.797791500000000209e+00 0.000000000000000000e+00)
(1.000000000000000000e+00 2.813883999999999830e+00 0.000000000000000000e+00)
(1.000000000000000000e+00 2.813883999999999830e+00 0.000000000000000000e+00)
(1.000000000000000000e+00 2.824612399999999912e+00 0.000000000000000000e+00)
(1.000000000000000000e+00 2.824612399999999912e+00 0.000000000000000000e+00)
(1.000000000000000000e+00 2.840704899999999977e+00 0.000000000000000000e+00)
(1.000000000000000000e+00 2.835340700000000158e+00 0.000000000000000000e+00)
(1.000000000000000000e+00 2.851433300000000060e+00 0.000000000000000000e+00)
(1.000000000000000000e+00 2.851433300000000060e+00 0.000000000000000000e+00)
(1.000000000000000000e+00 2.862161899999999815e+00 0.000000000000000000e+00)
(1.000000000000000000e+00 2.862161899999999815e+00 0.000000000000000000e+00)
(1.000000000000000000e+00 2.872890200000000060e+00 0.000000000000000000e+00)
(1.000000000000000000e+00 2.872890200000000060e+00 0.000000000000000000e+00)
(1.000000000000000000e+00 2.883618600000000143e+00 0.000000000000000000e+00)
(1.000000000000000000e+00 2.883618600000000143e+00 0.000000000000000000e+00)
(1.000000000000000000e+00 2.894346999999999781e+00 0.000000000000000000e+00)
(1.000000000000000000e+00 2.888982799999999962e+00 0.000000000000000000e+00)
(1.000000000000000000e+00 2.899711100000000208e+00 0.000000000000000000e+00)
(1.000000000000000000e+00 2.899711100000000208e+00 0.000000000000000000e+00)
(1.000000000000000000e+00 2.910439499999999846e+00 0.000000000000000000e+00)
(1.000000000000000000e+00 2.910439499999999846e+00 0.000000000000000000e+00)
(1.000000000000000000e+00 2.915803700000000109e+00 0.000000000000000000e+00)
(1.000000000000000000e+00 2.915803700000000109e+00 0.000000000000000000e+00)
(1.000000000000000000e+00 2.926531999999999911e+00 0.000000000000000000e+00)
(1.000000000000000000e+00 2.921167800000000092e+00 0.000000000000000000e+00)
(1.000000000000000000e+00 2.931896200000000174e+00 0.000000000000000000e+00)
(1.000000000000000000e+00 2.931896200000000174e+00 0.000000000000000000e+00)
(1.000000000000000000e+00 2.937260399999999994e+00 0.000000000000000000e+00)
(1.000000000000000000e+00 2.937260399999999994e+00 0.000000000000000000e+00)
(1.000000000000000000e+00 2.942624599999999813e+00 0.000000000000000000e+00)
(1.000000000000000000e+00 2.942624599999999813e+00 0.000000000000000000e+00)
(1.000000000000000000e+00 2.947988699999999795e+00 0.000000000000000000e+00)
(1.000000000000000000e+00 2.947988699999999795e+00 0.000000000000000000e+00)
(1.000000000000000000e+00 2.953352900000000059e+00 0.000000000000000000e+00)
(1.000000000000000000e+00 2.953352900000000059e+00 0.000000000000000000e+00)
(1.000000000000000000e+00 2.958717099999999878e+00 0.000000000000000000e+00)
(1.000000000000000000e+00 2.958717099999999878e+00 0.000000000000000000e+00)
(1.000000000000000000e+00 2.964081300000000141e+00 0.000000000000000000e+00)
(1.000000000000000000e+00 2.964081300000000141e+00 0.000000000000000000e+00)
(1.000000000000000000e+00 2.969445499999999960e+00 0.000000000000000000e+00)
(1.000000000000000000e+00 2.969445499999999960e+00 0.000000000000000000e+00)
(1.000000000000000000e+00 2.974809599999999943e+00 0.000000000000000000e+00)
(1.000000000000000000e+00 2.974809599999999943e+00 0.000000000000000000e+00)
(1.000000000000000000e+00 2.980173800000000206e+00 0.000000000000000000e+00)
(1.000000000000000000e+00 2.980173800000000206e+00 0.000000000000000000e+00)
(1.000000000000000000e+00 2.980173800000000206e+00 0.000000000000000000e+00)
(1.000000000000000000e+00 2.980173800000000206e+00 0.000000000000000000e+00)
(1.000000000000000000e+00 2.985538000000000025e+00 0.000000000000000000e+00)
(1.000000000000000000e+00 2.985538000000000025e+00 0.000000000000000000e+00)
(1.000000000000000000e+00 2.990902199999999844e+00 0.000000000000000000e+00)
(1.000000000000000000e+00 2.990902199999999844e+00 0.000000000000000000e+00)
(1.000000000000000000e+00 2.990902199999999844e+00 0.000000000000000000e+00)
(1.000000000000000000e+00 2.990902199999999844e+00 0.000000000000000000e+00)
(1.000000000000000000e+00 2.996266400000000107e+00 0.000000000000000000e+00)
(1.000000000000000000e+00 2.996266400000000107e+00 0.000000000000000000e+00)
(1.000000000000000000e+00 3.001630500000000090e+00 0.000000000000000000e+00)
(1.000000000000000000e+00 2.996266400000000107e+00 0.000000000000000000e+00)
(1.000000000000000000e+00 3.001630500000000090e+00 0.000000000000000000e+00)
(1.000000000000000000e+00 3.001630500000000090e+00 0.000000000000000000e+00)
(1.000000000000000000e+00 3.006994699999999909e+00 0.000000000000000000e+00)
(1.000000000000000000e+00 3.001630500000000090e+00 0.000000000000000000e+00)
(1.000000000000000000e+00 3.006994699999999909e+00 0.000000000000000000e+00)
(1.000000000000000000e+00 3.006994699999999909e+00 0.000000000000000000e+00)
(1.000000000000000000e+00 3.006994699999999909e+00 0.000000000000000000e+00)
(1.000000000000000000e+00 3.006994699999999909e+00 0.000000000000000000e+00)
(1.000000000000000000e+00 3.012358900000000173e+00 0.000000000000000000e+00)
(1.000000000000000000e+00 3.012358900000000173e+00 0.000000000000000000e+00)
(1.000000000000000000e+00 3.012358900000000173e+00 0.000000000000000000e+00)
(1.000000000000000000e+00 3.012358900000000173e+00 0.000000000000000000e+00)
(1.000000000000000000e+00 3.017723099999999992e+00 0.000000000000000000e+00)
(1.000000000000000000e+00 3.017723099999999992e+00 0.000000000000000000e+00)
(1.000000000000000000e+00 3.017723099999999992e+00 0.000000000000000000e+00)
(1.000000000000000000e+00 3.017723099999999992e+00 0.000000000000000000e+00)
(1.000000000000000000e+00 3.017723099999999992e+00 0.000000000000000000e+00)
(1.000000000000000000e+00 3.017723099999999992e+00 0.000000000000000000e+00)
(1.000000000000000000e+00 3.023087299999999811e+00 0.000000000000000000e+00)
(1.000000000000000000e+00 3.023087299999999811e+00 0.000000000000000000e+00)
(1.000000000000000000e+00 3.023087299999999811e+00 0.000000000000000000e+00)
(1.000000000000000000e+00 3.023087299999999811e+00 0.000000000000000000e+00)
(1.000000000000000000e+00 3.023087299999999811e+00 0.000000000000000000e+00)
(1.000000000000000000e+00 3.023087299999999811e+00 0.000000000000000000e+00)
(1.000000000000000000e+00 3.023087299999999811e+00 0.000000000000000000e+00)
(1.000000000000000000e+00 3.023087299999999811e+00 0.000000000000000000e+00)
(1.000000000000000000e+00 3.028451399999999794e+00 0.000000000000000000e+00)
(1.000000000000000000e+00 3.028451399999999794e+00 0.000000000000000000e+00)
(1.000000000000000000e+00 3.028451399999999794e+00 0.000000000000000000e+00)
(1.000000000000000000e+00 3.028451399999999794e+00 0.000000000000000000e+00)
(1.000000000000000000e+00 3.028451399999999794e+00 0.000000000000000000e+00)
(1.000000000000000000e+00 3.028451399999999794e+00 0.000000000000000000e+00)
(1.000000000000000000e+00 3.028451399999999794e+00 0.000000000000000000e+00)
(1.000000000000000000e+00 3.028451399999999794e+00 0.000000000000000000e+00)
(1.000000000000000000e+00 3.028451399999999794e+00 0.000000000000000000e+00)
(1.000000000000000000e+00 3.028451399999999794e+00 0.000000000000000000e+00)
(1.000000000000000000e+00 3.033815600000000057e+00 0.000000000000000000e+00)
(1.000000000000000000e+00 3.033815600000000057e+00 0.000000000000000000e+00)
(1.000000000000000000e+00 3.033815600000000057e+00 0.000000000000000000e+00)
(1.000000000000000000e+00 3.033815600000000057e+00 0.000000000000000000e+00)
(1.000000000000000000e+00 3.033815600000000057e+00 0.000000000000000000e+00)
(1.000000000000000000e+00 3.033815600000000057e+00 0.000000000000000000e+00)
(1.000000000000000000e+00 3.033815600000000057e+00 0.000000000000000000e+00)
(1.000000000000000000e+00 3.033815600000000057e+00 0.000000000000000000e+00)
(1.000000000000000000e+00 3.033815600000000057e+00 0.000000000000000000e+00)
(1.000000000000000000e+00 3.033815600000000057e+00 0.000000000000000000e+00)
(1.000000000000000000e+00 3.033815600000000057e+00 0.000000000000000000e+00)
(1.000000000000000000e+00 3.033815600000000057e+00 0.000000000000000000e+00)
