1.000000000000000000e+00 4.911911800000000050e-01 0.000000000000000000e+00 -9.236531130703559689e-02 7.718156435200543286e-02 1.280432578399301816e-02 8.152146930437543723e-03 -8.965363764920514580e-03 1.718740742773473482e-02
1.000000000000000000e+00 4.643702499999999844e-01 0.000000000000000000e+00 -4.074432884498953300e-02 3.263452867962630261e-02 6.037267044955061182e-03 3.619013378594450846e-03 -4.546980117745067981e-03 8.038412325561586358e-03
1.000000000000000000e+00 4.965553600000000012e-01 0.000000000000000000e+00 -9.890591538065947319e-02 8.320479271222851192e-02 1.324109649953324370e-02 8.559968436498787900e-03 -9.114489906055896901e-03 1.790672372573284821e-02
1.000000000000000000e+00 4.643702499999999844e-01 0.000000000000000000e+00 -4.074432884498953300e-02 3.263452867962630261e-02 6.037267044955061182e-03 3.619013378594450846e-03 -4.546980117745067981e-03 8.038412325561586358e-03
1.000000000000000000e+00 4.965553600000000012e-01 0.000000000000000000e+00 -9.890591538065947319e-02 8.320479271222851192e-02 1.324109649953324370e-02 8.559968436498787900e-03 -9.114489906055896901e-03 1.790672372573284821e-02
1.000000000000000000e+00 4.697344299999999806e-01 0.000000000000000000e+00 -5.395977498090583774e-02 4.365552155363401632e-02 8.277542763709132972e-03 5.001536492680268113e-03 -6.152758285194386695e-03 1.096053684657569138e-02
1.000000000000000000e+00 5.019195699999999816e-01 0.000000000000000000e+00 -1.044210961996066417e-01 8.845643904973152227e-02 1.353771713934188992e-02 8.898208045555251744e-03 -9.159358205142761541e-03 1.846022923237104763e-02
1.000000000000000000e+00 4.697344299999999806e-01 0.000000000000000000e+00 -5.395977498090583774e-02 4.365552155363401632e-02 8.277542763709132972e-03 5.001536492680268113e-03 -6.152758285194386695e-03 1.096053684657569138e-02
1.000000000000000000e+00 5.019195699999999816e-01 0.000000000000000000e+00 -1.044210961996066417e-01 8.845643904973152227e-02 1.353771713934188992e-02 8.898208045555251744e-03 -9.159358205142761541e-03 1.846022923237104763e-02
1.000000000000000000e+00 4.750986099999999768e-01 0.000000000000000000e+00 -6.567578037076172992e-02 5.362044663543769074e-02 1.000265872361041398e-02 6.110164819067277937e-03 -7.334128969096080815e-03 1.323470476199260434e-02
1.000000000000000000e+00 5.072837500000000333e-01 0.000000000000000000e+00 -1.091138741526195277e-01 9.306009322155030239e-02 1.373740292611890824e-02 9.183303579877724263e-03 -9.130621285222776176e-03 1.889019290299227827e-02
1.000000000000000000e+00 4.750986099999999768e-01 0.000000000000000000e+00 -6.567578037076172992e-02 5.362044663543769074e-02 1.000265872361041398e-02 6.110164819067277937e-03 -7.334128969096080815e-03 1.323470476199260434e-02
1.000000000000000000e+00 5.072837500000000333e-01 0.000000000000000000e+00 -1.091138741526195277e-01 9.306009322155030239e-02 1.373740292611890824e-02 9.183303579877724263e-03 -9.130621285222776176e-03 1.889019290299227827e-02
1.000000000000000000e+00 4.804627899999999729e-01 0.000000000000000000e+00 -7.590858720424800699e-02 6.249482629884187124e-02 1.126916435413912072e-02 6.972042905904141108e-03 -8.143910255302744955e-03 1.495084643931895996e-02
1.000000000000000000e+00 5.126479299999999739e-01 0.000000000000000000e+00 -1.130462382954664502e-01 9.704788238347969442e-02 1.386407208967831671e-02 9.426373187546355226e-03 -9.046753799553625824e-03 1.922160776044267924e-02
1.000000000000000000e+00 4.804627899999999729e-01 0.000000000000000000e+00 -7.590858720424800699e-02 6.249482629884187124e-02 1.126916435413912072e-02 6.972042905904141108e-03 -8.143910255302744955e-03 1.495084643931895996e-02
1.000000000000000000e+00 5.180121100000000256e-01 0.000000000000000000e+00 -1.163912508791585254e-01 1.005571952519312140e-01 1.394734814426652585e-02 9.645208850492855562e-03 -8.932016698305298222e-03 1.949055879794783439e-02
1.000000000000000000e+00 4.858270000000000088e-01 0.000000000000000000e+00 -8.475146599132539482e-02 7.031414798825968981e-02 1.217184414969920379e-02 7.636176527806943712e-03 -8.662122364183892642e-03 1.623095032613490127e-02
1.000000000000000000e+00 5.180121100000000256e-01 0.000000000000000000e+00 -1.163912508791585254e-01 1.005571952519312140e-01 1.394734814426652585e-02 9.645208850492855562e-03 -8.932016698305298222e-03 1.949055879794783439e-02
1.000000000000000000e+00 4.911911800000000050e-01 0.000000000000000000e+00 -9.236531130703559689e-02 7.718156435200543286e-02 1.280432578399301816e-02 8.152146930437543723e-03 -8.965363764920514580e-03 1.718740742773473482e-02
1.000000000000000000e+00 5.233762899999999663e-01 0.000000000000000000e+00 -1.191912906293769170e-01 1.036146749802269174e-01 1.399840696323436696e-02 9.845609918202807148e-03 -8.795387001427724255e-03 1.971100843947841755e-02
1.000000000000000000e+00 4.965553600000000012e-01 0.000000000000000000e+00 -9.890591538065947319e-02 8.320479271222851192e-02 1.324109649953324370e-02 8.559968436498787900e-03 -9.114489906055896901e-03 1.790672372573284821e-02
1.000000000000000000e+00 5.287404700000000179e-01 0.000000000000000000e+00 -1.215104625744204969e-01 1.062702481018134165e-01 1.402956528682463774e-02 1.003496923120553684e-02 -8.647104599529494701e-03 1.989805525629911864e-02
1.000000000000000000e+00 4.965553600000000012e-01 0.000000000000000000e+00 -9.890591538065947319e-02 8.320479271222851192e-02 1.324109649953324370e-02 8.559968436498787900e-03 -9.114489906055896901e-03 1.790672372573284821e-02
1.000000000000000000e+00 5.341046499999999586e-01 0.000000000000000000e+00 -1.234298883528291424e-01 1.085888090510107318e-01 1.405007673411107737e-02 1.021930870943077614e-02 -8.494139515297680770e-03 2.006422183396751324e-02
1.000000000000000000e+00 5.019195699999999816e-01 0.000000000000000000e+00 -1.044210961996066417e-01 8.845643904973152227e-02 1.353771713934188992e-02 8.898208045555251744e-03 -9.159358205142761541e-03 1.846022923237104763e-02
1.000000000000000000e+00 5.341046499999999586e-01 0.000000000000000000e+00 -1.234298883528291424e-01 1.085888090510107318e-01 1.405007673411107737e-02 1.021930870943077614e-02 -8.494139515297680770e-03 2.006422183396751324e-02
1.000000000000000000e+00 5.072837500000000333e-01 0.000000000000000000e+00 -1.091138741526195277e-01 9.306009322155030239e-02 1.373740292611890824e-02 9.183303579877724263e-03 -9.130621285222776176e-03 1.889019290299227827e-02
1.000000000000000000e+00 5.394688800000000395e-01 0.000000000000000000e+00 -1.249739068047380636e-01 1.105872823235003743e-01 1.406618206648939384e-02 1.040127112735351328e-02 -8.341541642012858734e-03 2.021712238173323239e-02
1.000000000000000000e+00 5.126479299999999739e-01 0.000000000000000000e+00 -1.130462382954664502e-01 9.704788238347969442e-02 1.386407208967831671e-02 9.426373187546355226e-03 -9.046753799553625824e-03 1.922160776044267924e-02
1.000000000000000000e+00 5.448330599999999801e-01 0.000000000000000000e+00 -1.261713346847709860e-01 1.122884587997411421e-01 1.408314423703531555e-02 1.058551468917724378e-02 -8.193740733968562714e-03 2.036485623708268744e-02
1.000000000000000000e+00 5.180121100000000256e-01 0.000000000000000000e+00 -1.163912508791585254e-01 1.005571952519312140e-01 1.394734814426652585e-02 9.645208850492855562e-03 -8.932016698305298222e-03 1.949055879794783439e-02
1.000000000000000000e+00 5.501972400000000318e-01 0.000000000000000000e+00 -1.270995729597379498e-01 1.137490932925120241e-01 1.410372740580253907e-02 1.077318085055527577e-02 -8.052229978608538979e-03 2.051226411832385299e-02
1.000000000000000000e+00 5.233762899999999663e-01 0.000000000000000000e+00 -1.191912906293769170e-01 1.036146749802269174e-01 1.399840696323436696e-02 9.845609918202807148e-03 -8.795387001427724255e-03 1.971100843947841755e-02
1.000000000000000000e+00 5.609256000000000242e-01 0.000000000000000000e+00 -1.283734736252852837e-01 1.160133326487499117e-01 1.416971531998055533e-02 1.116494730168471859e-02 -7.794098529613594471e-03 2.082207976454891057e-02
1.000000000000000000e+00 5.287404700000000179e-01 0.000000000000000000e+00 -1.215104625744204969e-01 1.062702481018134165e-01 1.402956528682463774e-02 1.003496923120553684e-02 -8.647104599529494701e-03 1.989805525629911864e-02
1.000000000000000000e+00 5.662897799999999648e-01 0.000000000000000000e+00 -1.286497710712304066e-01 1.168366145163058645e-01 1.421589215847907615e-02 1.137428907243533301e-02 -7.681933749274893163e-03 2.098798185268059210e-02
1.000000000000000000e+00 5.341046499999999586e-01 0.000000000000000000e+00 -1.234298883528291424e-01 1.085888090510107318e-01 1.405007673411107737e-02 1.021930870943077614e-02 -8.494139515297680770e-03 2.006422183396751324e-02
1.000000000000000000e+00 5.716539600000000165e-01 0.000000000000000000e+00 -1.287168859737255200e-01 1.174839732465683267e-01 1.427186371808793035e-02 1.159252310456448769e-02 -7.581639143263905339e-03 2.116317854141299207e-02
1.000000000000000000e+00 5.448330599999999801e-01 0.000000000000000000e+00 -1.261713346847709860e-01 1.122884587997411421e-01 1.408314423703531555e-02 1.058551468917724378e-02 -8.193740733968562714e-03 2.036485623708268744e-02
1.000000000000000000e+00 5.770181399999999572e-01 0.000000000000000000e+00 -1.285873652410473578e-01 1.179700119459660690e-01 1.433906236870360201e-02 1.182073906767447218e-02 -7.493560695913558355e-03 2.135008009076771324e-02
1.000000000000000000e+00 5.501972400000000318e-01 0.000000000000000000e+00 -1.270995729597379498e-01 1.137490932925120241e-01 1.410372740580253907e-02 1.077318085055527577e-02 -8.052229978608538979e-03 2.051226411832385299e-02
1.000000000000000000e+00 5.877465600000000290e-01 0.000000000000000000e+00 -1.277774721553524562e-01 1.185019313781498634e-01 1.451297568950401379e-02 1.231027857199740519e-02 -7.357764529829573588e-03 2.176876363570433986e-02
1.000000000000000000e+00 5.609256000000000242e-01 0.000000000000000000e+00 -1.283734736252852837e-01 1.160133326487499117e-01 1.416971531998055533e-02 1.116494730168471859e-02 -7.794098529613594471e-03 2.082207976454891057e-02
1.000000000000000000e+00 5.931107399999999696e-01 0.000000000000000000e+00 -1.271095276249038786e-01 1.185645386976657278e-01 1.462107616596954388e-02 1.257160584025658091e-02 -7.310551592760303717e-03 2.200241758128836100e-02
1.000000000000000000e+00 5.662897799999999648e-01 0.000000000000000000e+00 -1.286497710712304066e-01 1.168366145163058645e-01 1.421589215847907615e-02 1.137428907243533301e-02 -7.681933749274893163e-03 2.098798185268059210e-02
1.000000000000000000e+00 6.038390999999999620e-01 0.000000000000000000e+00 -1.252809761661949073e-01 1.183219998658459893e-01 1.488135477698856492e-02 1.313018336370868136e-02 -7.257767021202100009e-03 2.252206582222788731e-02
1.000000000000000000e+00 5.770181399999999572e-01 0.000000000000000000e+00 -1.285873652410473578e-01 1.179700119459660690e-01 1.433906236870360201e-02 1.182073906767447218e-02 -7.493560695913558355e-03 2.135008009076771324e-02
1.000000000000000000e+00 6.145674599999999543e-01 0.000000000000000000e+00 -1.227027770034984921e-01 1.175951434649970678e-01 1.520004686756249758e-02 1.374853317550272548e-02 -7.255079694511190093e-03 2.311855935510287799e-02
1.000000000000000000e+00 5.823823799999999773e-01 0.000000000000000000e+00 -1.282723397587269554e-01 1.183065846372562263e-01 1.441913841507224715e-02 1.205992694541067022e-02 -7.418822976932581970e-03 2.155155312244145735e-02
1.000000000000000000e+00 6.199316400000000060e-01 0.000000000000000000e+00 -1.211835587405001302e-01 1.170778719922182659e-01 1.538228529696516501e-02 1.407614175475447628e-02 -7.272364582554375310e-03 2.344463590667393571e-02
1.000000000000000000e+00 5.931107399999999696e-01 0.000000000000000000e+00 -1.271095276249038786e-01 1.185645386976657278e-01 1.462107616596954388e-02 1.257160584025658091e-02 -7.310551592760303717e-03 2.200241758128836100e-02
1.000000000000000000e+00 6.306600599999999668e-01 0.000000000000000000e+00 -1.177059177514503535e-01 1.157459016700276566e-01 1.580045384809809078e-02 1.477425565035007070e-02 -7.350735399106280744e-03 2.416336557293995504e-02
1.000000000000000000e+00 6.038390999999999620e-01 0.000000000000000000e+00 -1.252809761661949073e-01 1.183219998658459893e-01 1.488135477698856492e-02 1.313018336370868136e-02 -7.257767021202100009e-03 2.252206582222788731e-02
1.000000000000000000e+00 6.413884199999999591e-01 0.000000000000000000e+00 -1.137068554926403269e-01 1.140806295484987354e-01 1.629133354875592424e-02 1.552794901451365860e-02 -7.486479418601314079e-03 2.497186914251928180e-02
1.000000000000000000e+00 6.145674599999999543e-01 0.000000000000000000e+00 -1.227027770034984921e-01 1.175951434649970678e-01 1.520004686756249758e-02 1.374853317550272548e-02 -7.255079694511190093e-03 2.311855935510287799e-02
1.000000000000000000e+00 6.521167799999999515e-01 0.000000000000000000e+00 -1.091775873256391194e-01 1.121003394705837319e-01 1.686303157674623118e-02 1.634288243102228338e-02 -7.684308674204630429e-03 2.587945987488874527e-02
1.000000000000000000e+00 6.252958199999999467e-01 0.000000000000000000e+00 -1.195161931913109460e-01 1.164586616209677822e-01 1.558184818558003802e-02 1.441812156941985057e-02 -7.303817681367409317e-03 2.379233590525119471e-02
1.000000000000000000e+00 6.682093099999999453e-01 0.000000000000000000e+00 -1.014139077656897592e-01 1.085914978872522391e-01 1.787360170445237428e-02 1.767615192210222549e-02 -8.098577958967144441e-03 2.743526504441153729e-02
1.000000000000000000e+00 6.360242400000000185e-01 0.000000000000000000e+00 -1.157663973329866036e-01 1.149505743648170375e-01 1.603739910621840292e-02 1.514484663568147101e-02 -7.411972665835944718e-03 2.455724428507384191e-02
1.000000000000000000e+00 6.789377300000000170e-01 0.000000000000000000e+00 -9.570782060888169407e-02 1.059143253145072988e-01 1.868419510086671495e-02 1.864882342487355835e-02 -8.466118832462688967e-03 2.863898091210921593e-02
1.000000000000000000e+00 6.521167799999999515e-01 0.000000000000000000e+00 -1.091775873256391194e-01 1.121003394705837319e-01 1.686303157674623118e-02 1.634288243102228338e-02 -7.684308674204630429e-03 2.587945987488874527e-02
1.000000000000000000e+00 6.896660900000000094e-01 0.000000000000000000e+00 -8.950099492287701131e-02 1.030207282655229012e-01 1.958548070064653271e-02 1.967842480489872051e-02 -8.894599873095933654e-03 2.994907058795241023e-02
1.000000000000000000e+00 6.628451300000000046e-01 0.000000000000000000e+00 -1.041155703686994366e-01 1.098230789245737415e-01 1.751738570526753525e-02 1.721720545100059035e-02 -7.946343971245026921e-03 2.689187555626664644e-02
1.000000000000000000e+00 7.057586300000000534e-01 0.000000000000000000e+00 -7.904028228637460796e-02 9.823962337960141789e-02 2.112138073010758760e-02 2.134522224247308378e-02 -9.659472792388556356e-03 3.213737515048747245e-02
1.000000000000000000e+00 6.789377300000000170e-01 0.000000000000000000e+00 -9.570782060888169407e-02 1.059143253145072988e-01 1.868419510086671495e-02 1.864882342487355835e-02 -8.466118832462688967e-03 2.863898091210921593e-02
1.000000000000000000e+00 6.950302699999999501e-01 0.000000000000000000e+00 -8.616070573540539346e-02 1.014820268736949388e-01 2.007588911715436908e-02 2.022074514779934051e-02 -9.135064579344275709e-03 3.065285060760013572e-02
1.000000000000000000e+00 1.199263799999999991e+00 0.000000000000000000e+00 9.014068743655618832e-01 -5.087984515436288525e-03 5.115596476179654767e-02 2.721887127666930417e-02 -1.487094929065175923e-02 6.210707340130702803e-02
1.000000000000000000e+00 1.242177400000000098e+00 0.000000000000000000e+00 9.293516456013566351e-01 -1.485049793634374803e-03 4.247035981865930621e-02 2.609600995913703009e-02 -1.156615253604066466e-02 5.508658170459235226e-02
1.000000000000000000e+00 1.220720500000000097e+00 0.000000000000000000e+00 9.170163071181002268e-01 -3.118602597317143496e-03 4.649483290002642127e-02 2.654928238407866167e-02 -1.303568442651257576e-02 5.838952714351360734e-02
1.000000000000000000e+00 1.199263799999999991e+00 0.000000000000000000e+00 9.014068743655618832e-01 -5.087984515436288525e-03 5.115596476179654767e-02 2.721887127666930417e-02 -1.487094929065175923e-02 6.210707340130702803e-02
1.000000000000000000e+00 1.285090800000000089e+00 0.000000000000000000e+00 9.459993230266546815e-01 7.693934614876617216e-04 3.658706367834810291e-02 2.578705736839898011e-02 -9.662837859258909326e-03 4.996661138937414509e-02
1.000000000000000000e+00 1.268998300000000024e+00 0.000000000000000000e+00 9.408694020507676337e-01 7.033133932363795551e-05 3.843392405726082234e-02 2.582094253623154131e-02 -1.022024705286184339e-02 5.165494241500144523e-02
1.000000000000000000e+00 1.333368499999999957e+00 0.000000000000000000e+00 9.571104572250058728e-01 2.051921627260114896e-03 3.258011738863818285e-02 2.588112264265964371e-02 -8.652876602569536252e-03 4.600120607678720441e-02
1.000000000000000000e+00 1.317275999999999891e+00 0.000000000000000000e+00 9.540767667648673012e-01 1.750926576631465538e-03 3.365198158551699348e-02 2.582593820835652268e-02 -8.875989377031535260e-03 4.714149245369816943e-02
