(2.000000000000000000e+00 3.660536999999999819e-01 0.000000000000000000e+00)
(2.000000000000000000e+00 3.846199499999999882e-01 0.000000000000000000e+00)
(2.000000000000000000e+00 3.846199499999999882e-01 0.000000000000000000e+00)
(2.000000000000000000e+00 4.093749799999999994e-01 0.000000000000000000e+00)
(2.000000000000000000e+00 4.093749799999999994e-01 0.000000000000000000e+00)
(2.000000000000000000e+00 4.341300100000000106e-01 0.000000000000000000e+00)
(2.000000000000000000e+00 4.341300100000000106e-01 0.000000000000000000e+00)
(2.000000000000000000e+00 4.650737899999999869e-01 0.000000000000000000e+00)
(2.000000000000000000e+00 4.650737899999999869e-01 0.000000000000000000e+00)
(2.000000000000000000e+00 4.898288299999999929e-01 0.000000000000000000e+00)
(2.000000000000000000e+00 4.898288299999999929e-01 0.000000000000000000e+00)
(2.000000000000000000e+00 5.207726400000000089e-01 0.000000000000000000e+00)
(2.000000000000000000e+00 5.207726400000000089e-01 0.000000000000000000e+00)
(2.000000000000000000e+00 5.517163899999999455e-01 0.000000000000000000e+00)
(2.000000000000000000e+00 5.517163899999999455e-01 0.000000000000000000e+00)
(2.000000000000000000e+00 5.888489500000000376e-01 0.000000000000000000e+00)
(2.000000000000000000e+00 5.888489500000000376e-01 0.000000000000000000e+00)
(2.000000000000000000e+00 6.259814500000000503e-01 0.000000000000000000e+00)
(2.000000000000000000e+00 6.259814500000000503e-01 0.000000000000000000e+00)
(2.000000000000000000e+00 6.631140100000000315e-01 0.000000000000000000e+00)
(2.000000000000000000e+00 6.631140100000000315e-01 0.000000000000000000e+00)
(2.000000000000000000e+00 7.064353199999999777e-01 0.000000000000000000e+00)
(2.000000000000000000e+00 7.064353199999999777e-01 0.000000000000000000e+00)
(2.000000000000000000e+00 7.497566300000000350e-01 0.000000000000000000e+00)
(2.000000000000000000e+00 7.497566300000000350e-01 0.000000000000000000e+00)
(2.000000000000000000e+00 7.930779500000000315e-01 0.000000000000000000e+00)
(2.000000000000000000e+00 7.930779500000000315e-01 0.000000000000000000e+00)
(2.000000000000000000e+00 8.425879499999999744e-01 0.000000000000000000e+00)
(2.000000000000000000e+00 8.425879499999999744e-01 0.000000000000000000e+00)
(2.000000000000000000e+00 8.425879499999999744e-01 0.000000000000000000e+00)
(2.000000000000000000e+00 8.920980099999999968e-01 0.000000000000000000e+00)
(2.000000000000000000e+00 8.920980099999999968e-01 0.000000000000000000e+00)
(2.000000000000000000e+00 8.920980099999999968e-01 0.000000000000000000e+00)
(2.000000000000000000e+00 9.477968199999999843e-01 0.000000000000000000e+00)
(2.000000000000000000e+00 9.477968199999999843e-01 0.000000000000000000e+00)
(2.000000000000000000e+00 1.003495699999999990e+00 0.000000000000000000e+00)
(2.000000000000000000e+00 1.003495699999999990e+00 0.000000000000000000e+00)
(2.000000000000000000e+00 1.065383200000000086e+00 0.000000000000000000e+00)
(2.000000000000000000e+00 1.065383200000000086e+00 0.000000000000000000e+00)
(2.000000000000000000e+00 1.133459599999999901e+00 0.000000000000000000e+00)
(2.000000000000000000e+00 1.133459599999999901e+00 0.000000000000000000e+00)
(2.000000000000000000e+00 1.201535800000000043e+00 0.000000000000000000e+00)
(2.000000000000000000e+00 1.201535800000000043e+00 0.000000000000000000e+00)
