2.000000000000000000e+00 3.660536999999999819e-01 0.000000000000000000e+00 -1.161869245328054079e-01 1.057868639485150253e-02 4.135348644757527725e-02 2.843347189522861876e-02 -1.315179093407958105e-02 4.990538578313751666e-02
2.000000000000000000e+00 3.846199499999999882e-01 0.000000000000000000e+00 -1.050376899357281096e-01 9.336892597970781679e-03 4.287718972203409529e-02 2.957907870630850991e-02 -1.389384265229196870e-02 5.166669178399234397e-02
2.000000000000000000e+00 3.846199499999999882e-01 0.000000000000000000e+00 -1.050376899357281096e-01 9.336892597970781679e-03 4.287718972203409529e-02 2.957907870630850991e-02 -1.389384265229196870e-02 5.166669178399234397e-02
2.000000000000000000e+00 4.093749799999999994e-01 0.000000000000000000e+00 -8.952098475095855712e-02 7.743597642309843834e-03 4.481829313746261978e-02 3.102628129554887981e-02 -1.485607578671540967e-02 5.405034104494889358e-02
2.000000000000000000e+00 4.093749799999999994e-01 0.000000000000000000e+00 -8.952098475095855712e-02 7.743597642309843834e-03 4.481829313746261978e-02 3.102628129554887981e-02 -1.485607578671540967e-02 5.405034104494889358e-02
2.000000000000000000e+00 4.341300100000000106e-01 0.000000000000000000e+00 -7.304188066164472859e-02 5.773823496510316344e-03 4.671429446856941586e-02 3.251138683928091189e-02 -1.585788267866901011e-02 5.647904023529652651e-02
2.000000000000000000e+00 4.341300100000000106e-01 0.000000000000000000e+00 -7.304188066164472859e-02 5.773823496510316344e-03 4.671429446856941586e-02 3.251138683928091189e-02 -1.585788267866901011e-02 5.647904023529652651e-02
2.000000000000000000e+00 4.650737899999999869e-01 0.000000000000000000e+00 -5.081338366681056873e-02 2.801845720751698632e-03 4.923670704705492007e-02 3.437449013437710033e-02 -1.711186005592398376e-02 5.958913224994792646e-02
2.000000000000000000e+00 4.650737899999999869e-01 0.000000000000000000e+00 -5.081338366681056873e-02 2.801845720751698632e-03 4.923670704705492007e-02 3.437449013437710033e-02 -1.711186005592398376e-02 5.958913224994792646e-02
2.000000000000000000e+00 4.898288299999999929e-01 0.000000000000000000e+00 -3.154944969644025987e-02 4.042251055169327834e-04 5.135915101375854164e-02 3.585653781889001218e-02 -1.811028852028212857e-02 6.217135541827337186e-02
2.000000000000000000e+00 4.898288299999999929e-01 0.000000000000000000e+00 -3.154944969644025987e-02 4.042251055169327834e-04 5.135915101375854164e-02 3.585653781889001218e-02 -1.811028852028212857e-02 6.217135541827337186e-02
2.000000000000000000e+00 5.207726400000000089e-01 0.000000000000000000e+00 -6.381669870709155354e-03 -3.060631236785876352e-03 5.425354506211234329e-02 3.767377906495382456e-02 -1.940464245520782602e-02 6.548964277338209516e-02
2.000000000000000000e+00 5.207726400000000089e-01 0.000000000000000000e+00 -6.381669870709155354e-03 -3.060631236785876352e-03 5.425354506211234329e-02 3.767377906495382456e-02 -1.940464245520782602e-02 6.548964277338209516e-02
2.000000000000000000e+00 5.517163899999999455e-01 0.000000000000000000e+00 1.994257107085679534e-02 -6.826688842734767414e-03 5.734495845084332244e-02 3.941417873670850086e-02 -2.074677137612042713e-02 6.895552606165665510e-02
2.000000000000000000e+00 5.517163899999999455e-01 0.000000000000000000e+00 1.994257107085679534e-02 -6.826688842734767414e-03 5.734495845084332244e-02 3.941417873670850086e-02 -2.074677137612042713e-02 6.895552606165665510e-02
2.000000000000000000e+00 5.888489500000000376e-01 0.000000000000000000e+00 5.472869573053239234e-02 -1.128368751285001997e-02 6.095300256548270151e-02 4.156698295407342675e-02 -2.252880491352779457e-02 7.310818897656314042e-02
2.000000000000000000e+00 5.888489500000000376e-01 0.000000000000000000e+00 5.472869573053239234e-02 -1.128368751285001997e-02 6.095300256548270151e-02 4.156698295407342675e-02 -2.252880491352779457e-02 7.310818897656314042e-02
2.000000000000000000e+00 6.259814500000000503e-01 0.000000000000000000e+00 9.149578203800404208e-02 -1.632604373584191360e-02 6.448779254062025901e-02 4.350028931501524060e-02 -2.428322843529092528e-02 7.714079318940782193e-02
2.000000000000000000e+00 6.259814500000000503e-01 0.000000000000000000e+00 9.149578203800404208e-02 -1.632604373584191360e-02 6.448779254062025901e-02 4.350028931501524060e-02 -2.428322843529092528e-02 7.714079318940782193e-02
2.000000000000000000e+00 6.631140100000000315e-01 0.000000000000000000e+00 1.310982987571117642e-01 -2.145912480681143666e-02 6.778994192295156873e-02 4.536483057229636490e-02 -2.610312582226349473e-02 8.089399325581889122e-02
2.000000000000000000e+00 6.631140100000000315e-01 0.000000000000000000e+00 1.310982987571117642e-01 -2.145912480681143666e-02 6.778994192295156873e-02 4.536483057229636490e-02 -2.610312582226349473e-02 8.089399325581889122e-02
2.000000000000000000e+00 7.064353199999999777e-01 0.000000000000000000e+00 1.809079166895723734e-01 -2.727298773108025043e-02 7.133766984696859881e-02 4.746697458549094251e-02 -2.828078703635750549e-02 8.487837736420301982e-02
2.000000000000000000e+00 7.064353199999999777e-01 0.000000000000000000e+00 1.809079166895723734e-01 -2.727298773108025043e-02 7.133766984696859881e-02 4.746697458549094251e-02 -2.828078703635750549e-02 8.487837736420301982e-02
2.000000000000000000e+00 7.497566300000000350e-01 0.000000000000000000e+00 2.334306485837054634e-01 -3.317043502600439120e-02 7.514599675966121550e-02 4.916945456899992489e-02 -3.025895338053886247e-02 8.876100147832129139e-02
2.000000000000000000e+00 7.497566300000000350e-01 0.000000000000000000e+00 2.334306485837054634e-01 -3.317043502600439120e-02 7.514599675966121550e-02 4.916945456899992489e-02 -3.025895338053886247e-02 8.876100147832129139e-02
2.000000000000000000e+00 7.930779500000000315e-01 0.000000000000000000e+00 2.891292330653525422e-01 -3.862375818107423309e-02 7.814539995833068298e-02 5.053631973368505337e-02 -3.206162171493583818e-02 9.177329417123337996e-02
2.000000000000000000e+00 7.930779500000000315e-01 0.000000000000000000e+00 2.891292330653525422e-01 -3.862375818107423309e-02 7.814539995833068298e-02 5.053631973368505337e-02 -3.206162171493583818e-02 9.177329417123337996e-02
2.000000000000000000e+00 8.425879499999999744e-01 0.000000000000000000e+00 3.562168211727874123e-01 -4.435124644764373847e-02 8.070515106147595208e-02 5.126968026342323265e-02 -3.347081322298307154e-02 9.408753372540643034e-02
2.000000000000000000e+00 8.425879499999999744e-01 0.000000000000000000e+00 3.562168211727874123e-01 -4.435124644764373847e-02 8.070515106147595208e-02 5.126968026342323265e-02 -3.347081322298307154e-02 9.408753372540643034e-02
2.000000000000000000e+00 8.425879499999999744e-01 0.000000000000000000e+00 3.562168211727874123e-01 -4.435124644764373847e-02 8.070515106147595208e-02 5.126968026342323265e-02 -3.347081322298307154e-02 9.408753372540643034e-02
2.000000000000000000e+00 8.920980099999999968e-01 0.000000000000000000e+00 4.263806050712376505e-01 -4.939980435493282473e-02 8.258388937976644806e-02 5.114345252596985691e-02 -3.422005847330877870e-02 9.524984658134354187e-02
2.000000000000000000e+00 8.920980099999999968e-01 0.000000000000000000e+00 4.263806050712376505e-01 -4.939980435493282473e-02 8.258388937976644806e-02 5.114345252596985691e-02 -3.422005847330877870e-02 9.524984658134354187e-02
2.000000000000000000e+00 8.920980099999999968e-01 0.000000000000000000e+00 4.263806050712376505e-01 -4.939980435493282473e-02 8.258388937976644806e-02 5.114345252596985691e-02 -3.422005847330877870e-02 9.524984658134354187e-02
2.000000000000000000e+00 9.477968199999999843e-01 0.000000000000000000e+00 5.064638233787749355e-01 -5.378735053922951287e-02 8.332353829900414344e-02 5.025025833615429094e-02 -3.433889523824232293e-02 9.477949891295385509e-02
2.000000000000000000e+00 9.477968199999999843e-01 0.000000000000000000e+00 5.064638233787749355e-01 -5.378735053922951287e-02 8.332353829900414344e-02 5.025025833615429094e-02 -3.433889523824232293e-02 9.477949891295385509e-02
2.000000000000000000e+00 1.003495699999999990e+00 0.000000000000000000e+00 5.892123680632672666e-01 -5.650923788475886028e-02 8.257771253397644395e-02 4.792610888131584868e-02 -3.298143641885894345e-02 9.252075801372842967e-02
2.000000000000000000e+00 1.003495699999999990e+00 0.000000000000000000e+00 5.892123680632672666e-01 -5.650923788475886028e-02 8.257771253397644395e-02 4.792610888131584868e-02 -3.298143641885894345e-02 9.252075801372842967e-02
2.000000000000000000e+00 1.065383200000000086e+00 0.000000000000000000e+00 6.744071891764137350e-01 -5.722796539814070660e-02 7.869821749635073915e-02 4.446100045107914678e-02 -3.049102032588990249e-02 8.715310648845128738e-02
2.000000000000000000e+00 1.065383200000000086e+00 0.000000000000000000e+00 6.744071891764137350e-01 -5.722796539814070660e-02 7.869821749635073915e-02 4.446100045107914678e-02 -3.049102032588990249e-02 8.715310648845128738e-02
2.000000000000000000e+00 1.133459599999999901e+00 0.000000000000000000e+00 7.593264342912853238e-01 -5.576997115888467083e-02 7.148465860494733481e-02 3.977979497636507933e-02 -2.637773722023880815e-02 7.905061120382242401e-02
2.000000000000000000e+00 1.133459599999999901e+00 0.000000000000000000e+00 7.593264342912853238e-01 -5.576997115888467083e-02 7.148465860494733481e-02 3.977979497636507933e-02 -2.637773722023880815e-02 7.905061120382242401e-02
2.000000000000000000e+00 1.201535800000000043e+00 0.000000000000000000e+00 8.296474017022529290e-01 -5.256915576077728081e-02 6.218120391493764387e-02 3.496715576464107939e-02 -2.170913812084051750e-02 6.938278243821885405e-02
2.000000000000000000e+00 1.201535800000000043e+00 0.000000000000000000e+00 8.296474017022529290e-01 -5.256915576077728081e-02 6.218120391493764387e-02 3.496715576464107939e-02 -2.170913812084051750e-02 6.938278243821885405e-02
