3.000000000000000000e+00 9.170261299999999532e-04 0.000000000000000000e+00 -1.494910191529009828e-02 2.305148891841551212e-05 4.070878734961945250e-04 2.472185788027049565e-08 -6.515500196521855086e-07 4.669271527177415665e-04
3.000000000000000000e+00 9.170261299999999532e-04 0.000000000000000000e+00 -1.494910191529009828e-02 2.305148891841551212e-05 4.070878734961945250e-04 2.472185788027049565e-08 -6.515500196521855086e-07 4.669271527177415665e-04
3.000000000000000000e+00 9.170261299999999532e-04 0.000000000000000000e+00 -1.494910191529009828e-02 2.305148891841551212e-05 4.070878734961945250e-04 2.472185788027049565e-08 -6.515500196521855086e-07 4.669271527177415665e-04
3.000000000000000000e+00 9.170261299999999532e-04 0.000000000000000000e+00 -1.494910191529009828e-02 2.305148891841551212e-05 4.070878734961945250e-04 2.472185788027049565e-08 -6.515500196521855086e-07 4.669271527177415665e-04
3.000000000000000000e+00 9.170261299999999532e-04 0.000000000000000000e+00 -1.494910191529009828e-02 2.305148891841551212e-05 4.070878734961945250e-04 2.472185788027049565e-08 -6.515500196521855086e-07 4.669271527177415665e-04
3.000000000000000000e+00 9.170261299999999532e-04 0.000000000000000000e+00 -1.494910191529009828e-02 2.305148891841551212e-05 4.070878734961945250e-04 2.472185788027049565e-08 -6.515500196521855086e-07 4.669271527177415665e-04
3.000000000000000000e+00 9.170261299999999532e-04 0.000000000000000000e+00 -1.494910191529009828e-02 2.305148891841551212e-05 4.070878734961945250e-04 2.472185788027049565e-08 -6.515500196521855086e-07 4.669271527177415665e-04
3.000000000000000000e+00 9.170261299999999532e-04 0.000000000000000000e+00 -1.494910191529009828e-02 2.305148891841551212e-05 4.070878734961945250e-04 2.472185788027049565e-08 -6.515500196521855086e-07 4.669271527177415665e-04
3.000000000000000000e+00 9.170261299999999532e-04 0.000000000000000000e+00 -1.494910191529009828e-02 2.305148891841551212e-05 4.070878734961945250e-04 2.472185788027049565e-08 -6.515500196521855086e-07 4.669271527177415665e-04
3.000000000000000000e+00 9.170261299999999532e-04 0.000000000000000000e+00 -1.494910191529009828e-02 2.305148891841551212e-05 4.070878734961945250e-04 2.472185788027049565e-08 -6.515500196521855086e-07 4.669271527177415665e-04
3.000000000000000000e+00 7.105783099999999665e-03 0.000000000000000000e+00 -9.166736905151047499e-02 -1.944733962230526245e-04 1.168787759874879810e-02 1.109796945230755345e-04 1.979828074451264156e-05 1.302625426040123109e-02
3.000000000000000000e+00 7.105783099999999665e-03 0.000000000000000000e+00 -9.166736905151047499e-02 -1.944733962230526245e-04 1.168787759874879810e-02 1.109796945230755345e-04 1.979828074451264156e-05 1.302625426040123109e-02
3.000000000000000000e+00 7.105783099999999665e-03 0.000000000000000000e+00 -9.166736905151047499e-02 -1.944733962230526245e-04 1.168787759874879810e-02 1.109796945230755345e-04 1.979828074451264156e-05 1.302625426040123109e-02
3.000000000000000000e+00 7.105783099999999665e-03 0.000000000000000000e+00 -9.166736905151047499e-02 -1.944733962230526245e-04 1.168787759874879810e-02 1.109796945230755345e-04 1.979828074451264156e-05 1.302625426040123109e-02
3.000000000000000000e+00 7.105783099999999665e-03 0.000000000000000000e+00 -9.166736905151047499e-02 -1.944733962230526245e-04 1.168787759874879810e-02 1.109796945230755345e-04 1.979828074451264156e-05 1.302625426040123109e-02
3.000000000000000000e+00 7.105783099999999665e-03 0.000000000000000000e+00 -9.166736905151047499e-02 -1.944733962230526245e-04 1.168787759874879810e-02 1.109796945230755345e-04 1.979828074451264156e-05 1.302625426040123109e-02
3.000000000000000000e+00 7.105783099999999665e-03 0.000000000000000000e+00 -9.166736905151047499e-02 -1.944733962230526245e-04 1.168787759874879810e-02 1.109796945230755345e-04 1.979828074451264156e-05 1.302625426040123109e-02
3.000000000000000000e+00 7.105783099999999665e-03 0.000000000000000000e+00 -9.166736905151047499e-02 -1.944733962230526245e-04 1.168787759874879810e-02 1.109796945230755345e-04 1.979828074451264156e-05 1.302625426040123109e-02
3.000000000000000000e+00 1.430519899999999955e+00 0.000000000000000000e+00 8.930936914923748304e-01 -7.642785731988666065e-02 4.032752588254295834e-02 2.267696078233211870e-02 -1.174176682337566696e-02 4.380621302403540224e-02
3.000000000000000000e+00 1.430519899999999955e+00 0.000000000000000000e+00 8.930936914923748304e-01 -7.642785731988666065e-02 4.032752588254295834e-02 2.267696078233211870e-02 -1.174176682337566696e-02 4.380621302403540224e-02
3.000000000000000000e+00 1.517162399999999911e+00 0.000000000000000000e+00 9.192170395516610082e-01 -7.058576753835323070e-02 3.485516662841380703e-02 2.042811086903650181e-02 -9.856670832903523596e-03 3.839810781408927592e-02
3.000000000000000000e+00 1.517162399999999911e+00 0.000000000000000000e+00 9.192170395516610082e-01 -7.058576753835323070e-02 3.485516662841380703e-02 2.042811086903650181e-02 -9.856670832903523596e-03 3.839810781408927592e-02
3.000000000000000000e+00 1.603805099999999983e+00 0.000000000000000000e+00 9.386042425993263993e-01 -6.539193336845966487e-02 3.121360643168162932e-02 1.873864367162275321e-02 -8.661347026548478489e-03 3.452141083443970027e-02
3.000000000000000000e+00 1.603805099999999983e+00 0.000000000000000000e+00 9.386042425993263993e-01 -6.539193336845966487e-02 3.121360643168162932e-02 1.873864367162275321e-02 -8.661347026548478489e-03 3.452141083443970027e-02
3.000000000000000000e+00 1.684258899999999892e+00 0.000000000000000000e+00 9.539262584831166292e-01 -6.089236418696915981e-02 2.877966409483052532e-02 1.761970718654725168e-02 -7.817653323179876018e-03 3.189552310891748815e-02
3.000000000000000000e+00 1.684258899999999892e+00 0.000000000000000000e+00 9.539262584831166292e-01 -6.089236418696915981e-02 2.877966409483052532e-02 1.761970718654725168e-02 -7.817653323179876018e-03 3.189552310891748815e-02
3.000000000000000000e+00 1.764712800000000081e+00 0.000000000000000000e+00 9.674082380236640466e-01 -5.670639556392473996e-02 2.698872447936196545e-02 1.666418475193637630e-02 -7.203068660805753837e-03 2.993140580513083127e-02
3.000000000000000000e+00 1.764712800000000081e+00 0.000000000000000000e+00 9.674082380236640466e-01 -5.670639556392473996e-02 2.698872447936196545e-02 1.666418475193637630e-02 -7.203068660805753837e-03 2.993140580513083127e-02
3.000000000000000000e+00 1.838977800000000107e+00 0.000000000000000000e+00 9.785932281870368676e-01 -5.313938175137163100e-02 2.565099507341023558e-02 1.591710014689623476e-02 -6.788679467788363321e-03 2.845290701235357947e-02
3.000000000000000000e+00 1.838977800000000107e+00 0.000000000000000000e+00 9.785932281870368676e-01 -5.313938175137163100e-02 2.565099507341023558e-02 1.591710014689623476e-02 -6.788679467788363321e-03 2.845290701235357947e-02
3.000000000000000000e+00 1.907054199999999922e+00 0.000000000000000000e+00 9.882851262849178253e-01 -5.005438564062335977e-02 2.456240704665403271e-02 1.525199492321542734e-02 -6.453807854559693614e-03 2.722310063294819393e-02
3.000000000000000000e+00 1.907054199999999922e+00 0.000000000000000000e+00 9.882851262849178253e-01 -5.005438564062335977e-02 2.456240704665403271e-02 1.525199492321542734e-02 -6.453807854559693614e-03 2.722310063294819393e-02
3.000000000000000000e+00 1.968941700000000017e+00 0.000000000000000000e+00 9.969064011828758787e-01 -4.731836121856457938e-02 2.351935934399823278e-02 1.464610907653568495e-02 -6.125647042609697578e-03 2.609005736758046590e-02
3.000000000000000000e+00 1.968941700000000017e+00 0.000000000000000000e+00 9.969064011828758787e-01 -4.731836121856457938e-02 2.351935934399823278e-02 1.464610907653568495e-02 -6.125647042609697578e-03 2.609005736758046590e-02
3.000000000000000000e+00 2.030829199999999890e+00 0.000000000000000000e+00 1.005078913133754970e+00 -4.462138152326231705e-02 2.248133890715118058e-02 1.404172267012308330e-02 -5.750573181524536864e-03 2.497333272791721001e-02
3.000000000000000000e+00 2.030829199999999890e+00 0.000000000000000000e+00 1.005078913133754970e+00 -4.462138152326231705e-02 2.248133890715118058e-02 1.404172267012308330e-02 -5.750573181524536864e-03 2.497333272791721001e-02
3.000000000000000000e+00 2.086528100000000219e+00 0.000000000000000000e+00 1.012018565636761958e+00 -4.223124895622523689e-02 2.153794769244380194e-02 1.351587436628329773e-02 -5.378899829852120534e-03 2.399147977409184576e-02
3.000000000000000000e+00 2.086528100000000219e+00 0.000000000000000000e+00 1.012018565636761958e+00 -4.223124895622523689e-02 2.153794769244380194e-02 1.351587436628329773e-02 -5.378899829852120534e-03 2.399147977409184576e-02
3.000000000000000000e+00 2.142226899999999823e+00 0.000000000000000000e+00 1.018954034804682607e+00 -3.985485205724850072e-02 2.045889637255833213e-02 1.293804253044800873e-02 -4.983347149283300949e-03 2.293047374442315489e-02
3.000000000000000000e+00 2.142226899999999823e+00 0.000000000000000000e+00 1.018954034804682607e+00 -3.985485205724850072e-02 2.045889637255833213e-02 1.293804253044800873e-02 -4.983347149283300949e-03 2.293047374442315489e-02
3.000000000000000000e+00 2.191736899999999988e+00 0.000000000000000000e+00 1.024713630896174843e+00 -3.777390502583967413e-02 1.948964854828562354e-02 1.240392535248475633e-02 -4.613980466222613631e-03 2.196373303904254268e-02
3.000000000000000000e+00 2.191736899999999988e+00 0.000000000000000000e+00 1.024713630896174843e+00 -3.777390502583967413e-02 1.948964854828562354e-02 1.240392535248475633e-02 -4.613980466222613631e-03 2.196373303904254268e-02
3.000000000000000000e+00 2.241246900000000153e+00 0.000000000000000000e+00 1.029742237268575833e+00 -3.572409759033332022e-02 1.858276197122428822e-02 1.184397422191343051e-02 -4.250539748061511400e-03 2.102113402560716951e-02
3.000000000000000000e+00 2.241246900000000153e+00 0.000000000000000000e+00 1.029742237268575833e+00 -3.572409759033332022e-02 1.858276197122428822e-02 1.184397422191343051e-02 -4.250539748061511400e-03 2.102113402560716951e-02
3.000000000000000000e+00 2.290757199999999827e+00 0.000000000000000000e+00 1.034242512882209697e+00 -3.371229682777503178e-02 1.772408336562751943e-02 1.126319611294549806e-02 -3.879970937303408012e-03 2.008257393784237607e-02
3.000000000000000000e+00 2.290757199999999827e+00 0.000000000000000000e+00 1.034242512882209697e+00 -3.371229682777503178e-02 1.772408336562751943e-02 1.126319611294549806e-02 -3.879970937303408012e-03 2.008257393784237607e-02
3.000000000000000000e+00 2.334078299999999828e+00 0.000000000000000000e+00 1.038041351958431502e+00 -3.194796343005566752e-02 1.694460793701154516e-02 1.075704317025660307e-02 -3.526981553011409014e-03 1.926147215685715397e-02
3.000000000000000000e+00 2.334078299999999828e+00 0.000000000000000000e+00 1.038041351958431502e+00 -3.194796343005566752e-02 1.694460793701154516e-02 1.075704317025660307e-02 -3.526981553011409014e-03 1.926147215685715397e-02
3.000000000000000000e+00 2.371211100000000016e+00 0.000000000000000000e+00 1.040980938384058474e+00 -3.044271274368971769e-02 1.628344234975243054e-02 1.031706984033431591e-02 -3.220438083901982097e-03 1.857046135135246440e-02
3.000000000000000000e+00 2.371211100000000016e+00 0.000000000000000000e+00 1.040980938384058474e+00 -3.044271274368971769e-02 1.628344234975243054e-02 1.031706984033431591e-02 -3.220438083901982097e-03 1.857046135135246440e-02
3.000000000000000000e+00 2.408343599999999807e+00 0.000000000000000000e+00 1.043492677778746991e+00 -2.893527596355381995e-02 1.562616333531097884e-02 9.879994606493719411e-03 -2.901982810661580831e-03 1.788603243992614722e-02
3.000000000000000000e+00 2.408343599999999807e+00 0.000000000000000000e+00 1.043492677778746991e+00 -2.893527596355381995e-02 1.562616333531097884e-02 9.879994606493719411e-03 -2.901982810661580831e-03 1.788603243992614722e-02
3.000000000000000000e+00 2.445476100000000041e+00 0.000000000000000000e+00 1.045573594317874555e+00 -2.742047609912193901e-02 1.496583794423833429e-02 9.454255410863931369e-03 -2.570016131925573384e-03 1.721434214276202149e-02
3.000000000000000000e+00 2.445476100000000041e+00 0.000000000000000000e+00 1.045573594317874555e+00 -2.742047609912193901e-02 1.496583794423833429e-02 9.454255410863931369e-03 -2.570016131925573384e-03 1.721434214276202149e-02
3.000000000000000000e+00 2.482608599999999832e+00 0.000000000000000000e+00 1.047229768388993953e+00 -2.589435141110984703e-02 1.430208907539062650e-02 9.030974921850953852e-03 -2.225573941528496882e-03 1.656048486976226947e-02
3.000000000000000000e+00 2.482608599999999832e+00 0.000000000000000000e+00 1.047229768388993953e+00 -2.589435141110984703e-02 1.430208907539062650e-02 9.030974921850953852e-03 -2.225573941528496882e-03 1.656048486976226947e-02
3.000000000000000000e+00 2.482608599999999832e+00 0.000000000000000000e+00 1.047229768388993953e+00 -2.589435141110984703e-02 1.430208907539062650e-02 9.030974921850953852e-03 -2.225573941528496882e-03 1.656048486976226947e-02
3.000000000000000000e+00 2.513552400000000020e+00 0.000000000000000000e+00 1.048140882462248458e+00 -2.462824917551639098e-02 1.378250816618999466e-02 8.686775641759939340e-03 -1.939300000247075936e-03 1.604800901102501273e-02
3.000000000000000000e+00 2.513552400000000020e+00 0.000000000000000000e+00 1.048140882462248458e+00 -2.462824917551639098e-02 1.378250816618999466e-02 8.686775641759939340e-03 -1.939300000247075936e-03 1.604800901102501273e-02
3.000000000000000000e+00 2.513552400000000020e+00 0.000000000000000000e+00 1.048140882462248458e+00 -2.462824917551639098e-02 1.378250816618999466e-02 8.686775641759939340e-03 -1.939300000247075936e-03 1.604800901102501273e-02
3.000000000000000000e+00 2.544496099999999927e+00 0.000000000000000000e+00 1.048477769055284003e+00 -2.335567976006110158e-02 1.332350018354869214e-02 8.340642321826768901e-03 -1.649443486593516785e-03 1.557238525536979411e-02
3.000000000000000000e+00 2.544496099999999927e+00 0.000000000000000000e+00 1.048477769055284003e+00 -2.335567976006110158e-02 1.332350018354869214e-02 8.340642321826768901e-03 -1.649443486593516785e-03 1.557238525536979411e-02
3.000000000000000000e+00 2.544496099999999927e+00 0.000000000000000000e+00 1.048477769055284003e+00 -2.335567976006110158e-02 1.332350018354869214e-02 8.340642321826768901e-03 -1.649443486593516785e-03 1.557238525536979411e-02
3.000000000000000000e+00 2.575439900000000115e+00 0.000000000000000000e+00 1.048261523359425906e+00 -2.207951929805755317e-02 1.291391664663114371e-02 7.983996881474544546e-03 -1.356326910097158155e-03 1.513298642602056363e-02
3.000000000000000000e+00 2.575439900000000115e+00 0.000000000000000000e+00 1.048261523359425906e+00 -2.207951929805755317e-02 1.291391664663114371e-02 7.983996881474544546e-03 -1.356326910097158155e-03 1.513298642602056363e-02
3.000000000000000000e+00 2.575439900000000115e+00 0.000000000000000000e+00 1.048261523359425906e+00 -2.207951929805755317e-02 1.291391664663114371e-02 7.983996881474544546e-03 -1.356326910097158155e-03 1.513298642602056363e-02
3.000000000000000000e+00 2.600194899999999976e+00 0.000000000000000000e+00 1.047632813949456176e+00 -2.105825895224926886e-02 1.261721680952110521e-02 7.693010746977041112e-03 -1.124879751907495104e-03 1.481409130699428388e-02
3.000000000000000000e+00 2.600194899999999976e+00 0.000000000000000000e+00 1.047632813949456176e+00 -2.105825895224926886e-02 1.261721680952110521e-02 7.693010746977041112e-03 -1.124879751907495104e-03 1.481409130699428388e-02
3.000000000000000000e+00 2.600194899999999976e+00 0.000000000000000000e+00 1.047632813949456176e+00 -2.105825895224926886e-02 1.261721680952110521e-02 7.693010746977041112e-03 -1.124879751907495104e-03 1.481409130699428388e-02
3.000000000000000000e+00 2.624949899999999836e+00 0.000000000000000000e+00 1.046582223627924524e+00 -2.003579531434685271e-02 1.235329763859903049e-02 7.400746834927925989e-03 -8.944258446821439076e-04 1.452638896330545916e-02
3.000000000000000000e+00 2.624949899999999836e+00 0.000000000000000000e+00 1.046582223627924524e+00 -2.003579531434685271e-02 1.235329763859903049e-02 7.400746834927925989e-03 -8.944258446821439076e-04 1.452638896330545916e-02
3.000000000000000000e+00 2.624949899999999836e+00 0.000000000000000000e+00 1.046582223627924524e+00 -2.003579531434685271e-02 1.235329763859903049e-02 7.400746834927925989e-03 -8.944258446821439076e-04 1.452638896330545916e-02
3.000000000000000000e+00 2.649704900000000141e+00 0.000000000000000000e+00 1.045133831077993625e+00 -1.901890100369192649e-02 1.211856056274620771e-02 7.106180230778130248e-03 -6.716712406403397813e-04 1.426030450799276560e-02
3.000000000000000000e+00 2.649704900000000141e+00 0.000000000000000000e+00 1.045133831077993625e+00 -1.901890100369192649e-02 1.211856056274620771e-02 7.106180230778130248e-03 -6.716712406403397813e-04 1.426030450799276560e-02
3.000000000000000000e+00 2.649704900000000141e+00 0.000000000000000000e+00 1.045133831077993625e+00 -1.901890100369192649e-02 1.211856056274620771e-02 7.106180230778130248e-03 -6.716712406403397813e-04 1.426030450799276560e-02
3.000000000000000000e+00 2.674459900000000001e+00 0.000000000000000000e+00 1.043163182939980560e+00 -1.800460507847877548e-02 1.191335384323552113e-02 6.804906251390126053e-03 -4.547897047545118414e-04 1.400943413477119363e-02
3.000000000000000000e+00 2.674459900000000001e+00 0.000000000000000000e+00 1.043163182939980560e+00 -1.800460507847877548e-02 1.191335384323552113e-02 6.804906251390126053e-03 -4.547897047545118414e-04 1.400943413477119363e-02
3.000000000000000000e+00 2.674459900000000001e+00 0.000000000000000000e+00 1.043163182939980560e+00 -1.800460507847877548e-02 1.191335384323552113e-02 6.804906251390126053e-03 -4.547897047545118414e-04 1.400943413477119363e-02
3.000000000000000000e+00 2.693026300000000095e+00 0.000000000000000000e+00 1.041340351416827126e+00 -1.724699901346839551e-02 1.179040505415259940e-02 6.576985169500224222e-03 -2.974762218716418502e-04 1.384493060277710956e-02
3.000000000000000000e+00 2.693026300000000095e+00 0.000000000000000000e+00 1.041340351416827126e+00 -1.724699901346839551e-02 1.179040505415259940e-02 6.576985169500224222e-03 -2.974762218716418502e-04 1.384493060277710956e-02
3.000000000000000000e+00 2.693026300000000095e+00 0.000000000000000000e+00 1.041340351416827126e+00 -1.724699901346839551e-02 1.179040505415259940e-02 6.576985169500224222e-03 -2.974762218716418502e-04 1.384493060277710956e-02
3.000000000000000000e+00 2.711592700000000189e+00 0.000000000000000000e+00 1.039189454581844307e+00 -1.648873543247661444e-02 1.168784021594714354e-02 6.352031744300882382e-03 -1.443880071472424475e-04 1.370270252035824324e-02
3.000000000000000000e+00 2.711592700000000189e+00 0.000000000000000000e+00 1.039189454581844307e+00 -1.648873543247661444e-02 1.168784021594714354e-02 6.352031744300882382e-03 -1.443880071472424475e-04 1.370270252035824324e-02
3.000000000000000000e+00 2.711592700000000189e+00 0.000000000000000000e+00 1.039189454581844307e+00 -1.648873543247661444e-02 1.168784021594714354e-02 6.352031744300882382e-03 -1.443880071472424475e-04 1.370270252035824324e-02
3.000000000000000000e+00 2.730158799999999886e+00 0.000000000000000000e+00 1.036614776892013312e+00 -1.572473744638946958e-02 1.160881018129935119e-02 6.118150504521538413e-03 8.813192357573647849e-06 1.357379559874406609e-02
3.000000000000000000e+00 2.730158799999999886e+00 0.000000000000000000e+00 1.036614776892013312e+00 -1.572473744638946958e-02 1.160881018129935119e-02 6.118150504521538413e-03 8.813192357573647849e-06 1.357379559874406609e-02
3.000000000000000000e+00 2.748725199999999980e+00 0.000000000000000000e+00 1.033555383544789041e+00 -1.495581485953287673e-02 1.156217880894263618e-02 5.877208113013615912e-03 1.631329755088181698e-04 1.346692710115921648e-02
3.000000000000000000e+00 2.748725199999999980e+00 0.000000000000000000e+00 1.033555383544789041e+00 -1.495581485953287673e-02 1.156217880894263618e-02 5.877208113013615912e-03 1.631329755088181698e-04 1.346692710115921648e-02
3.000000000000000000e+00 2.767291300000000120e+00 0.000000000000000000e+00 1.029935719427533147e+00 -1.417981117317550915e-02 1.154755428232912863e-02 5.630971026278137025e-03 3.173241859167868616e-04 1.338174662983720488e-02
3.000000000000000000e+00 2.767291300000000120e+00 0.000000000000000000e+00 1.029935719427533147e+00 -1.417981117317550915e-02 1.154755428232912863e-02 5.630971026278137025e-03 3.173241859167868616e-04 1.338174662983720488e-02
3.000000000000000000e+00 2.785857700000000214e+00 0.000000000000000000e+00 1.025656098045537146e+00 -1.338917941834766832e-02 1.157493244697482652e-02 5.381732402323149804e-03 4.736120406047474745e-04 1.332413121341500216e-02
3.000000000000000000e+00 2.785857700000000214e+00 0.000000000000000000e+00 1.025656098045537146e+00 -1.338917941834766832e-02 1.157493244697482652e-02 5.381732402323149804e-03 4.736120406047474745e-04 1.332413121341500216e-02
3.000000000000000000e+00 2.798235200000000145e+00 0.000000000000000000e+00 1.022385829653501332e+00 -1.285426222788533558e-02 1.162083644950533817e-02 5.214297378248393226e-03 5.807208563253304793e-04 1.330155691110546275e-02
3.000000000000000000e+00 2.798235200000000145e+00 0.000000000000000000e+00 1.022385829653501332e+00 -1.285426222788533558e-02 1.162083644950533817e-02 5.214297378248393226e-03 5.807208563253304793e-04 1.330155691110546275e-02
3.000000000000000000e+00 2.810612700000000075e+00 0.000000000000000000e+00 1.018708818272765937e+00 -1.231057941774534384e-02 1.169627735627143394e-02 5.045165483003803512e-03 6.911056283915170077e-04 1.329510938817215528e-02
3.000000000000000000e+00 2.810612700000000075e+00 0.000000000000000000e+00 1.018708818272765937e+00 -1.231057941774534384e-02 1.169627735627143394e-02 5.045165483003803512e-03 6.911056283915170077e-04 1.329510938817215528e-02
3.000000000000000000e+00 2.829178999999999888e+00 0.000000000000000000e+00 1.012331623066835551e+00 -1.147796901285034338e-02 1.187772432009621439e-02 4.785202673139836958e-03 8.638231082579499133e-04 1.331917557585531389e-02
3.000000000000000000e+00 2.829178999999999888e+00 0.000000000000000000e+00 1.012331623066835551e+00 -1.147796901285034338e-02 1.187772432009621439e-02 4.785202673139836958e-03 8.638231082579499133e-04 1.331917557585531389e-02
3.000000000000000000e+00 2.841556499999999819e+00 0.000000000000000000e+00 1.007352134296167767e+00 -1.090657379461405611e-02 1.206331154906846968e-02 4.606273273098572540e-03 9.849662706531369348e-04 1.336662449613347341e-02
3.000000000000000000e+00 2.841556499999999819e+00 0.000000000000000000e+00 1.007352134296167767e+00 -1.090657379461405611e-02 1.206331154906846968e-02 4.606273273098572540e-03 9.849662706531369348e-04 1.336662449613347341e-02
3.000000000000000000e+00 2.853934000000000193e+00 0.000000000000000000e+00 1.001628542060022165e+00 -1.032071148535050956e-02 1.232146171753672852e-02 4.421800194713073826e-03 1.111648107255747706e-03 1.344551483417430297e-02
3.000000000000000000e+00 2.853934000000000193e+00 0.000000000000000000e+00 1.001628542060022165e+00 -1.032071148535050956e-02 1.232146171753672852e-02 4.421800194713073826e-03 1.111648107255747706e-03 1.344551483417430297e-02
3.000000000000000000e+00 2.860122699999999796e+00 0.000000000000000000e+00 9.984450831210139876e-01 -1.002139318562367092e-02 1.248165183154989477e-02 4.327480853061365339e-03 1.177768898309938415e-03 1.349799727069913614e-02
3.000000000000000000e+00 2.860122699999999796e+00 0.000000000000000000e+00 9.984450831210139876e-01 -1.002139318562367092e-02 1.248165183154989477e-02 4.327480853061365339e-03 1.177768898309938415e-03 1.349799727069913614e-02
3.000000000000000000e+00 2.872500200000000170e+00 0.000000000000000000e+00 9.913649437673537346e-01 -9.407955194369330490e-03 1.287296114700516546e-02 4.134450268495287219e-03 1.315507205863880895e-03 1.363328777208154367e-02
3.000000000000000000e+00 2.872500200000000170e+00 0.000000000000000000e+00 9.913649437673537346e-01 -9.407955194369330490e-03 1.287296114700516546e-02 4.134450268495287219e-03 1.315507205863880895e-03 1.363328777208154367e-02
3.000000000000000000e+00 2.884877700000000100e+00 0.000000000000000000e+00 9.831412896398707968e-01 -8.775640271829967740e-03 1.337851765280416091e-02 3.933753980497981320e-03 1.457468350918368540e-03 1.381724360815663431e-02
3.000000000000000000e+00 2.884877700000000100e+00 0.000000000000000000e+00 9.831412896398707968e-01 -8.775640271829967740e-03 1.337851765280416091e-02 3.933753980497981320e-03 1.457468350918368540e-03 1.381724360815663431e-02
3.000000000000000000e+00 2.891066599999999820e+00 0.000000000000000000e+00 9.785133200913431750e-01 -8.453071273322029441e-03 1.368205057205743730e-02 3.829401524405778422e-03 1.529644132231974211e-03 1.393007310555022249e-02
3.000000000000000000e+00 2.891066599999999820e+00 0.000000000000000000e+00 9.785133200913431750e-01 -8.453071273322029441e-03 1.368205057205743730e-02 3.829401524405778422e-03 1.529644132231974211e-03 1.393007310555022249e-02
3.000000000000000000e+00 2.903444100000000194e+00 0.000000000000000000e+00 9.679578072518815191e-01 -7.783650046936225336e-03 1.442119639181911779e-02 3.608456600084226137e-03 1.679120948398020582e-03 1.420982779110583835e-02
3.000000000000000000e+00 2.903444100000000194e+00 0.000000000000000000e+00 9.679578072518815191e-01 -7.783650046936225336e-03 1.442119639181911779e-02 3.608456600084226137e-03 1.679120948398020582e-03 1.420982779110583835e-02
3.000000000000000000e+00 2.909632699999999961e+00 0.000000000000000000e+00 9.618919309273561424e-01 -7.435275197158311249e-03 1.486752601926405112e-02 3.491012978866393692e-03 1.756014047364606997e-03 1.437886765085616414e-02
3.000000000000000000e+00 2.909632699999999961e+00 0.000000000000000000e+00 9.618919309273561424e-01 -7.435275197158311249e-03 1.486752601926405112e-02 3.491012978866393692e-03 1.756014047364606997e-03 1.437886765085616414e-02
3.000000000000000000e+00 2.915821600000000124e+00 0.000000000000000000e+00 9.552397159583376762e-01 -7.080017078482257233e-03 1.537693278427682345e-02 3.370098725090679530e-03 1.832597908207307582e-03 1.457576816548879564e-02
3.000000000000000000e+00 2.915821600000000124e+00 0.000000000000000000e+00 9.552397159583376762e-01 -7.080017078482257233e-03 1.537693278427682345e-02 3.370098725090679530e-03 1.832597908207307582e-03 1.457576816548879564e-02
3.000000000000000000e+00 2.928199100000000055e+00 0.000000000000000000e+00 9.397650864607832721e-01 -6.339513113990664743e-03 1.662798989642081185e-02 3.113207764472278229e-03 1.987719559887920519e-03 1.506531744871758734e-02
3.000000000000000000e+00 2.928199100000000055e+00 0.000000000000000000e+00 9.397650864607832721e-01 -6.339513113990664743e-03 1.662798989642081185e-02 3.113207764472278229e-03 1.987719559887920519e-03 1.506531744871758734e-02
3.000000000000000000e+00 2.934387899999999938e+00 0.000000000000000000e+00 9.307005727226121961e-01 -5.956201313600120208e-03 1.738860932614343796e-02 2.976326292587446083e-03 2.064472257158844488e-03 1.536405445804708142e-02
3.000000000000000000e+00 2.934387899999999938e+00 0.000000000000000000e+00 9.307005727226121961e-01 -5.956201313600120208e-03 1.738860932614343796e-02 2.976326292587446083e-03 2.064472257158844488e-03 1.536405445804708142e-02
3.000000000000000000e+00 2.940576599999999985e+00 0.000000000000000000e+00 9.205707045250054454e-01 -5.563765979525327199e-03 1.825352569798550928e-02 2.832767803671774887e-03 2.139437325704752774e-03 1.570367545077903243e-02
3.000000000000000000e+00 2.940576599999999985e+00 0.000000000000000000e+00 9.205707045250054454e-01 -5.563765979525327199e-03 1.825352569798550928e-02 2.832767803671774887e-03 2.139437325704752774e-03 1.570367545077903243e-02
3.000000000000000000e+00 2.946765399999999868e+00 0.000000000000000000e+00 9.092103069196785237e-01 -5.162879917849319544e-03 1.923161754502833790e-02 2.681691528458497384e-03 2.211293869952991181e-03 1.608695692557620543e-02
3.000000000000000000e+00 2.946765399999999868e+00 0.000000000000000000e+00 9.092103069196785237e-01 -5.162879917849319544e-03 1.923161754502833790e-02 2.681691528458497384e-03 2.211293869952991181e-03 1.608695692557620543e-02
3.000000000000000000e+00 2.952954099999999915e+00 0.000000000000000000e+00 8.963871089600311537e-01 -4.752264029765060176e-03 2.033441519443009160e-02 2.522356007927440726e-03 2.278570063658496170e-03 1.651749005576829202e-02
3.000000000000000000e+00 2.952954099999999915e+00 0.000000000000000000e+00 8.963871089600311537e-01 -4.752264029765060176e-03 2.033441519443009160e-02 2.522356007927440726e-03 2.278570063658496170e-03 1.651749005576829202e-02
3.000000000000000000e+00 2.959142899999999798e+00 0.000000000000000000e+00 8.815286115199849615e-01 -4.332201254117485668e-03 2.159564287278490854e-02 2.352019706036285757e-03 2.338259492170749552e-03 1.700664316211583649e-02
3.000000000000000000e+00 2.959142899999999798e+00 0.000000000000000000e+00 8.815286115199849615e-01 -4.332201254117485668e-03 2.159564287278490854e-02 2.352019706036285757e-03 2.338259492170749552e-03 1.700664316211583649e-02
3.000000000000000000e+00 2.959142899999999798e+00 0.000000000000000000e+00 8.815286115199849615e-01 -4.332201254117485668e-03 2.159564287278490854e-02 2.352019706036285757e-03 2.338259492170749552e-03 1.700664316211583649e-02
3.000000000000000000e+00 2.959142899999999798e+00 0.000000000000000000e+00 8.815286115199849615e-01 -4.332201254117485668e-03 2.159564287278490854e-02 2.352019706036285757e-03 2.338259492170749552e-03 1.700664316211583649e-02
3.000000000000000000e+00 2.965331599999999845e+00 0.000000000000000000e+00 8.644897668754079056e-01 -3.901783845268185988e-03 2.301013896432535857e-02 2.170743146228163410e-03 2.389226397406442326e-03 1.755056789476543838e-02
3.000000000000000000e+00 2.965331599999999845e+00 0.000000000000000000e+00 8.644897668754079056e-01 -3.901783845268185988e-03 2.301013896432535857e-02 2.170743146228163410e-03 2.389226397406442326e-03 1.755056789476543838e-02
3.000000000000000000e+00 2.971520400000000173e+00 0.000000000000000000e+00 8.448302912389171748e-01 -3.463625977164415046e-03 2.458617411817810849e-02 1.977172033663562520e-03 2.428028349527074428e-03 1.814990816577456700e-02
3.000000000000000000e+00 2.971520400000000173e+00 0.000000000000000000e+00 8.448302912389171748e-01 -3.463625977164415046e-03 2.458617411817810849e-02 1.977172033663562520e-03 2.428028349527074428e-03 1.814990816577456700e-02
3.000000000000000000e+00 2.977709100000000220e+00 0.000000000000000000e+00 8.213525770931413561e-01 -3.018351262471048648e-03 2.635166515542984589e-02 1.768537922819088436e-03 2.446303320491382497e-03 1.881006311364289557e-02
3.000000000000000000e+00 2.977709100000000220e+00 0.000000000000000000e+00 8.213525770931413561e-01 -3.018351262471048648e-03 2.635166515542984589e-02 1.768537922819088436e-03 2.446303320491382497e-03 1.881006311364289557e-02
3.000000000000000000e+00 2.977709100000000220e+00 0.000000000000000000e+00 8.213525770931413561e-01 -3.018351262471048648e-03 2.635166515542984589e-02 1.768537922819088436e-03 2.446303320491382497e-03 1.881006311364289557e-02
3.000000000000000000e+00 2.977709100000000220e+00 0.000000000000000000e+00 8.213525770931413561e-01 -3.018351262471048648e-03 2.635166515542984589e-02 1.768537922819088436e-03 2.446303320491382497e-03 1.881006311364289557e-02
3.000000000000000000e+00 2.983897900000000103e+00 0.000000000000000000e+00 7.934607752636564371e-01 -2.568834109215416966e-03 2.827369048643751590e-02 1.545716243096474521e-03 2.438531753137929050e-03 1.951196144805715862e-02
3.000000000000000000e+00 2.983897900000000103e+00 0.000000000000000000e+00 7.934607752636564371e-01 -2.568834109215416966e-03 2.827369048643751590e-02 1.545716243096474521e-03 2.438531753137929050e-03 1.951196144805715862e-02
3.000000000000000000e+00 2.990086600000000150e+00 0.000000000000000000e+00 7.595575949223957180e-01 -2.119085792593570355e-03 3.029974689617793288e-02 1.309168113880270976e-03 2.392470783243690665e-03 2.021902696097200441e-02
3.000000000000000000e+00 2.990086600000000150e+00 0.000000000000000000e+00 7.595575949223957180e-01 -2.119085792593570355e-03 3.029974689617793288e-02 1.309168113880270976e-03 2.392470783243690665e-03 2.021902696097200441e-02
3.000000000000000000e+00 2.990086600000000150e+00 0.000000000000000000e+00 7.595575949223957180e-01 -2.119085792593570355e-03 3.029974689617793288e-02 1.309168113880270976e-03 2.392470783243690665e-03 2.021902696097200441e-02
3.000000000000000000e+00 2.990086600000000150e+00 0.000000000000000000e+00 7.595575949223957180e-01 -2.119085792593570355e-03 3.029974689617793288e-02 1.309168113880270976e-03 2.392470783243690665e-03 2.021902696097200441e-02
3.000000000000000000e+00 2.996275400000000033e+00 0.000000000000000000e+00 7.172155302431117985e-01 -1.676461934003554369e-03 3.228513839990122813e-02 1.060499417510950629e-03 2.289082573642390109e-03 2.084491708168224183e-02
3.000000000000000000e+00 2.996275400000000033e+00 0.000000000000000000e+00 7.172155302431117985e-01 -1.676461934003554369e-03 3.228513839990122813e-02 1.060499417510950629e-03 2.289082573642390109e-03 2.084491708168224183e-02
3.000000000000000000e+00 2.996275400000000033e+00 0.000000000000000000e+00 7.172155302431117985e-01 -1.676461934003554369e-03 3.228513839990122813e-02 1.060499417510950629e-03 2.289082573642390109e-03 2.084491708168224183e-02
3.000000000000000000e+00 2.996275400000000033e+00 0.000000000000000000e+00 7.172155302431117985e-01 -1.676461934003554369e-03 3.228513839990122813e-02 1.060499417510950629e-03 2.289082573642390109e-03 2.084491708168224183e-02
3.000000000000000000e+00 3.002464100000000080e+00 0.000000000000000000e+00 6.634115983723622989e-01 -1.250583546445154090e-03 3.388263275551792186e-02 8.060209407140237793e-04 2.104342419404895293e-03 2.120232567976628596e-02
3.000000000000000000e+00 3.002464100000000080e+00 0.000000000000000000e+00 6.634115983723622989e-01 -1.250583546445154090e-03 3.388263275551792186e-02 8.060209407140237793e-04 2.104342419404895293e-03 2.120232567976628596e-02
3.000000000000000000e+00 3.002464100000000080e+00 0.000000000000000000e+00 6.634115983723622989e-01 -1.250583546445154090e-03 3.388263275551792186e-02 8.060209407140237793e-04 2.104342419404895293e-03 2.120232567976628596e-02
3.000000000000000000e+00 3.002464100000000080e+00 0.000000000000000000e+00 6.634115983723622989e-01 -1.250583546445154090e-03 3.388263275551792186e-02 8.060209407140237793e-04 2.104342419404895293e-03 2.120232567976628596e-02
3.000000000000000000e+00 3.008652899999999963e+00 0.000000000000000000e+00 5.936852529634282227e-01 -8.554068874379676911e-04 3.439257833004664977e-02 5.548420264511147882e-04 1.805367806724481701e-03 2.092098371649641839e-02
3.000000000000000000e+00 3.008652899999999963e+00 0.000000000000000000e+00 5.936852529634282227e-01 -8.554068874379676911e-04 3.439257833004664977e-02 5.548420264511147882e-04 1.805367806724481701e-03 2.092098371649641839e-02
3.000000000000000000e+00 3.008652899999999963e+00 0.000000000000000000e+00 5.936852529634282227e-01 -8.554068874379676911e-04 3.439257833004664977e-02 5.548420264511147882e-04 1.805367806724481701e-03 2.092098371649641839e-02
3.000000000000000000e+00 3.008652899999999963e+00 0.000000000000000000e+00 5.936852529634282227e-01 -8.554068874379676911e-04 3.439257833004664977e-02 5.548420264511147882e-04 1.805367806724481701e-03 2.092098371649641839e-02
3.000000000000000000e+00 3.008652899999999963e+00 0.000000000000000000e+00 5.936852529634282227e-01 -8.554068874379676911e-04 3.439257833004664977e-02 5.548420264511147882e-04 1.805367806724481701e-03 2.092098371649641839e-02
3.000000000000000000e+00 3.008652899999999963e+00 0.000000000000000000e+00 5.936852529634282227e-01 -8.554068874379676911e-04 3.439257833004664977e-02 5.548420264511147882e-04 1.805367806724481701e-03 2.092098371649641839e-02
3.000000000000000000e+00 3.014841600000000010e+00 0.000000000000000000e+00 4.997724038962069737e-01 -5.151034746671794137e-04 3.203783954418389784e-02 3.255016910586966622e-04 1.347615830987211692e-03 1.907256605343163672e-02
3.000000000000000000e+00 3.014841600000000010e+00 0.000000000000000000e+00 4.997724038962069737e-01 -5.151034746671794137e-04 3.203783954418389784e-02 3.255016910586966622e-04 1.347615830987211692e-03 1.907256605343163672e-02
3.000000000000000000e+00 3.014841600000000010e+00 0.000000000000000000e+00 4.997724038962069737e-01 -5.151034746671794137e-04 3.203783954418389784e-02 3.255016910586966622e-04 1.347615830987211692e-03 1.907256605343163672e-02
3.000000000000000000e+00 3.014841600000000010e+00 0.000000000000000000e+00 4.997724038962069737e-01 -5.151034746671794137e-04 3.203783954418389784e-02 3.255016910586966622e-04 1.347615830987211692e-03 1.907256605343163672e-02
3.000000000000000000e+00 3.014841600000000010e+00 0.000000000000000000e+00 4.997724038962069737e-01 -5.151034746671794137e-04 3.203783954418389784e-02 3.255016910586966622e-04 1.347615830987211692e-03 1.907256605343163672e-02
3.000000000000000000e+00 3.014841600000000010e+00 0.000000000000000000e+00 4.997724038962069737e-01 -5.151034746671794137e-04 3.203783954418389784e-02 3.255016910586966622e-04 1.347615830987211692e-03 1.907256605343163672e-02
3.000000000000000000e+00 3.021030399999999894e+00 0.000000000000000000e+00 3.759958580022920160e-01 -2.496280160989116487e-04 2.456726478491197407e-02 1.409543660086929099e-04 7.585265858449348822e-04 1.449622646583197984e-02
3.000000000000000000e+00 3.021030399999999894e+00 0.000000000000000000e+00 3.759958580022920160e-01 -2.496280160989116487e-04 2.456726478491197407e-02 1.409543660086929099e-04 7.585265858449348822e-04 1.449622646583197984e-02
3.000000000000000000e+00 3.021030399999999894e+00 0.000000000000000000e+00 3.759958580022920160e-01 -2.496280160989116487e-04 2.456726478491197407e-02 1.409543660086929099e-04 7.585265858449348822e-04 1.449622646583197984e-02
3.000000000000000000e+00 3.021030399999999894e+00 0.000000000000000000e+00 3.759958580022920160e-01 -2.496280160989116487e-04 2.456726478491197407e-02 1.409543660086929099e-04 7.585265858449348822e-04 1.449622646583197984e-02
3.000000000000000000e+00 3.021030399999999894e+00 0.000000000000000000e+00 3.759958580022920160e-01 -2.496280160989116487e-04 2.456726478491197407e-02 1.409543660086929099e-04 7.585265858449348822e-04 1.449622646583197984e-02
3.000000000000000000e+00 3.021030399999999894e+00 0.000000000000000000e+00 3.759958580022920160e-01 -2.496280160989116487e-04 2.456726478491197407e-02 1.409543660086929099e-04 7.585265858449348822e-04 1.449622646583197984e-02
3.000000000000000000e+00 3.027219300000000057e+00 0.000000000000000000e+00 2.195292472678610218e-01 -7.850699089821021543e-05 1.123457642793599179e-02 2.928841358562410686e-05 2.039607492946987079e-04 6.778094045198509131e-03
3.000000000000000000e+00 3.027219300000000057e+00 0.000000000000000000e+00 2.195292472678610218e-01 -7.850699089821021543e-05 1.123457642793599179e-02 2.928841358562410686e-05 2.039607492946987079e-04 6.778094045198509131e-03
3.000000000000000000e+00 3.027219300000000057e+00 0.000000000000000000e+00 2.195292472678610218e-01 -7.850699089821021543e-05 1.123457642793599179e-02 2.928841358562410686e-05 2.039607492946987079e-04 6.778094045198509131e-03
3.000000000000000000e+00 3.027219300000000057e+00 0.000000000000000000e+00 2.195292472678610218e-01 -7.850699089821021543e-05 1.123457642793599179e-02 2.928841358562410686e-05 2.039607492946987079e-04 6.778094045198509131e-03
3.000000000000000000e+00 3.027219300000000057e+00 0.000000000000000000e+00 2.195292472678610218e-01 -7.850699089821021543e-05 1.123457642793599179e-02 2.928841358562410686e-05 2.039607492946987079e-04 6.778094045198509131e-03
3.000000000000000000e+00 3.027219300000000057e+00 0.000000000000000000e+00 2.195292472678610218e-01 -7.850699089821021543e-05 1.123457642793599179e-02 2.928841358562410686e-05 2.039607492946987079e-04 6.778094045198509131e-03
3.000000000000000000e+00 3.027219300000000057e+00 0.000000000000000000e+00 2.195292472678610218e-01 -7.850699089821021543e-05 1.123457642793599179e-02 2.928841358562410686e-05 2.039607492946987079e-04 6.778094045198509131e-03
3.000000000000000000e+00 3.027219300000000057e+00 0.000000000000000000e+00 2.195292472678610218e-01 -7.850699089821021543e-05 1.123457642793599179e-02 2.928841358562410686e-05 2.039607492946987079e-04 6.778094045198509131e-03
3.000000000000000000e+00 3.027219300000000057e+00 0.000000000000000000e+00 2.195292472678610218e-01 -7.850699089821021543e-05 1.123457642793599179e-02 2.928841358562410686e-05 2.039607492946987079e-04 6.778094045198509131e-03
3.000000000000000000e+00 3.027219300000000057e+00 0.000000000000000000e+00 2.195292472678610218e-01 -7.850699089821021543e-05 1.123457642793599179e-02 2.928841358562410686e-05 2.039607492946987079e-04 6.778094045198509131e-03
3.000000000000000000e+00 3.033407899999999824e+00 0.000000000000000000e+00 4.434213850696006043e-02 -7.242490807090047980e-06 5.560477958333944620e-04 1.488081000409331950e-07 5.023166462092966238e-07 3.855771874608678040e-04
3.000000000000000000e+00 3.033407899999999824e+00 0.000000000000000000e+00 4.434213850696006043e-02 -7.242490807090047980e-06 5.560477958333944620e-04 1.488081000409331950e-07 5.023166462092966238e-07 3.855771874608678040e-04
3.000000000000000000e+00 3.033407899999999824e+00 0.000000000000000000e+00 4.434213850696006043e-02 -7.242490807090047980e-06 5.560477958333944620e-04 1.488081000409331950e-07 5.023166462092966238e-07 3.855771874608678040e-04
3.000000000000000000e+00 3.033407899999999824e+00 0.000000000000000000e+00 4.434213850696006043e-02 -7.242490807090047980e-06 5.560477958333944620e-04 1.488081000409331950e-07 5.023166462092966238e-07 3.855771874608678040e-04
3.000000000000000000e+00 3.033407899999999824e+00 0.000000000000000000e+00 4.434213850696006043e-02 -7.242490807090047980e-06 5.560477958333944620e-04 1.488081000409331950e-07 5.023166462092966238e-07 3.855771874608678040e-04
3.000000000000000000e+00 3.033407899999999824e+00 0.000000000000000000e+00 4.434213850696006043e-02 -7.242490807090047980e-06 5.560477958333944620e-04 1.488081000409331950e-07 5.023166462092966238e-07 3.855771874608678040e-04
3.000000000000000000e+00 3.033407899999999824e+00 0.000000000000000000e+00 4.434213850696006043e-02 -7.242490807090047980e-06 5.560477958333944620e-04 1.488081000409331950e-07 5.023166462092966238e-07 3.855771874608678040e-04
3.000000000000000000e+00 3.033407899999999824e+00 0.000000000000000000e+00 4.434213850696006043e-02 -7.242490807090047980e-06 5.560477958333944620e-04 1.488081000409331950e-07 5.023166462092966238e-07 3.855771874608678040e-04
3.000000000000000000e+00 3.033407899999999824e+00 0.000000000000000000e+00 4.434213850696006043e-02 -7.242490807090047980e-06 5.560477958333944620e-04 1.488081000409331950e-07 5.023166462092966238e-07 3.855771874608678040e-04
3.000000000000000000e+00 3.033407899999999824e+00 0.000000000000000000e+00 4.434213850696006043e-02 -7.242490807090047980e-06 5.560477958333944620e-04 1.488081000409331950e-07 5.023166462092966238e-07 3.855771874608678040e-04
3.000000000000000000e+00 3.033407899999999824e+00 0.000000000000000000e+00 4.434213850696006043e-02 -7.242490807090047980e-06 5.560477958333944620e-04 1.488081000409331950e-07 5.023166462092966238e-07 3.855771874608678040e-04
3.000000000000000000e+00 3.033407899999999824e+00 0.000000000000000000e+00 4.434213850696006043e-02 -7.242490807090047980e-06 5.560477958333944620e-04 1.488081000409331950e-07 5.023166462092966238e-07 3.855771874608678040e-04
