3.000000000000000000e+00 3.227323899999999801e-01 0.000000000000000000e+00 -4.118353065849610778e-02 -4.629675313075592297e-02 5.133646363094131887e-02 3.495190670379165476e-02 -1.801699032124482597e-02 6.498464206320885006e-02
3.000000000000000000e+00 3.227323899999999801e-01 0.000000000000000000e+00 -4.118353065849610778e-02 -4.629675313075592297e-02 5.133646363094131887e-02 3.495190670379165476e-02 -1.801699032124482597e-02 6.498464206320885006e-02
3.000000000000000000e+00 3.412986700000000262e-01 0.000000000000000000e+00 -2.955704715686239409e-02 -4.889068012500843302e-02 5.302350971628431303e-02 3.593435140060652344e-02 -1.896025801000782857e-02 6.671613458703554156e-02
3.000000000000000000e+00 3.412986700000000262e-01 0.000000000000000000e+00 -2.955704715686239409e-02 -4.889068012500843302e-02 5.302350971628431303e-02 3.593435140060652344e-02 -1.896025801000782857e-02 6.671613458703554156e-02
3.000000000000000000e+00 3.660536999999999819e-01 0.000000000000000000e+00 -1.369043465933627440e-02 -5.227218562565420779e-02 5.529447268291961398e-02 3.717926888026663185e-02 -2.018531596037799469e-02 6.905548271171499386e-02
3.000000000000000000e+00 3.660536999999999819e-01 0.000000000000000000e+00 -1.369043465933627440e-02 -5.227218562565420779e-02 5.529447268291961398e-02 3.717926888026663185e-02 -2.018531596037799469e-02 6.905548271171499386e-02
3.000000000000000000e+00 3.846199499999999882e-01 0.000000000000000000e+00 -1.336599230226249470e-03 -5.476716517069993989e-02 5.700300623112323356e-02 3.807033220341664304e-02 -2.107887150310423438e-02 7.081944483815082181e-02
3.000000000000000000e+00 3.846199499999999882e-01 0.000000000000000000e+00 -1.336599230226249470e-03 -5.476716517069993989e-02 5.700300623112323356e-02 3.807033220341664304e-02 -2.107887150310423438e-02 7.081944483815082181e-02
3.000000000000000000e+00 4.093749799999999994e-01 0.000000000000000000e+00 1.579574905625778791e-02 -5.804242911398186516e-02 5.922926571140223195e-02 3.924031173206750378e-02 -2.224426148231968547e-02 7.307293247214172172e-02
3.000000000000000000e+00 4.093749799999999994e-01 0.000000000000000000e+00 1.579574905625778791e-02 -5.804242911398186516e-02 5.922926571140223195e-02 3.924031173206750378e-02 -2.224426148231968547e-02 7.307293247214172172e-02
3.000000000000000000e+00 4.341300100000000106e-01 0.000000000000000000e+00 3.392835483827853077e-02 -6.123643702218758977e-02 6.146384375765639313e-02 4.037590311256139541e-02 -2.338299327102824968e-02 7.522805754003539236e-02
3.000000000000000000e+00 4.341300100000000106e-01 0.000000000000000000e+00 3.392835483827853077e-02 -6.123643702218758977e-02 6.146384375765639313e-02 4.037590311256139541e-02 -2.338299327102824968e-02 7.522805754003539236e-02
3.000000000000000000e+00 4.650737899999999869e-01 0.000000000000000000e+00 5.786961739117592318e-02 -6.516811944930629708e-02 6.430983504586933186e-02 4.171366599448737833e-02 -2.477314490689218676e-02 7.784742827456719860e-02
3.000000000000000000e+00 4.650737899999999869e-01 0.000000000000000000e+00 5.786961739117592318e-02 -6.516811944930629708e-02 6.430983504586933186e-02 4.171366599448737833e-02 -2.477314490689218676e-02 7.784742827456719860e-02
3.000000000000000000e+00 4.898288299999999929e-01 0.000000000000000000e+00 7.795097349913025775e-02 -6.829982311077169299e-02 6.668090868253756520e-02 4.271700995595167916e-02 -2.584066821093692484e-02 7.987578253101608461e-02
3.000000000000000000e+00 4.898288299999999929e-01 0.000000000000000000e+00 7.795097349913025775e-02 -6.829982311077169299e-02 6.668090868253756520e-02 4.271700995595167916e-02 -2.584066821093692484e-02 7.987578253101608461e-02
3.000000000000000000e+00 5.207726400000000089e-01 0.000000000000000000e+00 1.039276605523017233e-01 -7.206228416347984500e-02 6.963488498861251930e-02 4.380927245025413586e-02 -2.709727003254045266e-02 8.231293440831936870e-02
3.000000000000000000e+00 5.207726400000000089e-01 0.000000000000000000e+00 1.039276605523017233e-01 -7.206228416347984500e-02 6.963488498861251930e-02 4.380927245025413586e-02 -2.709727003254045266e-02 8.231293440831936870e-02
3.000000000000000000e+00 5.517163899999999455e-01 0.000000000000000000e+00 1.311143213371589733e-01 -7.538843929975837244e-02 7.251847554654831940e-02 4.468330749443187588e-02 -2.829182158286793619e-02 8.455691502230568146e-02
3.000000000000000000e+00 5.517163899999999455e-01 0.000000000000000000e+00 1.311143213371589733e-01 -7.538843929975837244e-02 7.251847554654831940e-02 4.468330749443187588e-02 -2.829182158286793619e-02 8.455691502230568146e-02
3.000000000000000000e+00 5.888489500000000376e-01 0.000000000000000000e+00 1.638604267515999802e-01 -7.939473553652484639e-02 7.534786325878611857e-02 4.565898704109216943e-02 -2.962125656558789108e-02 8.671385058663680367e-02
3.000000000000000000e+00 5.888489500000000376e-01 0.000000000000000000e+00 1.638604267515999802e-01 -7.939473553652484639e-02 7.534786325878611857e-02 4.565898704109216943e-02 -2.962125656558789108e-02 8.671385058663680367e-02
3.000000000000000000e+00 6.259814500000000503e-01 0.000000000000000000e+00 1.978517025074042757e-01 -8.274254947174769503e-02 7.808525114290633395e-02 4.625640063901528126e-02 -3.070540166736727278e-02 8.875957875489261240e-02
3.000000000000000000e+00 6.259814500000000503e-01 0.000000000000000000e+00 1.978517025074042757e-01 -8.274254947174769503e-02 7.808525114290633395e-02 4.625640063901528126e-02 -3.070540166736727278e-02 8.875957875489261240e-02
3.000000000000000000e+00 6.631140100000000315e-01 0.000000000000000000e+00 2.332135128483947273e-01 -8.589282621725392863e-02 8.047164969033852866e-02 4.667751117792010018e-02 -3.160812703218343622e-02 9.044802183438721555e-02
3.000000000000000000e+00 6.631140100000000315e-01 0.000000000000000000e+00 2.332135128483947273e-01 -8.589282621725392863e-02 8.047164969033852866e-02 4.667751117792010018e-02 -3.160812703218343622e-02 9.044802183438721555e-02
3.000000000000000000e+00 7.064353199999999777e-01 0.000000000000000000e+00 2.758095832061215336e-01 -8.912508913836175717e-02 8.297988011243090378e-02 4.693850500711981705e-02 -3.235874693736155022e-02 9.208303680660935575e-02
3.000000000000000000e+00 7.064353199999999777e-01 0.000000000000000000e+00 2.758095832061215336e-01 -8.912508913836175717e-02 8.297988011243090378e-02 4.693850500711981705e-02 -3.235874693736155022e-02 9.208303680660935575e-02
3.000000000000000000e+00 7.497566300000000350e-01 0.000000000000000000e+00 3.201969520259808633e-01 -9.220343799890783065e-02 8.506236953539583756e-02 4.676856849627925028e-02 -3.274521974984541395e-02 9.307491027381248339e-02
3.000000000000000000e+00 7.497566300000000350e-01 0.000000000000000000e+00 3.201969520259808633e-01 -9.220343799890783065e-02 8.506236953539583756e-02 4.676856849627925028e-02 -3.274521974984541395e-02 9.307491027381248339e-02
3.000000000000000000e+00 7.930779500000000315e-01 0.000000000000000000e+00 3.659527050086367472e-01 -9.495738173789812497e-02 8.641315261503441925e-02 4.627202072232718122e-02 -3.284593298735986183e-02 9.346956761195307495e-02
3.000000000000000000e+00 7.930779500000000315e-01 0.000000000000000000e+00 3.659527050086367472e-01 -9.495738173789812497e-02 8.641315261503441925e-02 4.627202072232718122e-02 -3.284593298735986183e-02 9.346956761195307495e-02
3.000000000000000000e+00 8.425879499999999744e-01 0.000000000000000000e+00 4.191009425553312018e-01 -9.734225281574365729e-02 8.711892366217709183e-02 4.529660563307855853e-02 -3.259439392070410252e-02 9.320680793026138444e-02
3.000000000000000000e+00 8.425879499999999744e-01 0.000000000000000000e+00 4.191009425553312018e-01 -9.734225281574365729e-02 8.711892366217709183e-02 4.529660563307855853e-02 -3.259439392070410252e-02 9.320680793026138444e-02
3.000000000000000000e+00 8.920980099999999968e-01 0.000000000000000000e+00 4.724186365287798006e-01 -9.896592052062987144e-02 8.679585158060532102e-02 4.400215296915487018e-02 -3.198416158330636555e-02 9.189410506408358936e-02
3.000000000000000000e+00 8.920980099999999968e-01 0.000000000000000000e+00 4.724186365287798006e-01 -9.896592052062987144e-02 8.679585158060532102e-02 4.400215296915487018e-02 -3.198416158330636555e-02 9.189410506408358936e-02
3.000000000000000000e+00 9.477968199999999843e-01 0.000000000000000000e+00 5.325774532834710584e-01 -9.993947295161610678e-02 8.490560955645093388e-02 4.215362673187903614e-02 -3.074321899952951742e-02 8.912567058311567092e-02
3.000000000000000000e+00 9.477968199999999843e-01 0.000000000000000000e+00 5.325774532834710584e-01 -9.993947295161610678e-02 8.490560955645093388e-02 4.215362673187903614e-02 -3.074321899952951742e-02 8.912567058311567092e-02
3.000000000000000000e+00 1.003495699999999990e+00 0.000000000000000000e+00 5.911217999246558552e-01 -9.996347866562964313e-02 8.195918006308050563e-02 3.998474002752851891e-02 -2.900151510660140680e-02 8.517250362004909203e-02
3.000000000000000000e+00 1.003495699999999990e+00 0.000000000000000000e+00 5.911217999246558552e-01 -9.996347866562964313e-02 8.195918006308050563e-02 3.998474002752851891e-02 -2.900151510660140680e-02 8.517250362004909203e-02
