4.000000000000000000e+00 7.105783099999999665e-03 -2.729681879707285264e-02 -2.256947486740202918e-04 1.168822219019509563e-02 8.824110452498321662e-05 -5.195497597364202277e-05 1.255046018097270670e-02
4.000000000000000000e+00 7.105783099999999665e-03 -2.729681879707285264e-02 -2.256947486740202918e-04 1.168822219019509563e-02 8.824110452498321662e-05 -5.195497597364202277e-05 1.255046018097270670e-02
4.000000000000000000e+00 1.329454000000000052e-02 -3.459218102741686007e-02 -7.146274743488163165e-04 2.220405019528609233e-02 5.369086612259794640e-04 -2.413742806875487619e-04 2.386836270992543502e-02
4.000000000000000000e+00 1.329454000000000052e-02 -3.459218102741686007e-02 -7.146274743488163165e-04 2.220405019528609233e-02 5.369086612259794640e-04 -2.413742806875487619e-04 2.386836270992543502e-02
4.000000000000000000e+00 1.329454000000000052e-02 -3.459218102741686007e-02 -7.146274743488163165e-04 2.220405019528609233e-02 5.369086612259794640e-04 -2.413742806875487619e-04 2.386836270992543502e-02
4.000000000000000000e+00 1.329454000000000052e-02 -3.459218102741686007e-02 -7.146274743488163165e-04 2.220405019528609233e-02 5.369086612259794640e-04 -2.413742806875487619e-04 2.386836270992543502e-02
4.000000000000000000e+00 1.329454000000000052e-02 -3.459218102741686007e-02 -7.146274743488163165e-04 2.220405019528609233e-02 5.369086612259794640e-04 -2.413742806875487619e-04 2.386836270992543502e-02
4.000000000000000000e+00 1.329454000000000052e-02 -3.459218102741686007e-02 -7.146274743488163165e-04 2.220405019528609233e-02 5.369086612259794640e-04 -2.413742806875487619e-04 2.386836270992543502e-02
4.000000000000000000e+00 1.329454000000000052e-02 -3.459218102741686007e-02 -7.146274743488163165e-04 2.220405019528609233e-02 5.369086612259794640e-04 -2.413742806875487619e-04 2.386836270992543502e-02
4.000000000000000000e+00 1.329454000000000052e-02 -3.459218102741686007e-02 -7.146274743488163165e-04 2.220405019528609233e-02 5.369086612259794640e-04 -2.413742806875487619e-04 2.386836270992543502e-02
4.000000000000000000e+00 1.948329600000000064e-02 -3.538705033431247676e-02 -1.358074115205945391e-03 2.792582828509118306e-02 1.324955348532952989e-03 -5.104349024048558496e-04 3.071521386873256668e-02
4.000000000000000000e+00 1.948329600000000064e-02 -3.538705033431247676e-02 -1.358074115205945391e-03 2.792582828509118306e-02 1.324955348532952989e-03 -5.104349024048558496e-04 3.071521386873256668e-02
4.000000000000000000e+00 1.948329600000000064e-02 -3.538705033431247676e-02 -1.358074115205945391e-03 2.792582828509118306e-02 1.324955348532952989e-03 -5.104349024048558496e-04 3.071521386873256668e-02
4.000000000000000000e+00 1.948329600000000064e-02 -3.538705033431247676e-02 -1.358074115205945391e-03 2.792582828509118306e-02 1.324955348532952989e-03 -5.104349024048558496e-04 3.071521386873256668e-02
4.000000000000000000e+00 1.948329600000000064e-02 -3.538705033431247676e-02 -1.358074115205945391e-03 2.792582828509118306e-02 1.324955348532952989e-03 -5.104349024048558496e-04 3.071521386873256668e-02
4.000000000000000000e+00 1.948329600000000064e-02 -3.538705033431247676e-02 -1.358074115205945391e-03 2.792582828509118306e-02 1.324955348532952989e-03 -5.104349024048558496e-04 3.071521386873256668e-02
4.000000000000000000e+00 2.567205399999999971e-02 -3.351125117088865624e-02 -2.086122763152984533e-03 3.104718404233827375e-02 2.322506174497088443e-03 -8.081139570912907215e-04 3.503814343684042570e-02
4.000000000000000000e+00 2.567205399999999971e-02 -3.351125117088865624e-02 -2.086122763152984533e-03 3.104718404233827375e-02 2.322506174497088443e-03 -8.081139570912907215e-04 3.503814343684042570e-02
4.000000000000000000e+00 2.567205399999999971e-02 -3.351125117088865624e-02 -2.086122763152984533e-03 3.104718404233827375e-02 2.322506174497088443e-03 -8.081139570912907215e-04 3.503814343684042570e-02
4.000000000000000000e+00 2.567205399999999971e-02 -3.351125117088865624e-02 -2.086122763152984533e-03 3.104718404233827375e-02 2.322506174497088443e-03 -8.081139570912907215e-04 3.503814343684042570e-02
4.000000000000000000e+00 3.186081000000000329e-02 -3.048561873124428986e-02 -2.871552047298031683e-03 3.277526054949915502e-02 3.443992973705138540e-03 -1.116878015664665063e-03 3.788809858674591080e-02
4.000000000000000000e+00 3.186081000000000329e-02 -3.048561873124428986e-02 -2.871552047298031683e-03 3.277526054949915502e-02 3.443992973705138540e-03 -1.116878015664665063e-03 3.788809858674591080e-02
4.000000000000000000e+00 3.186081000000000329e-02 -3.048561873124428986e-02 -2.871552047298031683e-03 3.277526054949915502e-02 3.443992973705138540e-03 -1.116878015664665063e-03 3.788809858674591080e-02
4.000000000000000000e+00 3.186081000000000329e-02 -3.048561873124428986e-02 -2.871552047298031683e-03 3.277526054949915502e-02 3.443992973705138540e-03 -1.116878015664665063e-03 3.788809858674591080e-02
4.000000000000000000e+00 3.186081000000000329e-02 -3.048561873124428986e-02 -2.871552047298031683e-03 3.277526054949915502e-02 3.443992973705138540e-03 -1.116878015664665063e-03 3.788809858674591080e-02
4.000000000000000000e+00 3.186081000000000329e-02 -3.048561873124428986e-02 -2.871552047298031683e-03 3.277526054949915502e-02 3.443992973705138540e-03 -1.116878015664665063e-03 3.788809858674591080e-02
4.000000000000000000e+00 3.804956699999999942e-02 -2.702110660430563638e-02 -3.686800534452020894e-03 3.383808947584963228e-02 4.619995038889055175e-03 -1.430746609149192126e-03 3.995314969649785969e-02
4.000000000000000000e+00 3.804956699999999942e-02 -2.702110660430563638e-02 -3.686800534452020894e-03 3.383808947584963228e-02 4.619995038889055175e-03 -1.430746609149192126e-03 3.995314969649785969e-02
4.000000000000000000e+00 3.804956699999999942e-02 -2.702110660430563638e-02 -3.686800534452020894e-03 3.383808947584963228e-02 4.619995038889055175e-03 -1.430746609149192126e-03 3.995314969649785969e-02
4.000000000000000000e+00 3.804956699999999942e-02 -2.702110660430563638e-02 -3.686800534452020894e-03 3.383808947584963228e-02 4.619995038889055175e-03 -1.430746609149192126e-03 3.995314969649785969e-02
4.000000000000000000e+00 4.423832500000000195e-02 -2.341217373246009398e-02 -4.531679180331159990e-03 3.453680497629083718e-02 5.814843304455818290e-03 -1.748227270227089170e-03 4.153218114641952369e-02
4.000000000000000000e+00 4.423832500000000195e-02 -2.341217373246009398e-02 -4.531679180331159990e-03 3.453680497629083718e-02 5.814843304455818290e-03 -1.748227270227089170e-03 4.153218114641952369e-02
4.000000000000000000e+00 5.042708299999999755e-02 -1.978074382937490550e-02 -5.397415729964758803e-03 3.503293544431879125e-02 7.003219346188506444e-03 -2.068593635652930980e-03 4.279504345182138375e-02
4.000000000000000000e+00 5.042708299999999755e-02 -1.978074382937490550e-02 -5.397415729964758803e-03 3.503293544431879125e-02 7.003219346188506444e-03 -2.068593635652930980e-03 4.279504345182138375e-02
4.000000000000000000e+00 5.042708299999999755e-02 -1.978074382937490550e-02 -5.397415729964758803e-03 3.503293544431879125e-02 7.003219346188506444e-03 -2.068593635652930980e-03 4.279504345182138375e-02
4.000000000000000000e+00 5.042708299999999755e-02 -1.978074382937490550e-02 -5.397415729964758803e-03 3.503293544431879125e-02 7.003219346188506444e-03 -2.068593635652930980e-03 4.279504345182138375e-02
4.000000000000000000e+00 5.661583700000000219e-02 -1.618904802458063022e-02 -6.278407771556767866e-03 3.541476279409707523e-02 8.169225431665576992e-03 -2.391552091205510940e-03 4.384018109148000303e-02
4.000000000000000000e+00 5.661583700000000219e-02 -1.618904802458063022e-02 -6.278407771556767866e-03 3.541476279409707523e-02 8.169225431665576992e-03 -2.391552091205510940e-03 4.384018109148000303e-02
4.000000000000000000e+00 5.661583700000000219e-02 -1.618904802458063022e-02 -6.278407771556767866e-03 3.541476279409707523e-02 8.169225431665576992e-03 -2.391552091205510940e-03 4.384018109148000303e-02
4.000000000000000000e+00 5.661583700000000219e-02 -1.618904802458063022e-02 -6.278407771556767866e-03 3.541476279409707523e-02 8.169225431665576992e-03 -2.391552091205510940e-03 4.384018109148000303e-02
4.000000000000000000e+00 6.280459500000000472e-02 -1.267542949139407321e-02 -7.172433246737846928e-03 3.573171050623105693e-02 9.303746808898959858e-03 -2.716888227061673485e-03 4.472826798482940069e-02
4.000000000000000000e+00 6.280459500000000472e-02 -1.267542949139407321e-02 -7.172433246737846928e-03 3.573171050623105693e-02 9.303746808898959858e-03 -2.716888227061673485e-03 4.472826798482940069e-02
4.000000000000000000e+00 6.899335199999999391e-02 -9.261196672089095500e-03 -8.079049125727093272e-03 3.601073844421980724e-02 1.040223327787601244e-02 -3.044577296467817443e-03 4.549892987641585701e-02
4.000000000000000000e+00 6.899335199999999391e-02 -9.261196672089095500e-03 -8.079049125727093272e-03 3.601073844421980724e-02 1.040223327787601244e-02 -3.044577296467817443e-03 4.549892987641585701e-02
4.000000000000000000e+00 7.518210999999999644e-02 -5.947783626477460076e-03 -8.992147621672096428e-03 3.626477345712664918e-02 1.146266235800566351e-02 -3.373990064274067294e-03 4.617928340230463558e-02
4.000000000000000000e+00 7.518210999999999644e-02 -5.947783626477460076e-03 -8.992147621672096428e-03 3.626477345712664918e-02 1.146266235800566351e-02 -3.373990064274067294e-03 4.617928340230463558e-02
4.000000000000000000e+00 8.137086799999999898e-02 -2.735651691693491514e-03 -9.909050570417986259e-03 3.650229424762570923e-02 1.248319078325473182e-02 -3.704417275265113867e-03 4.678795488856433982e-02
4.000000000000000000e+00 8.137086799999999898e-02 -2.735651691693491514e-03 -9.909050570417986259e-03 3.650229424762570923e-02 1.248319078325473182e-02 -3.704417275265113867e-03 4.678795488856433982e-02
4.000000000000000000e+00 8.755962600000000151e-02 3.677601398035329700e-04 -1.083494730347557729e-02 3.672702611734588590e-02 1.346321690473436389e-02 -4.036403287396334201e-03 4.733505103993161656e-02
4.000000000000000000e+00 8.755962600000000151e-02 3.677601398035329700e-04 -1.083494730347557729e-02 3.672702611734588590e-02 1.346321690473436389e-02 -4.036403287396334201e-03 4.733505103993161656e-02
4.000000000000000000e+00 8.755962600000000151e-02 3.677601398035329700e-04 -1.083494730347557729e-02 3.672702611734588590e-02 1.346321690473436389e-02 -4.036403287396334201e-03 4.733505103993161656e-02
4.000000000000000000e+00 8.755962600000000151e-02 3.677601398035329700e-04 -1.083494730347557729e-02 3.672702611734588590e-02 1.346321690473436389e-02 -4.036403287396334201e-03 4.733505103993161656e-02
4.000000000000000000e+00 9.374838300000000457e-02 3.376298477051479716e-03 -1.176295239701096590e-02 3.694610669221205096e-02 1.440712061644579788e-02 -4.369792051148585314e-03 4.783939196207152161e-02
4.000000000000000000e+00 9.374838300000000457e-02 3.376298477051479716e-03 -1.176295239701096590e-02 3.694610669221205096e-02 1.440712061644579788e-02 -4.369792051148585314e-03 4.783939196207152161e-02
4.000000000000000000e+00 1.061258900000000005e-01 9.116147096053522567e-03 -1.363217812868751551e-02 3.738652537716338764e-02 1.617810113163121316e-02 -5.041720745784021747e-03 4.874626538448931234e-02
4.000000000000000000e+00 1.061258900000000005e-01 9.116147096053522567e-03 -1.363217812868751551e-02 3.738652537716338764e-02 1.617810113163121316e-02 -5.041720745784021747e-03 4.874626538448931234e-02
4.000000000000000000e+00 1.123146500000000020e-01 1.187228738822626410e-02 -1.457413674745898849e-02 3.761197258013623118e-02 1.701154574183651527e-02 -5.379417505895047261e-03 4.916546128130974691e-02
4.000000000000000000e+00 1.123146500000000020e-01 1.187228738822626410e-02 -1.457413674745898849e-02 3.761197258013623118e-02 1.701154574183651527e-02 -5.379417505895047261e-03 4.916546128130974691e-02
4.000000000000000000e+00 1.185034100000000035e-01 1.456285786182266902e-02 -1.551628536824211160e-02 3.783778486453839851e-02 1.780953859155912783e-02 -5.716395748748448642e-03 4.956666029292133846e-02
4.000000000000000000e+00 1.185034100000000035e-01 1.456285786182266902e-02 -1.551628536824211160e-02 3.783778486453839851e-02 1.780953859155912783e-02 -5.716395748748448642e-03 4.956666029292133846e-02
4.000000000000000000e+00 1.246921599999999963e-01 1.720549537117066485e-02 -1.645960032933373868e-02 3.806447221883266230e-02 1.857686919445289409e-02 -6.052678677913772565e-03 4.995422410445473499e-02
4.000000000000000000e+00 1.246921599999999963e-01 1.720549537117066485e-02 -1.645960032933373868e-02 3.806447221883266230e-02 1.857686919445289409e-02 -6.052678677913772565e-03 4.995422410445473499e-02
4.000000000000000000e+00 1.370696700000000046e-01 2.238011078502539358e-02 -1.834990421891799853e-02 3.854099279982778348e-02 2.002709891609283019e-02 -6.726322570827744304e-03 5.070437104194019245e-02
4.000000000000000000e+00 1.370696700000000046e-01 2.238011078502539358e-02 -1.834990421891799853e-02 3.854099279982778348e-02 2.002709891609283019e-02 -6.726322570827744304e-03 5.070437104194019245e-02
4.000000000000000000e+00 1.432584399999999869e-01 2.491873976632324322e-02 -1.929392145086595428e-02 3.879338885479870908e-02 2.071117449661820722e-02 -7.063423419232301749e-03 5.107157691672421784e-02
4.000000000000000000e+00 1.432584399999999869e-01 2.491873976632324322e-02 -1.929392145086595428e-02 3.879338885479870908e-02 2.071117449661820722e-02 -7.063423419232301749e-03 5.107157691672421784e-02
4.000000000000000000e+00 1.556359499999999951e-01 2.993449637859241230e-02 -2.117867909862247711e-02 3.931733580604925005e-02 2.200814307152823904e-02 -7.737938621957160014e-03 5.179439468149359127e-02
4.000000000000000000e+00 1.556359499999999951e-01 2.993449637859241230e-02 -2.117867909862247711e-02 3.931733580604925005e-02 2.200814307152823904e-02 -7.737938621957160014e-03 5.179439468149359127e-02
4.000000000000000000e+00 1.618246999999999880e-01 3.242609521167581776e-02 -2.211962964346527935e-02 3.958713249049696653e-02 2.262393726159299054e-02 -8.076168422112442111e-03 5.215258505479148515e-02
4.000000000000000000e+00 1.618246999999999880e-01 3.242609521167581776e-02 -2.211962964346527935e-02 3.958713249049696653e-02 2.262393726159299054e-02 -8.076168422112442111e-03 5.215258505479148515e-02
4.000000000000000000e+00 1.742022199999999910e-01 3.740422480342544403e-02 -2.399835568693628809e-02 4.014303913986411176e-02 2.379655476742486772e-02 -8.757026007037111565e-03 5.286960311539649904e-02
4.000000000000000000e+00 1.742022199999999910e-01 3.740422480342544403e-02 -2.399835568693628809e-02 4.014303913986411176e-02 2.379655476742486772e-02 -8.757026007037111565e-03 5.286960311539649904e-02
4.000000000000000000e+00 1.865797299999999992e-01 4.238949923809941928e-02 -2.587264527940510289e-02 4.071808586783841333e-02 2.489786373073172437e-02 -9.444901491482034228e-03 5.358780151198835190e-02
4.000000000000000000e+00 1.865797299999999992e-01 4.238949923809941928e-02 -2.587264527940510289e-02 4.071808586783841333e-02 2.489786373073172437e-02 -9.444901491482034228e-03 5.358780151198835190e-02
4.000000000000000000e+00 1.989572500000000022e-01 4.737126102049871168e-02 -2.774007439526440452e-02 4.132693635637996188e-02 2.593510043023749753e-02 -1.014007257830197399e-02 5.431399497005453408e-02
4.000000000000000000e+00 1.989572500000000022e-01 4.737126102049871168e-02 -2.774007439526440452e-02 4.132693635637996188e-02 2.593510043023749753e-02 -1.014007257830197399e-02 5.431399497005453408e-02
4.000000000000000000e+00 2.113347700000000051e-01 5.233114412643048025e-02 -2.959481887644551529e-02 4.199371514734939748e-02 2.691857741239641125e-02 -1.083933218072254470e-02 5.506409362303139876e-02
4.000000000000000000e+00 2.113347700000000051e-01 5.233114412643048025e-02 -2.959481887644551529e-02 4.199371514734939748e-02 2.691857741239641125e-02 -1.083933218072254470e-02 5.506409362303139876e-02
4.000000000000000000e+00 2.237122800000000133e-01 5.727272092032376083e-02 -3.143504256077581105e-02 4.269205776705172622e-02 2.785090913033198487e-02 -1.153343354759570408e-02 5.582188439526395568e-02
4.000000000000000000e+00 2.237122800000000133e-01 5.727272092032376083e-02 -3.143504256077581105e-02 4.269205776705172622e-02 2.785090913033198487e-02 -1.153343354759570408e-02 5.582188439526395568e-02
4.000000000000000000e+00 2.360897999999999886e-01 6.229937995239885618e-02 -3.325177790535682743e-02 4.342425267631608993e-02 2.873540511981815052e-02 -1.222084393157540916e-02 5.660232928947774717e-02
4.000000000000000000e+00 2.360897999999999886e-01 6.229937995239885618e-02 -3.325177790535682743e-02 4.342425267631608993e-02 2.873540511981815052e-02 -1.222084393157540916e-02 5.660232928947774717e-02
4.000000000000000000e+00 2.546560500000000227e-01 7.009545860563917707e-02 -3.594566931019049782e-02 4.459250740486046805e-02 2.997846736841878329e-02 -1.323296800223480729e-02 5.781050421644658155e-02
4.000000000000000000e+00 2.546560500000000227e-01 7.009545860563917707e-02 -3.594566931019049782e-02 4.459250740486046805e-02 2.997846736841878329e-02 -1.323296800223480729e-02 5.781050421644658155e-02
4.000000000000000000e+00 2.670335799999999926e-01 7.547242326230570175e-02 -3.772325483721575973e-02 4.542225992334801565e-02 3.075856733231634860e-02 -1.388952430650146341e-02 5.863738079982663831e-02
4.000000000000000000e+00 2.670335799999999926e-01 7.547242326230570175e-02 -3.772325483721575973e-02 4.542225992334801565e-02 3.075856733231634860e-02 -1.388952430650146341e-02 5.863738079982663831e-02
4.000000000000000000e+00 2.855998599999999832e-01 8.375590404093036234e-02 -4.035100746656168635e-02 4.668732003481797233e-02 3.185318796443657730e-02 -1.484489080034527737e-02 5.987414361095203669e-02
4.000000000000000000e+00 2.855998599999999832e-01 8.375590404093036234e-02 -4.035100746656168635e-02 4.668732003481797233e-02 3.185318796443657730e-02 -1.484489080034527737e-02 5.987414361095203669e-02
4.000000000000000000e+00 3.041661099999999895e-01 9.229725674228182741e-02 -4.293076715925252251e-02 4.795592661970861370e-02 3.285982095090493604e-02 -1.576376527692152293e-02 6.111405055678557907e-02
4.000000000000000000e+00 3.041661099999999895e-01 9.229725674228182741e-02 -4.293076715925252251e-02 4.795592661970861370e-02 3.285982095090493604e-02 -1.576376527692152293e-02 6.111405055678557907e-02
4.000000000000000000e+00 3.227323899999999801e-01 1.010830183794435566e-01 -4.546142010413151135e-02 4.923717684968783453e-02 3.377957274741524851e-02 -1.665012915695415416e-02 6.235621131738539047e-02
4.000000000000000000e+00 3.227323899999999801e-01 1.010830183794435566e-01 -4.546142010413151135e-02 4.923717684968783453e-02 3.377957274741524851e-02 -1.665012915695415416e-02 6.235621131738539047e-02
4.000000000000000000e+00 3.412986700000000262e-01 1.100673453974891774e-01 -4.793627193265939668e-02 5.055390673893142561e-02 3.462745250689203830e-02 -1.750904695795868146e-02 6.361628326743137829e-02
4.000000000000000000e+00 3.412986700000000262e-01 1.100673453974891774e-01 -4.793627193265939668e-02 5.055390673893142561e-02 3.462745250689203830e-02 -1.750904695795868146e-02 6.361628326743137829e-02
4.000000000000000000e+00 3.660536999999999819e-01 1.224023175989179257e-01 -5.113968247891481633e-02 5.232788619147538123e-02 3.563829509418961483e-02 -1.860240472259543087e-02 6.530805674273199024e-02
4.000000000000000000e+00 3.660536999999999819e-01 1.224023175989179257e-01 -5.113968247891481633e-02 5.232788619147538123e-02 3.563829509418961483e-02 -1.860240472259543087e-02 6.530805674273199024e-02
4.000000000000000000e+00 3.846199499999999882e-01 1.320640289666223377e-01 -5.344298467377203016e-02 5.367556578112467336e-02 3.631159658828734399e-02 -1.939059229935531647e-02 6.654798977011557037e-02
4.000000000000000000e+00 3.846199499999999882e-01 1.320640289666223377e-01 -5.344298467377203016e-02 5.367556578112467336e-02 3.631159658828734399e-02 -1.939059229935531647e-02 6.654798977011557037e-02
4.000000000000000000e+00 4.093749799999999994e-01 1.454476404516035770e-01 -5.641613131091826466e-02 5.553302524956352237e-02 3.711875149489074488e-02 -2.042551702296391963e-02 6.819400921864995913e-02
4.000000000000000000e+00 4.093749799999999994e-01 1.454476404516035770e-01 -5.641613131091826466e-02 5.553302524956352237e-02 3.711875149489074488e-02 -2.042551702296391963e-02 6.819400921864995913e-02
4.000000000000000000e+00 4.341300100000000106e-01 1.593679023990898502e-01 -5.929658154150968530e-02 5.742077134041678743e-02 3.783062091606472638e-02 -2.143248158829023226e-02 6.987921128421409334e-02
4.000000000000000000e+00 4.341300100000000106e-01 1.593679023990898502e-01 -5.929658154150968530e-02 5.742077134041678743e-02 3.783062091606472638e-02 -2.143248158829023226e-02 6.987921128421409334e-02
4.000000000000000000e+00 4.650737899999999869e-01 1.777266090223194039e-01 -6.275550975776304774e-02 5.991879817132698266e-02 3.863660980820091129e-02 -2.262185312601677073e-02 7.207170100106410904e-02
4.000000000000000000e+00 4.650737899999999869e-01 1.777266090223194039e-01 -6.275550975776304774e-02 5.991879817132698266e-02 3.863660980820091129e-02 -2.262185312601677073e-02 7.207170100106410904e-02
4.000000000000000000e+00 4.898288299999999929e-01 1.930146845036140313e-01 -6.547632866586992895e-02 6.195453592799600451e-02 3.919032225212173981e-02 -2.351064065128678077e-02 7.374063165083863391e-02
4.000000000000000000e+00 4.898288299999999929e-01 1.930146845036140313e-01 -6.547632866586992895e-02 6.195453592799600451e-02 3.919032225212173981e-02 -2.351064065128678077e-02 7.374063165083863391e-02
4.000000000000000000e+00 5.207726400000000089e-01 2.130414871449426428e-01 -6.884393137437817833e-02 6.430882245225308380e-02 3.975038235381669199e-02 -2.452231396275320746e-02 7.557696871041991171e-02
4.000000000000000000e+00 5.207726400000000089e-01 2.130414871449426428e-01 -6.884393137437817833e-02 6.430882245225308380e-02 3.975038235381669199e-02 -2.452231396275320746e-02 7.557696871041991171e-02
4.000000000000000000e+00 5.517163899999999455e-01 2.339703310462480923e-01 -7.206862447733639043e-02 6.653285789321293497e-02 4.015195374182425198e-02 -2.540202073470149494e-02 7.716978353687048431e-02
4.000000000000000000e+00 5.517163899999999455e-01 2.339703310462480923e-01 -7.206862447733639043e-02 6.653285789321293497e-02 4.015195374182425198e-02 -2.540202073470149494e-02 7.716978353687048431e-02
4.000000000000000000e+00 5.888489500000000376e-01 2.594975839485264557e-01 -7.569786174109290056e-02 6.886238614172024430e-02 4.063527660027159427e-02 -2.633795704063375889e-02 7.883859432009282520e-02
4.000000000000000000e+00 5.888489500000000376e-01 2.594975839485264557e-01 -7.569786174109290056e-02 6.886238614172024430e-02 4.063527660027159427e-02 -2.633795704063375889e-02 7.883859432009282520e-02
4.000000000000000000e+00 6.259814500000000503e-01 2.857954203283035732e-01 -7.886733114207407358e-02 7.105680554430114648e-02 4.086855798977601789e-02 -2.710723876815488917e-02 8.020597695661657589e-02
4.000000000000000000e+00 6.259814500000000503e-01 2.857954203283035732e-01 -7.886733114207407358e-02 7.105680554430114648e-02 4.086855798977601789e-02 -2.710723876815488917e-02 8.020597695661657589e-02
4.000000000000000000e+00 6.631140100000000315e-01 3.130400767346595003e-01 -8.172683408492584234e-02 7.307134562220010676e-02 4.092542455062288947e-02 -2.778897618843036849e-02 8.131771531508824591e-02
4.000000000000000000e+00 6.631140100000000315e-01 3.130400767346595003e-01 -8.172683408492584234e-02 7.307134562220010676e-02 4.092542455062288947e-02 -2.778897618843036849e-02 8.131771531508824591e-02
4.000000000000000000e+00 7.064353199999999777e-01 3.460988976314630094e-01 -8.465583603835934168e-02 7.509790349099730589e-02 4.078151287137170983e-02 -2.838186729299094907e-02 8.226613694464317283e-02
4.000000000000000000e+00 7.064353199999999777e-01 3.460988976314630094e-01 -8.465583603835934168e-02 7.509790349099730589e-02 4.078151287137170983e-02 -2.838186729299094907e-02 8.226613694464317283e-02
4.000000000000000000e+00 7.497566300000000350e-01 3.800387051078358280e-01 -8.693801593677838446e-02 7.639659930574833890e-02 4.043493424581298679e-02 -2.872027641424064470e-02 8.268421141217134618e-02
4.000000000000000000e+00 7.497566300000000350e-01 3.800387051078358280e-01 -8.693801593677838446e-02 7.639659930574833890e-02 4.043493424581298679e-02 -2.872027641424064470e-02 8.268421141217134618e-02
4.000000000000000000e+00 7.930779500000000315e-01 4.141538773046326560e-01 -8.870011582872230904e-02 7.723107194673697884e-02 3.990577154230388890e-02 -2.876847049919745852e-02 8.257801081629803641e-02
4.000000000000000000e+00 7.930779500000000315e-01 4.141538773046326560e-01 -8.870011582872230904e-02 7.723107194673697884e-02 3.990577154230388890e-02 -2.876847049919745852e-02 8.257801081629803641e-02
4.000000000000000000e+00 8.425879499999999744e-01 4.536388831554699630e-01 -9.024263179156517822e-02 7.744017986520264352e-02 3.904486443841800186e-02 -2.846925330834293097e-02 8.165340864953395117e-02
4.000000000000000000e+00 8.425879499999999744e-01 4.536388831554699630e-01 -9.024263179156517822e-02 7.744017986520264352e-02 3.904486443841800186e-02 -2.846925330834293097e-02 8.165340864953395117e-02
4.000000000000000000e+00 8.920980099999999968e-01 4.930534962141636113e-01 -9.134353697826784468e-02 7.692434638334151586e-02 3.796558081166714199e-02 -2.782106771379791454e-02 8.009685574588654156e-02
4.000000000000000000e+00 8.920980099999999968e-01 4.930534962141636113e-01 -9.134353697826784468e-02 7.692434638334151586e-02 3.796558081166714199e-02 -2.782106771379791454e-02 8.009685574588654156e-02
4.000000000000000000e+00 9.477968199999999843e-01 5.366297947741655028e-01 -9.206961093174902133e-02 7.567884777345949832e-02 3.657970580822305501e-02 -2.680919321942791186e-02 7.790162420803044274e-02
4.000000000000000000e+00 9.477968199999999843e-01 5.366297947741655028e-01 -9.206961093174902133e-02 7.567884777345949832e-02 3.657970580822305501e-02 -2.680919321942791186e-02 7.790162420803044274e-02
4.000000000000000000e+00 1.003495699999999990e+00 5.790318303165271629e-01 -9.202322363624987345e-02 7.370108338163992856e-02 3.507149203387387171e-02 -2.555513739018900818e-02 7.509693466462871725e-02
4.000000000000000000e+00 1.003495699999999990e+00 5.790318303165271629e-01 -9.202322363624987345e-02 7.370108338163992856e-02 3.507149203387387171e-02 -2.555513739018900818e-02 7.509693466462871725e-02
4.000000000000000000e+00 1.065383200000000086e+00 6.243386297552443454e-01 -9.105461821395838262e-02 7.076758869594816648e-02 3.334169072755945734e-02 -2.394516007793074178e-02 7.151188674288065650e-02
4.000000000000000000e+00 1.065383200000000086e+00 6.243386297552443454e-01 -9.105461821395838262e-02 7.076758869594816648e-02 3.334169072755945734e-02 -2.394516007793074178e-02 7.151188674288065650e-02
4.000000000000000000e+00 1.133459599999999901e+00 6.718917115899747383e-01 -8.903746142199837899e-02 6.605993725511695447e-02 3.099196635321285753e-02 -2.172344429506885971e-02 6.649464868768359405e-02
4.000000000000000000e+00 1.133459599999999901e+00 6.718917115899747383e-01 -8.903746142199837899e-02 6.605993725511695447e-02 3.099196635321285753e-02 -2.172344429506885971e-02 6.649464868768359405e-02
4.000000000000000000e+00 1.201535800000000043e+00 7.165831797610803244e-01 -8.621326207232452021e-02 6.068939145772469373e-02 2.861147639244262728e-02 -1.942083497224901187e-02 6.112991444593299240e-02
4.000000000000000000e+00 1.201535800000000043e+00 7.165831797610803244e-01 -8.621326207232452021e-02 6.068939145772469373e-02 2.861147639244262728e-02 -1.942083497224901187e-02 6.112991444593299240e-02
4.000000000000000000e+00 1.269612200000000080e+00 7.558423317180488210e-01 -8.289254412941560179e-02 5.470308600864919740e-02 2.640916196724499634e-02 -1.725086733110359899e-02 5.551456232147641834e-02
4.000000000000000000e+00 1.269612200000000080e+00 7.558423317180488210e-01 -8.289254412941560179e-02 5.470308600864919740e-02 2.640916196724499634e-02 -1.725086733110359899e-02 5.551456232147641834e-02
4.000000000000000000e+00 1.350066100000000047e+00 7.953764349792553645e-01 -7.840779945026667141e-02 4.805487506435239531e-02 2.393714976014461177e-02 -1.475973416761589170e-02 4.932067663435456273e-02
4.000000000000000000e+00 1.350066100000000047e+00 7.953764349792553645e-01 -7.840779945026667141e-02 4.805487506435239531e-02 2.393714976014461177e-02 -1.475973416761589170e-02 4.932067663435456273e-02
