6.000000000000000000e+00 9.170261299999999532e-04 0.000000000000000000e+00 5.404096543980313645e-03 2.672476695425753920e-05 2.112208424504064463e-04 6.090405508424220600e-08 -1.224075117116018005e-06 2.373899008119301625e-04
6.000000000000000000e+00 9.170261299999999532e-04 0.000000000000000000e+00 5.404096543980313645e-03 2.672476695425753920e-05 2.112208424504064463e-04 6.090405508424220600e-08 -1.224075117116018005e-06 2.373899008119301625e-04
6.000000000000000000e+00 9.170261299999999532e-04 0.000000000000000000e+00 5.404096543980313645e-03 2.672476695425753920e-05 2.112208424504064463e-04 6.090405508424220600e-08 -1.224075117116018005e-06 2.373899008119301625e-04
6.000000000000000000e+00 9.170261299999999532e-04 0.000000000000000000e+00 5.404096543980313645e-03 2.672476695425753920e-05 2.112208424504064463e-04 6.090405508424220600e-08 -1.224075117116018005e-06 2.373899008119301625e-04
6.000000000000000000e+00 9.170261299999999532e-04 0.000000000000000000e+00 5.404096543980313645e-03 2.672476695425753920e-05 2.112208424504064463e-04 6.090405508424220600e-08 -1.224075117116018005e-06 2.373899008119301625e-04
6.000000000000000000e+00 9.170261299999999532e-04 0.000000000000000000e+00 5.404096543980313645e-03 2.672476695425753920e-05 2.112208424504064463e-04 6.090405508424220600e-08 -1.224075117116018005e-06 2.373899008119301625e-04
6.000000000000000000e+00 9.170261299999999532e-04 0.000000000000000000e+00 5.404096543980313645e-03 2.672476695425753920e-05 2.112208424504064463e-04 6.090405508424220600e-08 -1.224075117116018005e-06 2.373899008119301625e-04
6.000000000000000000e+00 9.170261299999999532e-04 0.000000000000000000e+00 5.404096543980313645e-03 2.672476695425753920e-05 2.112208424504064463e-04 6.090405508424220600e-08 -1.224075117116018005e-06 2.373899008119301625e-04
6.000000000000000000e+00 9.170261299999999532e-04 0.000000000000000000e+00 5.404096543980313645e-03 2.672476695425753920e-05 2.112208424504064463e-04 6.090405508424220600e-08 -1.224075117116018005e-06 2.373899008119301625e-04
6.000000000000000000e+00 9.170261299999999532e-04 0.000000000000000000e+00 5.404096543980313645e-03 2.672476695425753920e-05 2.112208424504064463e-04 6.090405508424220600e-08 -1.224075117116018005e-06 2.373899008119301625e-04
6.000000000000000000e+00 7.105783099999999665e-03 0.000000000000000000e+00 4.523247483428122218e-02 -4.788251344056871556e-06 7.614728071516910744e-03 5.121928578119557500e-05 -1.026400789377582192e-04 7.725940094177032209e-03
6.000000000000000000e+00 7.105783099999999665e-03 0.000000000000000000e+00 4.523247483428122218e-02 -4.788251344056871556e-06 7.614728071516910744e-03 5.121928578119557500e-05 -1.026400789377582192e-04 7.725940094177032209e-03
6.000000000000000000e+00 7.105783099999999665e-03 0.000000000000000000e+00 4.523247483428122218e-02 -4.788251344056871556e-06 7.614728071516910744e-03 5.121928578119557500e-05 -1.026400789377582192e-04 7.725940094177032209e-03
6.000000000000000000e+00 7.105783099999999665e-03 0.000000000000000000e+00 4.523247483428122218e-02 -4.788251344056871556e-06 7.614728071516910744e-03 5.121928578119557500e-05 -1.026400789377582192e-04 7.725940094177032209e-03
6.000000000000000000e+00 7.105783099999999665e-03 0.000000000000000000e+00 4.523247483428122218e-02 -4.788251344056871556e-06 7.614728071516910744e-03 5.121928578119557500e-05 -1.026400789377582192e-04 7.725940094177032209e-03
6.000000000000000000e+00 7.105783099999999665e-03 0.000000000000000000e+00 4.523247483428122218e-02 -4.788251344056871556e-06 7.614728071516910744e-03 5.121928578119557500e-05 -1.026400789377582192e-04 7.725940094177032209e-03
6.000000000000000000e+00 7.105783099999999665e-03 0.000000000000000000e+00 4.523247483428122218e-02 -4.788251344056871556e-06 7.614728071516910744e-03 5.121928578119557500e-05 -1.026400789377582192e-04 7.725940094177032209e-03
6.000000000000000000e+00 7.105783099999999665e-03 0.000000000000000000e+00 4.523247483428122218e-02 -4.788251344056871556e-06 7.614728071516910744e-03 5.121928578119557500e-05 -1.026400789377582192e-04 7.725940094177032209e-03
6.000000000000000000e+00 7.105783099999999665e-03 0.000000000000000000e+00 4.523247483428122218e-02 -4.788251344056871556e-06 7.614728071516910744e-03 5.121928578119557500e-05 -1.026400789377582192e-04 7.725940094177032209e-03
6.000000000000000000e+00 7.105783099999999665e-03 0.000000000000000000e+00 4.523247483428122218e-02 -4.788251344056871556e-06 7.614728071516910744e-03 5.121928578119557500e-05 -1.026400789377582192e-04 7.725940094177032209e-03
6.000000000000000000e+00 1.329454000000000052e-02 0.000000000000000000e+00 8.059216836026195097e-02 -3.269631840168248153e-05 1.639957676318018823e-02 3.206319372635915406e-04 -3.478780424307709521e-04 1.616021757300645234e-02
6.000000000000000000e+00 1.329454000000000052e-02 0.000000000000000000e+00 8.059216836026195097e-02 -3.269631840168248153e-05 1.639957676318018823e-02 3.206319372635915406e-04 -3.478780424307709521e-04 1.616021757300645234e-02
6.000000000000000000e+00 1.329454000000000052e-02 0.000000000000000000e+00 8.059216836026195097e-02 -3.269631840168248153e-05 1.639957676318018823e-02 3.206319372635915406e-04 -3.478780424307709521e-04 1.616021757300645234e-02
6.000000000000000000e+00 1.329454000000000052e-02 0.000000000000000000e+00 8.059216836026195097e-02 -3.269631840168248153e-05 1.639957676318018823e-02 3.206319372635915406e-04 -3.478780424307709521e-04 1.616021757300645234e-02
6.000000000000000000e+00 5.207726400000000089e-01 0.000000000000000000e+00 3.535392299010825523e-01 -2.099490554652301555e-02 4.906345176825700760e-02 2.951820947483521293e-02 -1.622939867095799307e-02 5.666127816455950039e-02
6.000000000000000000e+00 5.207726400000000089e-01 0.000000000000000000e+00 3.535392299010825523e-01 -2.099490554652301555e-02 4.906345176825700760e-02 2.951820947483521293e-02 -1.622939867095799307e-02 5.666127816455950039e-02
6.000000000000000000e+00 5.517163899999999455e-01 0.000000000000000000e+00 3.654406080931204559e-01 -2.214609282121568490e-02 5.034737670824816075e-02 3.002327311761241249e-02 -1.698813034040558972e-02 5.773988373907992105e-02
6.000000000000000000e+00 5.517163899999999455e-01 0.000000000000000000e+00 3.654406080931204559e-01 -2.214609282121568490e-02 5.034737670824816075e-02 3.002327311761241249e-02 -1.698813034040558972e-02 5.773988373907992105e-02
6.000000000000000000e+00 5.888489500000000376e-01 0.000000000000000000e+00 3.795786208059303557e-01 -2.337894034741223870e-02 5.177093303330360108e-02 3.048452736431622040e-02 -1.770418699211002977e-02 5.882657696568675820e-02
6.000000000000000000e+00 5.888489500000000376e-01 0.000000000000000000e+00 3.795786208059303557e-01 -2.337894034741223870e-02 5.177093303330360108e-02 3.048452736431622040e-02 -1.770418699211002977e-02 5.882657696568675820e-02
6.000000000000000000e+00 6.259814500000000503e-01 0.000000000000000000e+00 3.945314585584359657e-01 -2.443508244727210510e-02 5.323666333609626544e-02 3.080820105932699504e-02 -1.843622140801129405e-02 5.989590286722383528e-02
6.000000000000000000e+00 6.259814500000000503e-01 0.000000000000000000e+00 3.945314585584359657e-01 -2.443508244727210510e-02 5.323666333609626544e-02 3.080820105932699504e-02 -1.843622140801129405e-02 5.989590286722383528e-02
6.000000000000000000e+00 6.631140100000000315e-01 0.000000000000000000e+00 4.098607892550842902e-01 -2.535317089995831399e-02 5.442893874123350129e-02 3.103098645363099387e-02 -1.903708091064061983e-02 6.072571498471179136e-02
6.000000000000000000e+00 6.631140100000000315e-01 0.000000000000000000e+00 4.098607892550842902e-01 -2.535317089995831399e-02 5.442893874123350129e-02 3.103098645363099387e-02 -1.903708091064061983e-02 6.072571498471179136e-02
6.000000000000000000e+00 7.064353199999999777e-01 0.000000000000000000e+00 4.283013927976422885e-01 -2.628526086506537129e-02 5.567309252251998603e-02 3.115720301544423407e-02 -1.955802177106086628e-02 6.143216040071727835e-02
6.000000000000000000e+00 7.064353199999999777e-01 0.000000000000000000e+00 4.283013927976422885e-01 -2.628526086506537129e-02 5.567309252251998603e-02 3.115720301544423407e-02 -1.955802177106086628e-02 6.143216040071727835e-02
6.000000000000000000e+00 7.497566300000000350e-01 0.000000000000000000e+00 4.472300391455157897e-01 -2.706015103381374104e-02 5.685041461501517263e-02 3.111214751154868161e-02 -1.997587640069072717e-02 6.192188333360192087e-02
6.000000000000000000e+00 7.497566300000000350e-01 0.000000000000000000e+00 4.472300391455157897e-01 -2.706015103381374104e-02 5.685041461501517263e-02 3.111214751154868161e-02 -1.997587640069072717e-02 6.192188333360192087e-02
6.000000000000000000e+00 7.930779500000000315e-01 0.000000000000000000e+00 4.663311559826114894e-01 -2.768349467249220722e-02 5.778305613568267274e-02 3.091793877361678419e-02 -2.033012922238175077e-02 6.215574221388140558e-02
6.000000000000000000e+00 7.930779500000000315e-01 0.000000000000000000e+00 4.663311559826114894e-01 -2.768349467249220722e-02 5.778305613568267274e-02 3.091793877361678419e-02 -2.033012922238175077e-02 6.215574221388140558e-02
6.000000000000000000e+00 8.425879499999999744e-01 0.000000000000000000e+00 4.883844564083394957e-01 -2.816272155015382347e-02 5.852772670248341386e-02 3.063907472471398552e-02 -2.061283961584332858e-02 6.220788508512801324e-02
6.000000000000000000e+00 8.425879499999999744e-01 0.000000000000000000e+00 4.883844564083394957e-01 -2.816272155015382347e-02 5.852772670248341386e-02 3.063907472471398552e-02 -2.061283961584332858e-02 6.220788508512801324e-02
6.000000000000000000e+00 8.920980099999999968e-01 0.000000000000000000e+00 5.109576584839968794e-01 -2.835056185901461620e-02 5.892466754064095563e-02 3.023981861587896058e-02 -2.070954068952434238e-02 6.199626996643912979e-02
6.000000000000000000e+00 8.920980099999999968e-01 0.000000000000000000e+00 5.109576584839968794e-01 -2.835056185901461620e-02 5.892466754064095563e-02 3.023981861587896058e-02 -2.070954068952434238e-02 6.199626996643912979e-02
6.000000000000000000e+00 9.477968199999999843e-01 0.000000000000000000e+00 5.361313216592661357e-01 -2.822223307036261092e-02 5.904240534106423854e-02 2.960667202024029609e-02 -2.062487230833429455e-02 6.145791711033901650e-02
6.000000000000000000e+00 9.477968199999999843e-01 0.000000000000000000e+00 5.361313216592661357e-01 -2.822223307036261092e-02 5.904240534106423854e-02 2.960667202024029609e-02 -2.062487230833429455e-02 6.145791711033901650e-02
6.000000000000000000e+00 1.003495699999999990e+00 0.000000000000000000e+00 5.619820985646248879e-01 -2.798973947291396105e-02 5.898958811959670312e-02 2.883224737488707459e-02 -2.030873477809670008e-02 6.062455461490717790e-02
6.000000000000000000e+00 1.269612200000000080e+00 0.000000000000000000e+00 6.815339358514496126e-01 -2.265187336338509230e-02 5.256663983928860223e-02 2.405253040823484775e-02 -1.688908588512936029e-02 5.241665961937613111e-02
6.000000000000000000e+00 1.269612200000000080e+00 0.000000000000000000e+00 6.815339358514496126e-01 -2.265187336338509230e-02 5.256663983928860223e-02 2.405253040823484775e-02 -1.688908588512936029e-02 5.241665961937613111e-02
6.000000000000000000e+00 1.350066100000000047e+00 0.000000000000000000e+00 7.156547450768570018e-01 -2.051442217391128212e-02 4.960736508634154551e-02 2.258085957081487627e-02 -1.553436591681765268e-02 4.922085867573797180e-02
6.000000000000000000e+00 1.350066100000000047e+00 0.000000000000000000e+00 7.156547450768570018e-01 -2.051442217391128212e-02 4.960736508634154551e-02 2.258085957081487627e-02 -1.553436591681765268e-02 4.922085867573797180e-02
6.000000000000000000e+00 1.430519899999999955e+00 0.000000000000000000e+00 7.460458735244805961e-01 -1.819291821929561181e-02 4.630536379633796995e-02 2.117922405570433694e-02 -1.418305343210030448e-02 4.585444714137728445e-02
6.000000000000000000e+00 1.430519899999999955e+00 0.000000000000000000e+00 7.460458735244805961e-01 -1.819291821929561181e-02 4.630536379633796995e-02 2.117922405570433694e-02 -1.418305343210030448e-02 4.585444714137728445e-02
6.000000000000000000e+00 1.517162399999999911e+00 0.000000000000000000e+00 7.771273109935565859e-01 -1.567339832307971734e-02 4.236750492686369718e-02 1.974233682786269081e-02 -1.273188717963234275e-02 4.222860359722127588e-02
6.000000000000000000e+00 1.517162399999999911e+00 0.000000000000000000e+00 7.771273109935565859e-01 -1.567339832307971734e-02 4.236750492686369718e-02 1.974233682786269081e-02 -1.273188717963234275e-02 4.222860359722127588e-02
6.000000000000000000e+00 1.603805099999999983e+00 0.000000000000000000e+00 8.046958549825772300e-01 -1.336205571786727546e-02 3.860583381228396838e-02 1.827290780676465998e-02 -1.136917101899450472e-02 3.853868915590667743e-02
6.000000000000000000e+00 1.603805099999999983e+00 0.000000000000000000e+00 8.046958549825772300e-01 -1.336205571786727546e-02 3.860583381228396838e-02 1.827290780676465998e-02 -1.136917101899450472e-02 3.853868915590667743e-02
6.000000000000000000e+00 1.684258899999999892e+00 0.000000000000000000e+00 8.280453572970040144e-01 -1.136699969381343989e-02 3.506609225729786367e-02 1.692130480789668864e-02 -1.015552845221337833e-02 3.511667786386601237e-02
6.000000000000000000e+00 1.684258899999999892e+00 0.000000000000000000e+00 8.280453572970040144e-01 -1.136699969381343989e-02 3.506609225729786367e-02 1.692130480789668864e-02 -1.015552845221337833e-02 3.511667786386601237e-02
6.000000000000000000e+00 1.764712800000000081e+00 0.000000000000000000e+00 8.490425323288938175e-01 -9.580021927639488857e-03 3.194798191964962758e-02 1.560214086272417207e-02 -9.025430433667372063e-03 3.205658904381280400e-02
6.000000000000000000e+00 1.764712800000000081e+00 0.000000000000000000e+00 8.490425323288938175e-01 -9.580021927639488857e-03 3.194798191964962758e-02 1.560214086272417207e-02 -9.025430433667372063e-03 3.205658904381280400e-02
6.000000000000000000e+00 1.838977800000000107e+00 0.000000000000000000e+00 8.652718037202644652e-01 -8.204560030194986767e-03 2.957434064742830993e-02 1.449019201685391132e-02 -8.155468077132131330e-03 2.966427474784965809e-02
6.000000000000000000e+00 1.838977800000000107e+00 0.000000000000000000e+00 8.652718037202644652e-01 -8.204560030194986767e-03 2.957434064742830993e-02 1.449019201685391132e-02 -8.155468077132131330e-03 2.966427474784965809e-02
6.000000000000000000e+00 1.907054199999999922e+00 0.000000000000000000e+00 8.795679835432341775e-01 -7.067547909695427906e-03 2.743099959450881475e-02 1.353032681403092650e-02 -7.339109038538670429e-03 2.752131366742992247e-02
6.000000000000000000e+00 1.907054199999999922e+00 0.000000000000000000e+00 8.795679835432341775e-01 -7.067547909695427906e-03 2.743099959450881475e-02 1.353032681403092650e-02 -7.339109038538670429e-03 2.752131366742992247e-02
6.000000000000000000e+00 1.968941700000000017e+00 0.000000000000000000e+00 8.914856334213715483e-01 -6.086109518722851268e-03 2.554738303883390127e-02 1.271750858172195076e-02 -6.609296782659981710e-03 2.569455251202041116e-02
6.000000000000000000e+00 1.968941700000000017e+00 0.000000000000000000e+00 8.914856334213715483e-01 -6.086109518722851268e-03 2.554738303883390127e-02 1.271750858172195076e-02 -6.609296782659981710e-03 2.569455251202041116e-02
6.000000000000000000e+00 2.030829199999999890e+00 0.000000000000000000e+00 9.020067467718871912e-01 -5.236917062178489575e-03 2.389218262466523066e-02 1.196313825670634878e-02 -6.002002774303244990e-03 2.406965732325724860e-02
6.000000000000000000e+00 2.030829199999999890e+00 0.000000000000000000e+00 9.020067467718871912e-01 -5.236917062178489575e-03 2.389218262466523066e-02 1.196313825670634878e-02 -6.002002774303244990e-03 2.406965732325724860e-02
6.000000000000000000e+00 2.086528100000000219e+00 0.000000000000000000e+00 9.107507525426311590e-01 -4.559461072070375605e-03 2.243277145563064845e-02 1.130998278552084076e-02 -5.457785057876379624e-03 2.268707847162119637e-02
6.000000000000000000e+00 2.086528100000000219e+00 0.000000000000000000e+00 9.107507525426311590e-01 -4.559461072070375605e-03 2.243277145563064845e-02 1.130998278552084076e-02 -5.457785057876379624e-03 2.268707847162119637e-02
6.000000000000000000e+00 2.142226899999999823e+00 0.000000000000000000e+00 9.191158365356996152e-01 -3.933672236239336290e-03 2.098935741963329354e-02 1.065680145806154229e-02 -4.879758576864355428e-03 2.133321657940784322e-02
6.000000000000000000e+00 2.142226899999999823e+00 0.000000000000000000e+00 9.191158365356996152e-01 -3.933672236239336290e-03 2.098935741963329354e-02 1.065680145806154229e-02 -4.879758576864355428e-03 2.133321657940784322e-02
6.000000000000000000e+00 2.191736899999999988e+00 0.000000000000000000e+00 9.259772848585121618e-01 -3.446039886575512357e-03 1.980276677259910564e-02 1.010273623911083635e-02 -4.398902777554840500e-03 2.021162664335478254e-02
6.000000000000000000e+00 2.191736899999999988e+00 0.000000000000000000e+00 9.259772848585121618e-01 -3.446039886575512357e-03 1.980276677259910564e-02 1.010273623911083635e-02 -4.398902777554840500e-03 2.021162664335478254e-02
6.000000000000000000e+00 2.241246900000000153e+00 0.000000000000000000e+00 9.320809198152523178e-01 -2.993911361340232617e-03 1.873191901330296949e-02 9.595781015681726159e-03 -3.962461238536976217e-03 1.920772420404874212e-02
6.000000000000000000e+00 2.241246900000000153e+00 0.000000000000000000e+00 9.320809198152523178e-01 -2.993911361340232617e-03 1.873191901330296949e-02 9.595781015681726159e-03 -3.962461238536976217e-03 1.920772420404874212e-02
6.000000000000000000e+00 2.290757199999999827e+00 0.000000000000000000e+00 9.375224134823596511e-01 -2.582004602139764855e-03 1.775815299157062696e-02 9.110742974531578497e-03 -3.542299902818180080e-03 1.829772406662526565e-02
6.000000000000000000e+00 2.290757199999999827e+00 0.000000000000000000e+00 9.375224134823596511e-01 -2.582004602139764855e-03 1.775815299157062696e-02 9.110742974531578497e-03 -3.542299902818180080e-03 1.829772406662526565e-02
6.000000000000000000e+00 2.334078299999999828e+00 0.000000000000000000e+00 9.416943778141655397e-01 -2.253445187461960639e-03 1.696312076934835752e-02 8.686878835583892317e-03 -3.177705321766714254e-03 1.756410880001828614e-02
6.000000000000000000e+00 2.334078299999999828e+00 0.000000000000000000e+00 9.416943778141655397e-01 -2.253445187461960639e-03 1.696312076934835752e-02 8.686878835583892317e-03 -3.177705321766714254e-03 1.756410880001828614e-02
6.000000000000000000e+00 2.371211100000000016e+00 0.000000000000000000e+00 9.446278247415266227e-01 -1.990832073322422891e-03 1.631246983988882820e-02 8.306456235769149252e-03 -2.837620940372386196e-03 1.694795596982294136e-02
6.000000000000000000e+00 2.371211100000000016e+00 0.000000000000000000e+00 9.446278247415266227e-01 -1.990832073322422891e-03 1.631246983988882820e-02 8.306456235769149252e-03 -2.837620940372386196e-03 1.694795596982294136e-02
6.000000000000000000e+00 2.408343599999999807e+00 0.000000000000000000e+00 9.470074200445699475e-01 -1.746267456515898566e-03 1.568149885086796494e-02 7.923955560865499764e-03 -2.502752980525835454e-03 1.633972974308144782e-02
6.000000000000000000e+00 2.408343599999999807e+00 0.000000000000000000e+00 9.470074200445699475e-01 -1.746267456515898566e-03 1.568149885086796494e-02 7.923955560865499764e-03 -2.502752980525835454e-03 1.633972974308144782e-02
6.000000000000000000e+00 2.445476100000000041e+00 0.000000000000000000e+00 9.487518088434871988e-01 -1.498052234896966829e-03 1.508077726504881630e-02 7.546691698684548921e-03 -2.169031258304824662e-03 1.577062468613920493e-02
6.000000000000000000e+00 2.445476100000000041e+00 0.000000000000000000e+00 9.487518088434871988e-01 -1.498052234896966829e-03 1.508077726504881630e-02 7.546691698684548921e-03 -2.169031258304824662e-03 1.577062468613920493e-02
6.000000000000000000e+00 2.482608599999999832e+00 0.000000000000000000e+00 9.498215326932794023e-01 -1.270451320179166515e-03 1.455753706127970414e-02 7.172956643569872170e-03 -1.846913954608409188e-03 1.526876298910017325e-02
6.000000000000000000e+00 2.482608599999999832e+00 0.000000000000000000e+00 9.498215326932794023e-01 -1.270451320179166515e-03 1.455753706127970414e-02 7.172956643569872170e-03 -1.846913954608409188e-03 1.526876298910017325e-02
6.000000000000000000e+00 2.482608599999999832e+00 0.000000000000000000e+00 9.498215326932794023e-01 -1.270451320179166515e-03 1.455753706127970414e-02 7.172956643569872170e-03 -1.846913954608409188e-03 1.526876298910017325e-02
6.000000000000000000e+00 2.513552400000000020e+00 0.000000000000000000e+00 9.501534102234361345e-01 -1.084507604479991415e-03 1.417752574354096823e-02 6.877628410263403325e-03 -1.593883372373001506e-03 1.489448952109503725e-02
6.000000000000000000e+00 2.513552400000000020e+00 0.000000000000000000e+00 9.501534102234361345e-01 -1.084507604479991415e-03 1.417752574354096823e-02 6.877628410263403325e-03 -1.593883372373001506e-03 1.489448952109503725e-02
6.000000000000000000e+00 2.513552400000000020e+00 0.000000000000000000e+00 9.501534102234361345e-01 -1.084507604479991415e-03 1.417752574354096823e-02 6.877628410263403325e-03 -1.593883372373001506e-03 1.489448952109503725e-02
6.000000000000000000e+00 2.544496099999999927e+00 0.000000000000000000e+00 9.499858608925917380e-01 -8.949773543939221199e-04 1.382905110619617704e-02 6.591741090582407814e-03 -1.335118674751568360e-03 1.455044704843588659e-02
6.000000000000000000e+00 2.544496099999999927e+00 0.000000000000000000e+00 9.499858608925917380e-01 -8.949773543939221199e-04 1.382905110619617704e-02 6.591741090582407814e-03 -1.335118674751568360e-03 1.455044704843588659e-02
6.000000000000000000e+00 2.544496099999999927e+00 0.000000000000000000e+00 9.499858608925917380e-01 -8.949773543939221199e-04 1.382905110619617704e-02 6.591741090582407814e-03 -1.335118674751568360e-03 1.455044704843588659e-02
6.000000000000000000e+00 2.575439900000000115e+00 0.000000000000000000e+00 9.491482388467560316e-01 -7.068298539076075648e-04 1.352652934215234533e-02 6.314665807983389084e-03 -1.075795295367873222e-03 1.424902984218395091e-02
6.000000000000000000e+00 2.575439900000000115e+00 0.000000000000000000e+00 9.491482388467560316e-01 -7.068298539076075648e-04 1.352652934215234533e-02 6.314665807983389084e-03 -1.075795295367873222e-03 1.424902984218395091e-02
6.000000000000000000e+00 2.575439900000000115e+00 0.000000000000000000e+00 9.491482388467560316e-01 -7.068298539076075648e-04 1.352652934215234533e-02 6.314665807983389084e-03 -1.075795295367873222e-03 1.424902984218395091e-02
6.000000000000000000e+00 2.600194899999999976e+00 0.000000000000000000e+00 9.479647892755999061e-01 -5.462393367001983340e-04 1.331656916576566194e-02 6.100440662675937938e-03 -8.572877744191318827e-04 1.403863566619019052e-02
6.000000000000000000e+00 2.600194899999999976e+00 0.000000000000000000e+00 9.479647892755999061e-01 -5.462393367001983340e-04 1.331656916576566194e-02 6.100440662675937938e-03 -8.572877744191318827e-04 1.403863566619019052e-02
6.000000000000000000e+00 2.600194899999999976e+00 0.000000000000000000e+00 9.479647892755999061e-01 -5.462393367001983340e-04 1.331656916576566194e-02 6.100440662675937938e-03 -8.572877744191318827e-04 1.403863566619019052e-02
6.000000000000000000e+00 2.624949899999999836e+00 0.000000000000000000e+00 9.462738060491159287e-01 -3.735805748810131117e-04 1.313202572245174456e-02 5.892849793091521626e-03 -6.255053008961566734e-04 1.385254902454171981e-02
6.000000000000000000e+00 2.624949899999999836e+00 0.000000000000000000e+00 9.462738060491159287e-01 -3.735805748810131117e-04 1.313202572245174456e-02 5.892849793091521626e-03 -6.255053008961566734e-04 1.385254902454171981e-02
6.000000000000000000e+00 2.624949899999999836e+00 0.000000000000000000e+00 9.462738060491159287e-01 -3.735805748810131117e-04 1.313202572245174456e-02 5.892849793091521626e-03 -6.255053008961566734e-04 1.385254902454171981e-02
6.000000000000000000e+00 2.649704900000000141e+00 0.000000000000000000e+00 9.439003504039119585e-01 -2.028390400573636088e-04 1.299056891560926297e-02 5.687857784040514959e-03 -3.883735714683737785e-04 1.369683183325578341e-02
6.000000000000000000e+00 2.649704900000000141e+00 0.000000000000000000e+00 9.439003504039119585e-01 -2.028390400573636088e-04 1.299056891560926297e-02 5.687857784040514959e-03 -3.883735714683737785e-04 1.369683183325578341e-02
6.000000000000000000e+00 2.649704900000000141e+00 0.000000000000000000e+00 9.439003504039119585e-01 -2.028390400573636088e-04 1.299056891560926297e-02 5.687857784040514959e-03 -3.883735714683737785e-04 1.369683183325578341e-02
6.000000000000000000e+00 2.674459900000000001e+00 0.000000000000000000e+00 9.408111617730441356e-01 -2.053286989015158946e-05 1.289536536213614810e-02 5.484533309291233019e-03 -1.354322291037106396e-04 1.357883788428396882e-02
6.000000000000000000e+00 2.674459900000000001e+00 0.000000000000000000e+00 9.408111617730441356e-01 -2.053286989015158946e-05 1.289536536213614810e-02 5.484533309291233019e-03 -1.354322291037106396e-04 1.357883788428396882e-02
6.000000000000000000e+00 2.674459900000000001e+00 0.000000000000000000e+00 9.408111617730441356e-01 -2.053286989015158946e-05 1.289536536213614810e-02 5.484533309291233019e-03 -1.354322291037106396e-04 1.357883788428396882e-02
6.000000000000000000e+00 2.693026300000000095e+00 0.000000000000000000e+00 9.378493434862239519e-01 1.194932845611867099e-04 1.286000386504841837e-02 5.335344499012652057e-03 5.820698260582564252e-05 1.351997630095038046e-02
6.000000000000000000e+00 2.693026300000000095e+00 0.000000000000000000e+00 9.378493434862239519e-01 1.194932845611867099e-04 1.286000386504841837e-02 5.335344499012652057e-03 5.820698260582564252e-05 1.351997630095038046e-02
6.000000000000000000e+00 2.693026300000000095e+00 0.000000000000000000e+00 9.378493434862239519e-01 1.194932845611867099e-04 1.286000386504841837e-02 5.335344499012652057e-03 5.820698260582564252e-05 1.351997630095038046e-02
6.000000000000000000e+00 2.711592700000000189e+00 0.000000000000000000e+00 9.342623891279535631e-01 2.593837499241699292e-04 1.285612121811866536e-02 5.188481218239634693e-03 2.529397753896450544e-04 1.348183768741275518e-02
6.000000000000000000e+00 2.711592700000000189e+00 0.000000000000000000e+00 9.342623891279535631e-01 2.593837499241699292e-04 1.285612121811866536e-02 5.188481218239634693e-03 2.529397753896450544e-04 1.348183768741275518e-02
6.000000000000000000e+00 2.711592700000000189e+00 0.000000000000000000e+00 9.342623891279535631e-01 2.593837499241699292e-04 1.285612121811866536e-02 5.188481218239634693e-03 2.529397753896450544e-04 1.348183768741275518e-02
6.000000000000000000e+00 2.730158799999999886e+00 0.000000000000000000e+00 9.299274698054897925e-01 4.034592523045124070e-04 1.290789616492728914e-02 5.048286214526013192e-03 4.528910716277691163e-04 1.348452269390699489e-02
6.000000000000000000e+00 2.730158799999999886e+00 0.000000000000000000e+00 9.299274698054897925e-01 4.034592523045124070e-04 1.290789616492728914e-02 5.048286214526013192e-03 4.528910716277691163e-04 1.348452269390699489e-02
6.000000000000000000e+00 2.748725199999999980e+00 0.000000000000000000e+00 9.248314427621833200e-01 5.536983605422251273e-04 1.301609556131310720e-02 4.912815350433204220e-03 6.605904032517972589e-04 1.352132212189896369e-02
6.000000000000000000e+00 2.748725199999999980e+00 0.000000000000000000e+00 9.248314427621833200e-01 5.536983605422251273e-04 1.301609556131310720e-02 4.912815350433204220e-03 6.605904032517972589e-04 1.352132212189896369e-02
6.000000000000000000e+00 2.767291300000000120e+00 0.000000000000000000e+00 9.188699745602110225e-01 7.073897282968654148e-04 1.318023533108178200e-02 4.781698390994264768e-03 8.734155340293360504e-04 1.359156236921049352e-02
6.000000000000000000e+00 2.767291300000000120e+00 0.000000000000000000e+00 9.188699745602110225e-01 7.073897282968654148e-04 1.318023533108178200e-02 4.781698390994264768e-03 8.734155340293360504e-04 1.359156236921049352e-02
6.000000000000000000e+00 2.785857700000000214e+00 0.000000000000000000e+00 9.119653608536206768e-01 8.591840856101005302e-04 1.339893540512628219e-02 4.653681377511269431e-03 1.086241944543807477e-03 1.369594053627208770e-02
6.000000000000000000e+00 2.785857700000000214e+00 0.000000000000000000e+00 9.119653608536206768e-01 8.591840856101005302e-04 1.339893540512628219e-02 4.653681377511269431e-03 1.086241944543807477e-03 1.369594053627208770e-02
6.000000000000000000e+00 2.798235200000000145e+00 0.000000000000000000e+00 9.067717094825287205e-01 9.584659164540160073e-04 1.357802412389931546e-02 4.568801108723066079e-03 1.227231365226154076e-03 1.378517523162187640e-02
6.000000000000000000e+00 2.798235200000000145e+00 0.000000000000000000e+00 9.067717094825287205e-01 9.584659164540160073e-04 1.357802412389931546e-02 4.568801108723066079e-03 1.227231365226154076e-03 1.378517523162187640e-02
6.000000000000000000e+00 2.810612700000000075e+00 0.000000000000000000e+00 9.010064497277073814e-01 1.058714165894006961e-03 1.379012076881764616e-02 4.482786023100092040e-03 1.368697623226944760e-03 1.389078815701026183e-02
6.000000000000000000e+00 2.810612700000000075e+00 0.000000000000000000e+00 9.010064497277073814e-01 1.058714165894006961e-03 1.379012076881764616e-02 4.482786023100092040e-03 1.368697623226944760e-03 1.389078815701026183e-02
6.000000000000000000e+00 2.829178999999999888e+00 0.000000000000000000e+00 8.912211332512225415e-01 1.205648723384554867e-03 1.417116620282190924e-02 4.350801350599637490e-03 1.581212877014360465e-03 1.407665521076691476e-02
6.000000000000000000e+00 2.829178999999999888e+00 0.000000000000000000e+00 8.912211332512225415e-01 1.205648723384554867e-03 1.417116620282190924e-02 4.350801350599637490e-03 1.581212877014360465e-03 1.407665521076691476e-02
6.000000000000000000e+00 2.841556499999999819e+00 0.000000000000000000e+00 8.838787376368562043e-01 1.299669598928455917e-03 1.446863235805280999e-02 4.261158762953859078e-03 1.720896721085816029e-03 1.421721036131149037e-02
6.000000000000000000e+00 2.841556499999999819e+00 0.000000000000000000e+00 8.838787376368562043e-01 1.299669598928455917e-03 1.446863235805280999e-02 4.261158762953859078e-03 1.720896721085816029e-03 1.421721036131149037e-02
6.000000000000000000e+00 2.853934000000000193e+00 0.000000000000000000e+00 8.757908679012302855e-01 1.388359928633568514e-03 1.480363356493556194e-02 4.169649817698616381e-03 1.856807191183098031e-03 1.437039330779638600e-02
6.000000000000000000e+00 2.853934000000000193e+00 0.000000000000000000e+00 8.757908679012302855e-01 1.388359928633568514e-03 1.480363356493556194e-02 4.169649817698616381e-03 1.856807191183098031e-03 1.437039330779638600e-02
6.000000000000000000e+00 2.860122699999999796e+00 0.000000000000000000e+00 8.714171506402120793e-01 1.430169219579387890e-03 1.498762485148985232e-02 4.122326465593941815e-03 1.923190047656613650e-03 1.445211496172990780e-02
6.000000000000000000e+00 2.860122699999999796e+00 0.000000000000000000e+00 8.714171506402120793e-01 1.430169219579387890e-03 1.498762485148985232e-02 4.122326465593941815e-03 1.923190047656613650e-03 1.445211496172990780e-02
6.000000000000000000e+00 2.872500200000000170e+00 0.000000000000000000e+00 8.619543753666126795e-01 1.506789226224113359e-03 1.539024870511237174e-02 4.022194373373801264e-03 2.051607895572593512e-03 1.462535494619163386e-02
6.000000000000000000e+00 2.872500200000000170e+00 0.000000000000000000e+00 8.619543753666126795e-01 1.506789226224113359e-03 1.539024870511237174e-02 4.022194373373801264e-03 2.051607895572593512e-03 1.462535494619163386e-02
6.000000000000000000e+00 2.884877700000000100e+00 0.000000000000000000e+00 8.515271380552109637e-01 1.569908884832465178e-03 1.583153636005233539e-02 3.911921579243981401e-03 2.172342200888217802e-03 1.480640404902836167e-02
6.000000000000000000e+00 2.884877700000000100e+00 0.000000000000000000e+00 8.515271380552109637e-01 1.569908884832465178e-03 1.583153636005233539e-02 3.911921579243981401e-03 2.172342200888217802e-03 1.480640404902836167e-02
6.000000000000000000e+00 2.891066599999999820e+00 0.000000000000000000e+00 8.459073429877371764e-01 1.595294493126485531e-03 1.606535732167156325e-02 3.851835574331366821e-03 2.229035317500499287e-03 1.489890349111296086e-02
6.000000000000000000e+00 2.891066599999999820e+00 0.000000000000000000e+00 8.459073429877371764e-01 1.595294493126485531e-03 1.606535732167156325e-02 3.851835574331366821e-03 2.229035317500499287e-03 1.489890349111296086e-02
6.000000000000000000e+00 2.903444100000000194e+00 0.000000000000000000e+00 8.336783134903713588e-01 1.631186312369859543e-03 1.657190004882868120e-02 3.721796798326621261e-03 2.330798766626598819e-03 1.509853619699773504e-02
6.000000000000000000e+00 2.903444100000000194e+00 0.000000000000000000e+00 8.336783134903713588e-01 1.631186312369859543e-03 1.657190004882868120e-02 3.721796798326621261e-03 2.330798766626598819e-03 1.509853619699773504e-02
6.000000000000000000e+00 2.909632699999999961e+00 0.000000000000000000e+00 8.270630046886783271e-01 1.642192961156863518e-03 1.683476458390225500e-02 3.647704619078051720e-03 2.375102248794446012e-03 1.519355671068517606e-02
6.000000000000000000e+00 2.909632699999999961e+00 0.000000000000000000e+00 8.270630046886783271e-01 1.642192961156863518e-03 1.683476458390225500e-02 3.647704619078051720e-03 2.375102248794446012e-03 1.519355671068517606e-02
6.000000000000000000e+00 2.915821600000000124e+00 0.000000000000000000e+00 8.200326575992188394e-01 1.647346763107672592e-03 1.711650612329783383e-02 3.566549166287725798e-03 2.416165363265249978e-03 1.529210046189756825e-02
6.000000000000000000e+00 2.915821600000000124e+00 0.000000000000000000e+00 8.200326575992188394e-01 1.647346763107672592e-03 1.711650612329783383e-02 3.566549166287725798e-03 2.416165363265249978e-03 1.529210046189756825e-02
6.000000000000000000e+00 2.928199100000000055e+00 0.000000000000000000e+00 8.045113029507480196e-01 1.639318191624053716e-03 1.773801892136198446e-02 3.378895213597595589e-03 2.484400722437637814e-03 1.549473482809155846e-02
6.000000000000000000e+00 2.928199100000000055e+00 0.000000000000000000e+00 8.045113029507480196e-01 1.639318191624053716e-03 1.773801892136198446e-02 3.378895213597595589e-03 2.484400722437637814e-03 1.549473482809155846e-02
6.000000000000000000e+00 2.934387899999999938e+00 0.000000000000000000e+00 7.959063358890117179e-01 1.624652586133421830e-03 1.808055741234119301e-02 3.269682328230914554e-03 2.510530315114297036e-03 1.559719127578692958e-02
6.000000000000000000e+00 2.934387899999999938e+00 0.000000000000000000e+00 7.959063358890117179e-01 1.624652586133421830e-03 1.808055741234119301e-02 3.269682328230914554e-03 2.510530315114297036e-03 1.559719127578692958e-02
6.000000000000000000e+00 2.940576599999999985e+00 0.000000000000000000e+00 7.866341901445071949e-01 1.601212874417763752e-03 1.844658442649952865e-02 3.148180569476622965e-03 2.530129020203550523e-03 1.569965560249770783e-02
6.000000000000000000e+00 2.940576599999999985e+00 0.000000000000000000e+00 7.866341901445071949e-01 1.601212874417763752e-03 1.844658442649952865e-02 3.148180569476622965e-03 2.530129020203550523e-03 1.569965560249770783e-02
6.000000000000000000e+00 2.946765399999999868e+00 0.000000000000000000e+00 7.765931264165181203e-01 1.568348735135988766e-03 1.883983651852149527e-02 3.012879788830592851e-03 2.542270069879113466e-03 1.580269223707558499e-02
6.000000000000000000e+00 2.946765399999999868e+00 0.000000000000000000e+00 7.765931264165181203e-01 1.568348735135988766e-03 1.883983651852149527e-02 3.012879788830592851e-03 2.542270069879113466e-03 1.580269223707558499e-02
6.000000000000000000e+00 2.952954099999999915e+00 0.000000000000000000e+00 7.656767064604953488e-01 1.525091190696895461e-03 1.926489338158756184e-02 2.862170239611544400e-03 2.546147867994380271e-03 1.590758458313743656e-02
6.000000000000000000e+00 2.952954099999999915e+00 0.000000000000000000e+00 7.656767064604953488e-01 1.525091190696895461e-03 1.926489338158756184e-02 2.862170239611544400e-03 2.546147867994380271e-03 1.590758458313743656e-02
6.000000000000000000e+00 2.959142899999999798e+00 0.000000000000000000e+00 7.535763236697526901e-01 1.471503837151554115e-03 1.973599392920620185e-02 2.692195054694233609e-03 2.540631007502810231e-03 1.601832877843127612e-02
6.000000000000000000e+00 2.959142899999999798e+00 0.000000000000000000e+00 7.535763236697526901e-01 1.471503837151554115e-03 1.973599392920620185e-02 2.692195054694233609e-03 2.540631007502810231e-03 1.601832877843127612e-02
6.000000000000000000e+00 2.959142899999999798e+00 0.000000000000000000e+00 7.535763236697526901e-01 1.471503837151554115e-03 1.973599392920620185e-02 2.692195054694233609e-03 2.540631007502810231e-03 1.601832877843127612e-02
6.000000000000000000e+00 2.959142899999999798e+00 0.000000000000000000e+00 7.535763236697526901e-01 1.471503837151554115e-03 1.973599392920620185e-02 2.692195054694233609e-03 2.540631007502810231e-03 1.601832877843127612e-02
6.000000000000000000e+00 2.965331599999999845e+00 0.000000000000000000e+00 7.400916287151765305e-01 1.407417964423874094e-03 2.026207996641953002e-02 2.501754850654497059e-03 2.524532639247353740e-03 1.613816530681100314e-02
6.000000000000000000e+00 2.965331599999999845e+00 0.000000000000000000e+00 7.400916287151765305e-01 1.407417964423874094e-03 2.026207996641953002e-02 2.501754850654497059e-03 2.524532639247353740e-03 1.613816530681100314e-02
6.000000000000000000e+00 2.971520400000000173e+00 0.000000000000000000e+00 7.249714722355596885e-01 1.333209391778846474e-03 2.085087964665069404e-02 2.290885548745475158e-03 2.497119935305727734e-03 1.626958461035947837e-02
6.000000000000000000e+00 2.971520400000000173e+00 0.000000000000000000e+00 7.249714722355596885e-01 1.333209391778846474e-03 2.085087964665069404e-02 2.290885548745475158e-03 2.497119935305727734e-03 1.626958461035947837e-02
6.000000000000000000e+00 2.977709100000000220e+00 0.000000000000000000e+00 7.078409503948627224e-01 1.245959025320078541e-03 2.151005335057126766e-02 2.059107178657465249e-03 2.455751884448792357e-03 1.641391706257521593e-02
6.000000000000000000e+00 2.977709100000000220e+00 0.000000000000000000e+00 7.078409503948627224e-01 1.245959025320078541e-03 2.151005335057126766e-02 2.059107178657465249e-03 2.455751884448792357e-03 1.641391706257521593e-02
6.000000000000000000e+00 2.977709100000000220e+00 0.000000000000000000e+00 7.078409503948627224e-01 1.245959025320078541e-03 2.151005335057126766e-02 2.059107178657465249e-03 2.455751884448792357e-03 1.641391706257521593e-02
6.000000000000000000e+00 2.977709100000000220e+00 0.000000000000000000e+00 7.078409503948627224e-01 1.245959025320078541e-03 2.151005335057126766e-02 2.059107178657465249e-03 2.455751884448792357e-03 1.641391706257521593e-02
6.000000000000000000e+00 2.983897900000000103e+00 0.000000000000000000e+00 6.874997212827388404e-01 1.142443792429286183e-03 2.226791609102869718e-02 1.802706222316005072e-03 2.392687846560640711e-03 1.657380473995988951e-02
6.000000000000000000e+00 2.983897900000000103e+00 0.000000000000000000e+00 6.874997212827388404e-01 1.142443792429286183e-03 2.226791609102869718e-02 1.802706222316005072e-03 2.392687846560640711e-03 1.657380473995988951e-02
6.000000000000000000e+00 2.990086600000000150e+00 0.000000000000000000e+00 6.634744632182737467e-01 1.024593782199214763e-03 2.311348647439747522e-02 1.527126729744665047e-03 2.305517941498466412e-03 1.673945700940168008e-02
6.000000000000000000e+00 2.990086600000000150e+00 0.000000000000000000e+00 6.634744632182737467e-01 1.024593782199214763e-03 2.311348647439747522e-02 1.527126729744665047e-03 2.305517941498466412e-03 1.673945700940168008e-02
6.000000000000000000e+00 2.990086600000000150e+00 0.000000000000000000e+00 6.634744632182737467e-01 1.024593782199214763e-03 2.311348647439747522e-02 1.527126729744665047e-03 2.305517941498466412e-03 1.673945700940168008e-02
6.000000000000000000e+00 2.990086600000000150e+00 0.000000000000000000e+00 6.634744632182737467e-01 1.024593782199214763e-03 2.311348647439747522e-02 1.527126729744665047e-03 2.305517941498466412e-03 1.673945700940168008e-02
6.000000000000000000e+00 2.996275400000000033e+00 0.000000000000000000e+00 6.337982422787356018e-01 8.897053404893197565e-04 2.402590778422366083e-02 1.234430139364063161e-03 2.182498139945291196e-03 1.688102947811018217e-02
6.000000000000000000e+00 2.996275400000000033e+00 0.000000000000000000e+00 6.337982422787356018e-01 8.897053404893197565e-04 2.402590778422366083e-02 1.234430139364063161e-03 2.182498139945291196e-03 1.688102947811018217e-02
6.000000000000000000e+00 2.996275400000000033e+00 0.000000000000000000e+00 6.337982422787356018e-01 8.897053404893197565e-04 2.402590778422366083e-02 1.234430139364063161e-03 2.182498139945291196e-03 1.688102947811018217e-02
6.000000000000000000e+00 2.996275400000000033e+00 0.000000000000000000e+00 6.337982422787356018e-01 8.897053404893197565e-04 2.402590778422366083e-02 1.234430139364063161e-03 2.182498139945291196e-03 1.688102947811018217e-02
6.000000000000000000e+00 3.002464100000000080e+00 0.000000000000000000e+00 5.956751660072526766e-01 7.384763277656623305e-04 2.489185837480782995e-02 9.322115653627922362e-04 2.005438330722784240e-03 1.691754516268905925e-02
6.000000000000000000e+00 3.002464100000000080e+00 0.000000000000000000e+00 5.956751660072526766e-01 7.384763277656623305e-04 2.489185837480782995e-02 9.322115653627922362e-04 2.005438330722784240e-03 1.691754516268905925e-02
6.000000000000000000e+00 3.002464100000000080e+00 0.000000000000000000e+00 5.956751660072526766e-01 7.384763277656623305e-04 2.489185837480782995e-02 9.322115653627922362e-04 2.005438330722784240e-03 1.691754516268905925e-02
6.000000000000000000e+00 3.002464100000000080e+00 0.000000000000000000e+00 5.956751660072526766e-01 7.384763277656623305e-04 2.489185837480782995e-02 9.322115653627922362e-04 2.005438330722784240e-03 1.691754516268905925e-02
6.000000000000000000e+00 3.008652899999999963e+00 0.000000000000000000e+00 5.447592407776956636e-01 5.723303492558682757e-04 2.533840952613192893e-02 6.353830452552218771e-04 1.744907121430227604e-03 1.662958157324484487e-02
6.000000000000000000e+00 3.008652899999999963e+00 0.000000000000000000e+00 5.447592407776956636e-01 5.723303492558682757e-04 2.533840952613192893e-02 6.353830452552218771e-04 1.744907121430227604e-03 1.662958157324484487e-02
6.000000000000000000e+00 3.008652899999999963e+00 0.000000000000000000e+00 5.447592407776956636e-01 5.723303492558682757e-04 2.533840952613192893e-02 6.353830452552218771e-04 1.744907121430227604e-03 1.662958157324484487e-02
6.000000000000000000e+00 3.008652899999999963e+00 0.000000000000000000e+00 5.447592407776956636e-01 5.723303492558682757e-04 2.533840952613192893e-02 6.353830452552218771e-04 1.744907121430227604e-03 1.662958157324484487e-02
6.000000000000000000e+00 3.008652899999999963e+00 0.000000000000000000e+00 5.447592407776956636e-01 5.723303492558682757e-04 2.533840952613192893e-02 6.353830452552218771e-04 1.744907121430227604e-03 1.662958157324484487e-02
6.000000000000000000e+00 3.008652899999999963e+00 0.000000000000000000e+00 5.447592407776956636e-01 5.723303492558682757e-04 2.533840952613192893e-02 6.353830452552218771e-04 1.744907121430227604e-03 1.662958157324484487e-02
6.000000000000000000e+00 3.014841600000000010e+00 0.000000000000000000e+00 4.736722895179265036e-01 3.965945758460505898e-04 2.439760182401930211e-02 3.647648504313947453e-04 1.354301892281028824e-03 1.548441310450823956e-02
6.000000000000000000e+00 3.014841600000000010e+00 0.000000000000000000e+00 4.736722895179265036e-01 3.965945758460505898e-04 2.439760182401930211e-02 3.647648504313947453e-04 1.354301892281028824e-03 1.548441310450823956e-02
6.000000000000000000e+00 3.014841600000000010e+00 0.000000000000000000e+00 4.736722895179265036e-01 3.965945758460505898e-04 2.439760182401930211e-02 3.647648504313947453e-04 1.354301892281028824e-03 1.548441310450823956e-02
6.000000000000000000e+00 3.014841600000000010e+00 0.000000000000000000e+00 4.736722895179265036e-01 3.965945758460505898e-04 2.439760182401930211e-02 3.647648504313947453e-04 1.354301892281028824e-03 1.548441310450823956e-02
6.000000000000000000e+00 3.014841600000000010e+00 0.000000000000000000e+00 4.736722895179265036e-01 3.965945758460505898e-04 2.439760182401930211e-02 3.647648504313947453e-04 1.354301892281028824e-03 1.548441310450823956e-02
6.000000000000000000e+00 3.014841600000000010e+00 0.000000000000000000e+00 4.736722895179265036e-01 3.965945758460505898e-04 2.439760182401930211e-02 3.647648504313947453e-04 1.354301892281028824e-03 1.548441310450823956e-02
6.000000000000000000e+00 3.021030399999999894e+00 0.000000000000000000e+00 3.691417198472990435e-01 2.242791051209906325e-04 1.950327128175571162e-02 1.545948424531076856e-04 7.959110837765806740e-04 1.212871739773916518e-02
6.000000000000000000e+00 3.021030399999999894e+00 0.000000000000000000e+00 3.691417198472990435e-01 2.242791051209906325e-04 1.950327128175571162e-02 1.545948424531076856e-04 7.959110837765806740e-04 1.212871739773916518e-02
6.000000000000000000e+00 3.021030399999999894e+00 0.000000000000000000e+00 3.691417198472990435e-01 2.242791051209906325e-04 1.950327128175571162e-02 1.545948424531076856e-04 7.959110837765806740e-04 1.212871739773916518e-02
6.000000000000000000e+00 3.021030399999999894e+00 0.000000000000000000e+00 3.691417198472990435e-01 2.242791051209906325e-04 1.950327128175571162e-02 1.545948424531076856e-04 7.959110837765806740e-04 1.212871739773916518e-02
6.000000000000000000e+00 3.021030399999999894e+00 0.000000000000000000e+00 3.691417198472990435e-01 2.242791051209906325e-04 1.950327128175571162e-02 1.545948424531076856e-04 7.959110837765806740e-04 1.212871739773916518e-02
6.000000000000000000e+00 3.021030399999999894e+00 0.000000000000000000e+00 3.691417198472990435e-01 2.242791051209906325e-04 1.950327128175571162e-02 1.545948424531076856e-04 7.959110837765806740e-04 1.212871739773916518e-02
6.000000000000000000e+00 3.027219300000000057e+00 0.000000000000000000e+00 2.246644546482877980e-01 7.894397429394819227e-05 9.401326828253371917e-03 3.149457344045452484e-05 2.291348770157584968e-04 5.931749131784481814e-03
6.000000000000000000e+00 3.027219300000000057e+00 0.000000000000000000e+00 2.246644546482877980e-01 7.894397429394819227e-05 9.401326828253371917e-03 3.149457344045452484e-05 2.291348770157584968e-04 5.931749131784481814e-03
6.000000000000000000e+00 3.027219300000000057e+00 0.000000000000000000e+00 2.246644546482877980e-01 7.894397429394819227e-05 9.401326828253371917e-03 3.149457344045452484e-05 2.291348770157584968e-04 5.931749131784481814e-03
6.000000000000000000e+00 3.027219300000000057e+00 0.000000000000000000e+00 2.246644546482877980e-01 7.894397429394819227e-05 9.401326828253371917e-03 3.149457344045452484e-05 2.291348770157584968e-04 5.931749131784481814e-03
6.000000000000000000e+00 3.027219300000000057e+00 0.000000000000000000e+00 2.246644546482877980e-01 7.894397429394819227e-05 9.401326828253371917e-03 3.149457344045452484e-05 2.291348770157584968e-04 5.931749131784481814e-03
6.000000000000000000e+00 3.027219300000000057e+00 0.000000000000000000e+00 2.246644546482877980e-01 7.894397429394819227e-05 9.401326828253371917e-03 3.149457344045452484e-05 2.291348770157584968e-04 5.931749131784481814e-03
6.000000000000000000e+00 3.027219300000000057e+00 0.000000000000000000e+00 2.246644546482877980e-01 7.894397429394819227e-05 9.401326828253371917e-03 3.149457344045452484e-05 2.291348770157584968e-04 5.931749131784481814e-03
6.000000000000000000e+00 3.027219300000000057e+00 0.000000000000000000e+00 2.246644546482877980e-01 7.894397429394819227e-05 9.401326828253371917e-03 3.149457344045452484e-05 2.291348770157584968e-04 5.931749131784481814e-03
6.000000000000000000e+00 3.027219300000000057e+00 0.000000000000000000e+00 2.246644546482877980e-01 7.894397429394819227e-05 9.401326828253371917e-03 3.149457344045452484e-05 2.291348770157584968e-04 5.931749131784481814e-03
6.000000000000000000e+00 3.027219300000000057e+00 0.000000000000000000e+00 2.246644546482877980e-01 7.894397429394819227e-05 9.401326828253371917e-03 3.149457344045452484e-05 2.291348770157584968e-04 5.931749131784481814e-03
6.000000000000000000e+00 3.033407899999999824e+00 0.000000000000000000e+00 4.789991310907959488e-02 -8.742381730639331937e-06 4.916817303408597267e-04 1.345452718358916533e-07 6.451963428586837256e-07 3.585812360554435987e-04
6.000000000000000000e+00 3.033407899999999824e+00 0.000000000000000000e+00 4.789991310907959488e-02 -8.742381730639331937e-06 4.916817303408597267e-04 1.345452718358916533e-07 6.451963428586837256e-07 3.585812360554435987e-04
6.000000000000000000e+00 3.033407899999999824e+00 0.000000000000000000e+00 4.789991310907959488e-02 -8.742381730639331937e-06 4.916817303408597267e-04 1.345452718358916533e-07 6.451963428586837256e-07 3.585812360554435987e-04
6.000000000000000000e+00 3.033407899999999824e+00 0.000000000000000000e+00 4.789991310907959488e-02 -8.742381730639331937e-06 4.916817303408597267e-04 1.345452718358916533e-07 6.451963428586837256e-07 3.585812360554435987e-04
6.000000000000000000e+00 3.033407899999999824e+00 0.000000000000000000e+00 4.789991310907959488e-02 -8.742381730639331937e-06 4.916817303408597267e-04 1.345452718358916533e-07 6.451963428586837256e-07 3.585812360554435987e-04
6.000000000000000000e+00 3.033407899999999824e+00 0.000000000000000000e+00 4.789991310907959488e-02 -8.742381730639331937e-06 4.916817303408597267e-04 1.345452718358916533e-07 6.451963428586837256e-07 3.585812360554435987e-04
6.000000000000000000e+00 3.033407899999999824e+00 0.000000000000000000e+00 4.789991310907959488e-02 -8.742381730639331937e-06 4.916817303408597267e-04 1.345452718358916533e-07 6.451963428586837256e-07 3.585812360554435987e-04
6.000000000000000000e+00 3.033407899999999824e+00 0.000000000000000000e+00 4.789991310907959488e-02 -8.742381730639331937e-06 4.916817303408597267e-04 1.345452718358916533e-07 6.451963428586837256e-07 3.585812360554435987e-04
6.000000000000000000e+00 3.033407899999999824e+00 0.000000000000000000e+00 4.789991310907959488e-02 -8.742381730639331937e-06 4.916817303408597267e-04 1.345452718358916533e-07 6.451963428586837256e-07 3.585812360554435987e-04
6.000000000000000000e+00 3.033407899999999824e+00 0.000000000000000000e+00 4.789991310907959488e-02 -8.742381730639331937e-06 4.916817303408597267e-04 1.345452718358916533e-07 6.451963428586837256e-07 3.585812360554435987e-04
6.000000000000000000e+00 3.033407899999999824e+00 0.000000000000000000e+00 4.789991310907959488e-02 -8.742381730639331937e-06 4.916817303408597267e-04 1.345452718358916533e-07 6.451963428586837256e-07 3.585812360554435987e-04
6.000000000000000000e+00 3.033407899999999824e+00 0.000000000000000000e+00 4.789991310907959488e-02 -8.742381730639331937e-06 4.916817303408597267e-04 1.345452718358916533e-07 6.451963428586837256e-07 3.585812360554435987e-04
