(7.000000000000000000e+00 1.948329600000000064e-02 0.000000000000000000e+00)
(7.000000000000000000e+00 1.948329600000000064e-02 0.000000000000000000e+00)
(7.000000000000000000e+00 1.948329600000000064e-02 0.000000000000000000e+00)
(7.000000000000000000e+00 2.567205399999999971e-02 0.000000000000000000e+00)
(7.000000000000000000e+00 2.567205399999999971e-02 0.000000000000000000e+00)
(7.000000000000000000e+00 2.567205399999999971e-02 0.000000000000000000e+00)
(7.000000000000000000e+00 2.567205399999999971e-02 0.000000000000000000e+00)
(7.000000000000000000e+00 3.186081000000000329e-02 0.000000000000000000e+00)
(7.000000000000000000e+00 3.186081000000000329e-02 0.000000000000000000e+00)
(7.000000000000000000e+00 3.186081000000000329e-02 0.000000000000000000e+00)
(7.000000000000000000e+00 3.186081000000000329e-02 0.000000000000000000e+00)
(7.000000000000000000e+00 3.186081000000000329e-02 0.000000000000000000e+00)
(7.000000000000000000e+00 3.186081000000000329e-02 0.000000000000000000e+00)
(7.000000000000000000e+00 3.804956699999999942e-02 0.000000000000000000e+00)
(7.000000000000000000e+00 3.804956699999999942e-02 0.000000000000000000e+00)
(7.000000000000000000e+00 3.804956699999999942e-02 0.000000000000000000e+00)
(7.000000000000000000e+00 3.804956699999999942e-02 0.000000000000000000e+00)
(7.000000000000000000e+00 4.423832500000000195e-02 0.000000000000000000e+00)
(7.000000000000000000e+00 4.423832500000000195e-02 0.000000000000000000e+00)
(7.000000000000000000e+00 5.042708299999999755e-02 0.000000000000000000e+00)
(7.000000000000000000e+00 5.042708299999999755e-02 0.000000000000000000e+00)
(7.000000000000000000e+00 5.042708299999999755e-02 0.000000000000000000e+00)
(7.000000000000000000e+00 5.042708299999999755e-02 0.000000000000000000e+00)
(7.000000000000000000e+00 5.661583700000000219e-02 0.000000000000000000e+00)
(7.000000000000000000e+00 5.661583700000000219e-02 0.000000000000000000e+00)
(7.000000000000000000e+00 5.661583700000000219e-02 0.000000000000000000e+00)
(7.000000000000000000e+00 5.661583700000000219e-02 0.000000000000000000e+00)
(7.000000000000000000e+00 6.280459500000000472e-02 0.000000000000000000e+00)
(7.000000000000000000e+00 6.280459500000000472e-02 0.000000000000000000e+00)
(7.000000000000000000e+00 6.899335199999999391e-02 0.000000000000000000e+00)
(7.000000000000000000e+00 6.899335199999999391e-02 0.000000000000000000e+00)
(7.000000000000000000e+00 7.518210999999999644e-02 0.000000000000000000e+00)
(7.000000000000000000e+00 7.518210999999999644e-02 0.000000000000000000e+00)
(7.000000000000000000e+00 8.137086799999999898e-02 0.000000000000000000e+00)
(7.000000000000000000e+00 8.137086799999999898e-02 0.000000000000000000e+00)
(7.000000000000000000e+00 8.755962600000000151e-02 0.000000000000000000e+00)
(7.000000000000000000e+00 8.755962600000000151e-02 0.000000000000000000e+00)
(7.000000000000000000e+00 8.755962600000000151e-02 0.000000000000000000e+00)
(7.000000000000000000e+00 8.755962600000000151e-02 0.000000000000000000e+00)
(7.000000000000000000e+00 9.374838300000000457e-02 0.000000000000000000e+00)
(7.000000000000000000e+00 9.374838300000000457e-02 0.000000000000000000e+00)
(7.000000000000000000e+00 1.061258900000000005e-01 0.000000000000000000e+00)
(7.000000000000000000e+00 1.061258900000000005e-01 0.000000000000000000e+00)
(7.000000000000000000e+00 1.123146500000000020e-01 0.000000000000000000e+00)
(7.000000000000000000e+00 1.123146500000000020e-01 0.000000000000000000e+00)
(7.000000000000000000e+00 1.185034100000000035e-01 0.000000000000000000e+00)
(7.000000000000000000e+00 1.185034100000000035e-01 0.000000000000000000e+00)
(7.000000000000000000e+00 1.246921599999999963e-01 0.000000000000000000e+00)
(7.000000000000000000e+00 1.246921599999999963e-01 0.000000000000000000e+00)
(7.000000000000000000e+00 1.370696700000000046e-01 0.000000000000000000e+00)
(7.000000000000000000e+00 1.370696700000000046e-01 0.000000000000000000e+00)
(7.000000000000000000e+00 1.432584399999999869e-01 0.000000000000000000e+00)
(7.000000000000000000e+00 1.432584399999999869e-01 0.000000000000000000e+00)
(7.000000000000000000e+00 1.556359499999999951e-01 0.000000000000000000e+00)
(7.000000000000000000e+00 1.556359499999999951e-01 0.000000000000000000e+00)
(7.000000000000000000e+00 1.618246999999999880e-01 0.000000000000000000e+00)
(7.000000000000000000e+00 1.618246999999999880e-01 0.000000000000000000e+00)
(7.000000000000000000e+00 1.742022199999999910e-01 0.000000000000000000e+00)
(7.000000000000000000e+00 1.742022199999999910e-01 0.000000000000000000e+00)
(7.000000000000000000e+00 1.865797299999999992e-01 0.000000000000000000e+00)
(7.000000000000000000e+00 1.865797299999999992e-01 0.000000000000000000e+00)
(7.000000000000000000e+00 1.989572500000000022e-01 0.000000000000000000e+00)
(7.000000000000000000e+00 1.989572500000000022e-01 0.000000000000000000e+00)
(7.000000000000000000e+00 2.113347700000000051e-01 0.000000000000000000e+00)
(7.000000000000000000e+00 2.113347700000000051e-01 0.000000000000000000e+00)
(7.000000000000000000e+00 2.237122800000000133e-01 0.000000000000000000e+00)
(7.000000000000000000e+00 2.237122800000000133e-01 0.000000000000000000e+00)
(7.000000000000000000e+00 2.360897999999999886e-01 0.000000000000000000e+00)
(7.000000000000000000e+00 2.360897999999999886e-01 0.000000000000000000e+00)
(7.000000000000000000e+00 2.546560500000000227e-01 0.000000000000000000e+00)
(7.000000000000000000e+00 2.546560500000000227e-01 0.000000000000000000e+00)
(7.000000000000000000e+00 2.670335799999999926e-01 0.000000000000000000e+00)
(7.000000000000000000e+00 2.670335799999999926e-01 0.000000000000000000e+00)
(7.000000000000000000e+00 2.855998599999999832e-01 0.000000000000000000e+00)
(7.000000000000000000e+00 2.855998599999999832e-01 0.000000000000000000e+00)
(7.000000000000000000e+00 3.041661099999999895e-01 0.000000000000000000e+00)
(7.000000000000000000e+00 3.041661099999999895e-01 0.000000000000000000e+00)
(7.000000000000000000e+00 3.227323899999999801e-01 0.000000000000000000e+00)
(7.000000000000000000e+00 3.227323899999999801e-01 0.000000000000000000e+00)
(7.000000000000000000e+00 3.412986700000000262e-01 0.000000000000000000e+00)
(7.000000000000000000e+00 3.412986700000000262e-01 0.000000000000000000e+00)
(7.000000000000000000e+00 3.660536999999999819e-01 0.000000000000000000e+00)
(7.000000000000000000e+00 3.660536999999999819e-01 0.000000000000000000e+00)
(7.000000000000000000e+00 3.846199499999999882e-01 0.000000000000000000e+00)
(7.000000000000000000e+00 3.846199499999999882e-01 0.000000000000000000e+00)
(7.000000000000000000e+00 4.093749799999999994e-01 0.000000000000000000e+00)
(7.000000000000000000e+00 4.093749799999999994e-01 0.000000000000000000e+00)
(7.000000000000000000e+00 4.341300100000000106e-01 0.000000000000000000e+00)
(7.000000000000000000e+00 4.341300100000000106e-01 0.000000000000000000e+00)
(7.000000000000000000e+00 4.650737899999999869e-01 0.000000000000000000e+00)
(7.000000000000000000e+00 4.650737899999999869e-01 0.000000000000000000e+00)
(7.000000000000000000e+00 4.898288299999999929e-01 0.000000000000000000e+00)
(7.000000000000000000e+00 4.898288299999999929e-01 0.000000000000000000e+00)
(7.000000000000000000e+00 5.207726400000000089e-01 0.000000000000000000e+00)
(7.000000000000000000e+00 5.207726400000000089e-01 0.000000000000000000e+00)
