7.000000000000000000e+00 9.170261299999999532e-04 1.111616838214832346e-03 5.027591381136747281e-05 1.421741160890217077e-04 9.768607654807138782e-08 -1.378043035660145631e-06 1.796285189074453960e-04
7.000000000000000000e+00 9.170261299999999532e-04 1.111616838214832346e-03 5.027591381136747281e-05 1.421741160890217077e-04 9.768607654807138782e-08 -1.378043035660145631e-06 1.796285189074453960e-04
7.000000000000000000e+00 9.170261299999999532e-04 1.111616838214832346e-03 5.027591381136747281e-05 1.421741160890217077e-04 9.768607654807138782e-08 -1.378043035660145631e-06 1.796285189074453960e-04
7.000000000000000000e+00 9.170261299999999532e-04 1.111616838214832346e-03 5.027591381136747281e-05 1.421741160890217077e-04 9.768607654807138782e-08 -1.378043035660145631e-06 1.796285189074453960e-04
7.000000000000000000e+00 9.170261299999999532e-04 1.111616838214832346e-03 5.027591381136747281e-05 1.421741160890217077e-04 9.768607654807138782e-08 -1.378043035660145631e-06 1.796285189074453960e-04
7.000000000000000000e+00 9.170261299999999532e-04 1.111616838214832346e-03 5.027591381136747281e-05 1.421741160890217077e-04 9.768607654807138782e-08 -1.378043035660145631e-06 1.796285189074453960e-04
7.000000000000000000e+00 9.170261299999999532e-04 1.111616838214832346e-03 5.027591381136747281e-05 1.421741160890217077e-04 9.768607654807138782e-08 -1.378043035660145631e-06 1.796285189074453960e-04
7.000000000000000000e+00 9.170261299999999532e-04 1.111616838214832346e-03 5.027591381136747281e-05 1.421741160890217077e-04 9.768607654807138782e-08 -1.378043035660145631e-06 1.796285189074453960e-04
7.000000000000000000e+00 9.170261299999999532e-04 1.111616838214832346e-03 5.027591381136747281e-05 1.421741160890217077e-04 9.768607654807138782e-08 -1.378043035660145631e-06 1.796285189074453960e-04
7.000000000000000000e+00 9.170261299999999532e-04 1.111616838214832346e-03 5.027591381136747281e-05 1.421741160890217077e-04 9.768607654807138782e-08 -1.378043035660145631e-06 1.796285189074453960e-04
7.000000000000000000e+00 9.170261299999999532e-04 1.111616838214832346e-03 5.027591381136747281e-05 1.421741160890217077e-04 9.768607654807138782e-08 -1.378043035660145631e-06 1.796285189074453960e-04
7.000000000000000000e+00 9.170261299999999532e-04 1.111616838214832346e-03 5.027591381136747281e-05 1.421741160890217077e-04 9.768607654807138782e-08 -1.378043035660145631e-06 1.796285189074453960e-04
7.000000000000000000e+00 9.170261299999999532e-04 1.111616838214832346e-03 5.027591381136747281e-05 1.421741160890217077e-04 9.768607654807138782e-08 -1.378043035660145631e-06 1.796285189074453960e-04
7.000000000000000000e+00 9.170261299999999532e-04 1.111616838214832346e-03 5.027591381136747281e-05 1.421741160890217077e-04 9.768607654807138782e-08 -1.378043035660145631e-06 1.796285189074453960e-04
7.000000000000000000e+00 9.170261299999999532e-04 1.111616838214832346e-03 5.027591381136747281e-05 1.421741160890217077e-04 9.768607654807138782e-08 -1.378043035660145631e-06 1.796285189074453960e-04
7.000000000000000000e+00 7.105783099999999665e-03 1.831894184312775689e-02 3.787939793536384322e-04 4.586979752432543064e-03 4.625239330495035890e-05 -6.843732280384045674e-05 5.688847980417548710e-03
7.000000000000000000e+00 7.105783099999999665e-03 1.831894184312775689e-02 3.787939793536384322e-04 4.586979752432543064e-03 4.625239330495035890e-05 -6.843732280384045674e-05 5.688847980417548710e-03
7.000000000000000000e+00 7.105783099999999665e-03 1.831894184312775689e-02 3.787939793536384322e-04 4.586979752432543064e-03 4.625239330495035890e-05 -6.843732280384045674e-05 5.688847980417548710e-03
7.000000000000000000e+00 7.105783099999999665e-03 1.831894184312775689e-02 3.787939793536384322e-04 4.586979752432543064e-03 4.625239330495035890e-05 -6.843732280384045674e-05 5.688847980417548710e-03
7.000000000000000000e+00 7.105783099999999665e-03 1.831894184312775689e-02 3.787939793536384322e-04 4.586979752432543064e-03 4.625239330495035890e-05 -6.843732280384045674e-05 5.688847980417548710e-03
7.000000000000000000e+00 7.105783099999999665e-03 1.831894184312775689e-02 3.787939793536384322e-04 4.586979752432543064e-03 4.625239330495035890e-05 -6.843732280384045674e-05 5.688847980417548710e-03
7.000000000000000000e+00 7.105783099999999665e-03 1.831894184312775689e-02 3.787939793536384322e-04 4.586979752432543064e-03 4.625239330495035890e-05 -6.843732280384045674e-05 5.688847980417548710e-03
7.000000000000000000e+00 7.105783099999999665e-03 1.831894184312775689e-02 3.787939793536384322e-04 4.586979752432543064e-03 4.625239330495035890e-05 -6.843732280384045674e-05 5.688847980417548710e-03
7.000000000000000000e+00 7.105783099999999665e-03 1.831894184312775689e-02 3.787939793536384322e-04 4.586979752432543064e-03 4.625239330495035890e-05 -6.843732280384045674e-05 5.688847980417548710e-03
7.000000000000000000e+00 7.105783099999999665e-03 1.831894184312775689e-02 3.787939793536384322e-04 4.586979752432543064e-03 4.625239330495035890e-05 -6.843732280384045674e-05 5.688847980417548710e-03
7.000000000000000000e+00 7.105783099999999665e-03 1.831894184312775689e-02 3.787939793536384322e-04 4.586979752432543064e-03 4.625239330495035890e-05 -6.843732280384045674e-05 5.688847980417548710e-03
7.000000000000000000e+00 7.105783099999999665e-03 1.831894184312775689e-02 3.787939793536384322e-04 4.586979752432543064e-03 4.625239330495035890e-05 -6.843732280384045674e-05 5.688847980417548710e-03
7.000000000000000000e+00 1.329454000000000052e-02 4.217428579088086660e-02 1.156141472037758994e-03 1.019042791310164828e-02 2.782795795778954793e-04 -2.580612964759738384e-04 1.230828985564296971e-02
7.000000000000000000e+00 1.329454000000000052e-02 4.217428579088086660e-02 1.156141472037758994e-03 1.019042791310164828e-02 2.782795795778954793e-04 -2.580612964759738384e-04 1.230828985564296971e-02
7.000000000000000000e+00 1.329454000000000052e-02 4.217428579088086660e-02 1.156141472037758994e-03 1.019042791310164828e-02 2.782795795778954793e-04 -2.580612964759738384e-04 1.230828985564296971e-02
7.000000000000000000e+00 1.329454000000000052e-02 4.217428579088086660e-02 1.156141472037758994e-03 1.019042791310164828e-02 2.782795795778954793e-04 -2.580612964759738384e-04 1.230828985564296971e-02
7.000000000000000000e+00 1.329454000000000052e-02 4.217428579088086660e-02 1.156141472037758994e-03 1.019042791310164828e-02 2.782795795778954793e-04 -2.580612964759738384e-04 1.230828985564296971e-02
7.000000000000000000e+00 1.329454000000000052e-02 4.217428579088086660e-02 1.156141472037758994e-03 1.019042791310164828e-02 2.782795795778954793e-04 -2.580612964759738384e-04 1.230828985564296971e-02
7.000000000000000000e+00 1.329454000000000052e-02 4.217428579088086660e-02 1.156141472037758994e-03 1.019042791310164828e-02 2.782795795778954793e-04 -2.580612964759738384e-04 1.230828985564296971e-02
7.000000000000000000e+00 1.329454000000000052e-02 4.217428579088086660e-02 1.156141472037758994e-03 1.019042791310164828e-02 2.782795795778954793e-04 -2.580612964759738384e-04 1.230828985564296971e-02
7.000000000000000000e+00 1.948329600000000064e-02 6.462189482456798251e-02 2.146084994008319591e-03 1.468120780487294080e-02 6.916602590409117422e-04 -4.626681263877881027e-04 1.743837243421280520e-02
7.000000000000000000e+00 1.948329600000000064e-02 6.462189482456798251e-02 2.146084994008319591e-03 1.468120780487294080e-02 6.916602590409117422e-04 -4.626681263877881027e-04 1.743837243421280520e-02
7.000000000000000000e+00 1.948329600000000064e-02 6.462189482456798251e-02 2.146084994008319591e-03 1.468120780487294080e-02 6.916602590409117422e-04 -4.626681263877881027e-04 1.743837243421280520e-02
7.000000000000000000e+00 5.517163899999999455e-01 3.748281608489511529e-01 3.580943870675328683e-02 4.299453654389229912e-02 2.568322984338955797e-02 -1.327419846240970695e-02 5.039501570847045031e-02
7.000000000000000000e+00 5.517163899999999455e-01 3.748281608489511529e-01 3.580943870675328683e-02 4.299453654389229912e-02 2.568322984338955797e-02 -1.327419846240970695e-02 5.039501570847045031e-02
7.000000000000000000e+00 5.888489500000000376e-01 3.892252748817394137e-01 3.611792998045307984e-02 4.414435108494004639e-02 2.639657447614399827e-02 -1.407748464021096706e-02 5.149863292355767730e-02
7.000000000000000000e+00 5.888489500000000376e-01 3.892252748817394137e-01 3.611792998045307984e-02 4.414435108494004639e-02 2.639657447614399827e-02 -1.407748464021096706e-02 5.149863292355767730e-02
7.000000000000000000e+00 6.259814500000000503e-01 4.030584692632635524e-01 3.658195211881181547e-02 4.520396887712535561e-02 2.694302238877275754e-02 -1.483659538798383186e-02 5.241545289774426908e-02
7.000000000000000000e+00 6.259814500000000503e-01 4.030584692632635524e-01 3.658195211881181547e-02 4.520396887712535561e-02 2.694302238877275754e-02 -1.483659538798383186e-02 5.241545289774426908e-02
7.000000000000000000e+00 6.631140100000000315e-01 4.171833986861788746e-01 3.683417662920807772e-02 4.625745859414216732e-02 2.737322820464560547e-02 -1.553747800768520357e-02 5.327116321841086910e-02
7.000000000000000000e+00 6.631140100000000315e-01 4.171833986861788746e-01 3.683417662920807772e-02 4.625745859414216732e-02 2.737322820464560547e-02 -1.553747800768520357e-02 5.327116321841086910e-02
7.000000000000000000e+00 7.064353199999999777e-01 4.344624865790696067e-01 3.682757541426105036e-02 4.744000725890108738e-02 2.781794403531662532e-02 -1.624783682425948866e-02 5.425162980739212798e-02
7.000000000000000000e+00 7.064353199999999777e-01 4.344624865790696067e-01 3.682757541426105036e-02 4.744000725890108738e-02 2.781794403531662532e-02 -1.624783682425948866e-02 5.425162980739212798e-02
7.000000000000000000e+00 7.497566300000000350e-01 4.516865892225686019e-01 3.714571145056703300e-02 4.846251373534274376e-02 2.814017418979341753e-02 -1.694136478825700523e-02 5.489604169094444708e-02
7.000000000000000000e+00 7.497566300000000350e-01 4.516865892225686019e-01 3.714571145056703300e-02 4.846251373534274376e-02 2.814017418979341753e-02 -1.694136478825700523e-02 5.489604169094444708e-02
7.000000000000000000e+00 7.930779500000000315e-01 4.692308622404170459e-01 3.730370849943977218e-02 4.933494709720835647e-02 2.845388653688018035e-02 -1.745601002163903875e-02 5.548661580267583160e-02
7.000000000000000000e+00 7.930779500000000315e-01 4.692308622404170459e-01 3.730370849943977218e-02 4.933494709720835647e-02 2.845388653688018035e-02 -1.745601002163903875e-02 5.548661580267583160e-02
7.000000000000000000e+00 8.425879499999999744e-01 4.888741680739634443e-01 3.747699038410477052e-02 5.017755929537250081e-02 2.858076057961463773e-02 -1.793760063230198654e-02 5.594183506260834438e-02
7.000000000000000000e+00 8.425879499999999744e-01 4.888741680739634443e-01 3.747699038410477052e-02 5.017755929537250081e-02 2.858076057961463773e-02 -1.793760063230198654e-02 5.594183506260834438e-02
7.000000000000000000e+00 8.425879499999999744e-01 4.888741680739634443e-01 3.747699038410477052e-02 5.017755929537250081e-02 2.858076057961463773e-02 -1.793760063230198654e-02 5.594183506260834438e-02
7.000000000000000000e+00 8.920980099999999968e-01 5.089011193644495945e-01 3.770749270927886698e-02 5.090929568536742972e-02 2.852526120878659879e-02 -1.838592812258980913e-02 5.614141375029206571e-02
7.000000000000000000e+00 8.920980099999999968e-01 5.089011193644495945e-01 3.770749270927886698e-02 5.090929568536742972e-02 2.852526120878659879e-02 -1.838592812258980913e-02 5.614141375029206571e-02
7.000000000000000000e+00 8.920980099999999968e-01 5.089011193644495945e-01 3.770749270927886698e-02 5.090929568536742972e-02 2.852526120878659879e-02 -1.838592812258980913e-02 5.614141375029206571e-02
7.000000000000000000e+00 9.477968199999999843e-01 5.316663973503689133e-01 3.750792518851583934e-02 5.169701201822209102e-02 2.828820236873687624e-02 -1.867517642361793059e-02 5.614155903148994320e-02
7.000000000000000000e+00 9.477968199999999843e-01 5.316663973503689133e-01 3.750792518851583934e-02 5.169701201822209102e-02 2.828820236873687624e-02 -1.867517642361793059e-02 5.614155903148994320e-02
7.000000000000000000e+00 1.003495699999999990e+00 5.547221332261389470e-01 3.728557004515963003e-02 5.205754563640469651e-02 2.792107867860859488e-02 -1.881368831221846491e-02 5.591600382124951862e-02
7.000000000000000000e+00 1.003495699999999990e+00 5.547221332261389470e-01 3.728557004515963003e-02 5.205754563640469651e-02 2.792107867860859488e-02 -1.881368831221846491e-02 5.591600382124951862e-02
7.000000000000000000e+00 1.065383200000000086e+00 5.799406187032747351e-01 3.712225703674516125e-02 5.216390639591399203e-02 2.739704023182629525e-02 -1.885369978589954837e-02 5.534370984003851579e-02
7.000000000000000000e+00 1.065383200000000086e+00 5.799406187032747351e-01 3.712225703674516125e-02 5.216390639591399203e-02 2.739704023182629525e-02 -1.885369978589954837e-02 5.534370984003851579e-02
7.000000000000000000e+00 1.133459599999999901e+00 6.077392829675343222e-01 3.692432866061634567e-02 5.184068129106617767e-02 2.656939770495616096e-02 -1.867509427103050332e-02 5.437013082600598152e-02
7.000000000000000000e+00 1.133459599999999901e+00 6.077392829675343222e-01 3.692432866061634567e-02 5.184068129106617767e-02 2.656939770495616096e-02 -1.867509427103050332e-02 5.437013082600598152e-02
7.000000000000000000e+00 1.201535800000000043e+00 6.360026510670899746e-01 3.691255674278097476e-02 5.115429336034057334e-02 2.562342242990954186e-02 -1.822616547303022166e-02 5.313440454627493814e-02
7.000000000000000000e+00 1.201535800000000043e+00 6.360026510670899746e-01 3.691255674278097476e-02 5.115429336034057334e-02 2.562342242990954186e-02 -1.822616547303022166e-02 5.313440454627493814e-02
7.000000000000000000e+00 1.269612200000000080e+00 6.643705993393529408e-01 3.694360330678922444e-02 5.029384783507873102e-02 2.458878782748476557e-02 -1.756886571677784142e-02 5.161907880729003223e-02
7.000000000000000000e+00 1.269612200000000080e+00 6.643705993393529408e-01 3.694360330678922444e-02 5.029384783507873102e-02 2.458878782748476557e-02 -1.756886571677784142e-02 5.161907880729003223e-02
7.000000000000000000e+00 1.350066100000000047e+00 6.974555985963989402e-01 3.701286766532456418e-02 4.875080207202495131e-02 2.347273332203358640e-02 -1.665545401339674908e-02 4.965640884372264641e-02
7.000000000000000000e+00 1.350066100000000047e+00 6.974555985963989402e-01 3.701286766532456418e-02 4.875080207202495131e-02 2.347273332203358640e-02 -1.665545401339674908e-02 4.965640884372264641e-02
7.000000000000000000e+00 1.430519899999999955e+00 7.289817187594144210e-01 3.694295521242749181e-02 4.679034376481807506e-02 2.228963063841191139e-02 -1.566365969938545918e-02 4.725754755341571994e-02
7.000000000000000000e+00 1.430519899999999955e+00 7.289817187594144210e-01 3.694295521242749181e-02 4.679034376481807506e-02 2.228963063841191139e-02 -1.566365969938545918e-02 4.725754755341571994e-02
7.000000000000000000e+00 1.517162399999999911e+00 7.609976972813052853e-01 3.668792929070864572e-02 4.412821452773191266e-02 2.082722332059413692e-02 -1.445593000894160318e-02 4.429571484020087407e-02
7.000000000000000000e+00 1.517162399999999911e+00 7.609976972813052853e-01 3.668792929070864572e-02 4.412821452773191266e-02 2.082722332059413692e-02 -1.445593000894160318e-02 4.429571484020087407e-02
7.000000000000000000e+00 1.603805099999999983e+00 7.910781620741984543e-01 3.633027505055571454e-02 4.113361123296144228e-02 1.941732445861229714e-02 -1.312248630291858696e-02 4.116190100344305214e-02
7.000000000000000000e+00 1.603805099999999983e+00 7.910781620741984543e-01 3.633027505055571454e-02 4.113361123296144228e-02 1.941732445861229714e-02 -1.312248630291858696e-02 4.116190100344305214e-02
7.000000000000000000e+00 1.684258899999999892e+00 8.163822773170080760e-01 3.580077027827844455e-02 3.829674929651964710e-02 1.811500143273863869e-02 -1.187116058394119267e-02 3.830161452759466706e-02
7.000000000000000000e+00 1.684258899999999892e+00 8.163822773170080760e-01 3.580077027827844455e-02 3.829674929651964710e-02 1.811500143273863869e-02 -1.187116058394119267e-02 3.830161452759466706e-02
7.000000000000000000e+00 1.690447699999999998e+00 8.181933200115864002e-01 3.574618314416352222e-02 3.806766823582199283e-02 1.801360006338051725e-02 -1.177833398000864736e-02 3.807538704134062757e-02
7.000000000000000000e+00 1.764712800000000081e+00 8.398621646896373694e-01 3.504883505907937374e-02 3.521004365326622920e-02 1.682697998453183685e-02 -1.067737227521715557e-02 3.531523091498129513e-02
7.000000000000000000e+00 1.764712800000000081e+00 8.398621646896373694e-01 3.504883505907937374e-02 3.521004365326622920e-02 1.682697998453183685e-02 -1.067737227521715557e-02 3.531523091498129513e-02
7.000000000000000000e+00 1.764712800000000081e+00 8.398621646896373694e-01 3.504883505907937374e-02 3.521004365326622920e-02 1.682697998453183685e-02 -1.067737227521715557e-02 3.531523091498129513e-02
7.000000000000000000e+00 1.838977800000000107e+00 8.600078189207843726e-01 3.435669855151641389e-02 3.219080025928722222e-02 1.569151527550970149e-02 -9.557279034821954469e-03 3.251817873913458862e-02
7.000000000000000000e+00 1.838977800000000107e+00 8.600078189207843726e-01 3.435669855151641389e-02 3.219080025928722222e-02 1.569151527550970149e-02 -9.557279034821954469e-03 3.251817873913458862e-02
7.000000000000000000e+00 1.907054199999999922e+00 8.770681653406914302e-01 3.339782335212222036e-02 2.957015431360214552e-02 1.467539163679401973e-02 -8.608093295530427208e-03 3.002419085182076244e-02
7.000000000000000000e+00 1.907054199999999922e+00 8.770681653406914302e-01 3.339782335212222036e-02 2.957015431360214552e-02 1.467539163679401973e-02 -8.608093295530427208e-03 3.002419085182076244e-02
7.000000000000000000e+00 1.968941700000000017e+00 8.910164259639894446e-01 3.238296489711198212e-02 2.735258044949946676e-02 1.377969685254475107e-02 -7.787261947297226955e-03 2.789594570497042417e-02
7.000000000000000000e+00 1.968941700000000017e+00 8.910164259639894446e-01 3.238296489711198212e-02 2.735258044949946676e-02 1.377969685254475107e-02 -7.787261947297226955e-03 2.789594570497042417e-02
7.000000000000000000e+00 2.030829199999999890e+00 9.033107178869362874e-01 3.120357524956792611e-02 2.547857138558732096e-02 1.290259497544980587e-02 -7.017067527450487896e-03 2.599560815898674035e-02
7.000000000000000000e+00 2.030829199999999890e+00 9.033107178869362874e-01 3.120357524956792611e-02 2.547857138558732096e-02 1.290259497544980587e-02 -7.017067527450487896e-03 2.599560815898674035e-02
7.000000000000000000e+00 2.086528100000000219e+00 9.135538999685959283e-01 3.001366287591897275e-02 2.383819120299170147e-02 1.214289709857807424e-02 -6.344862767722560595e-03 2.439832030472861846e-02
7.000000000000000000e+00 2.092716900000000102e+00 9.146191422920252334e-01 2.987749572407006823e-02 2.366808144957473214e-02 1.206237212636490294e-02 -6.270216232969672530e-03 2.423351902212659073e-02
7.000000000000000000e+00 2.142226899999999823e+00 9.229983034334424685e-01 2.875700485700030673e-02 2.226587483844476648e-02 1.140075782494097238e-02 -5.682023173327269659e-03 2.286210194494759512e-02
7.000000000000000000e+00 2.142226899999999823e+00 9.229983034334424685e-01 2.875700485700030673e-02 2.226587483844476648e-02 1.140075782494097238e-02 -5.682023173327269659e-03 2.286210194494759512e-02
7.000000000000000000e+00 2.191736899999999988e+00 9.308279100791556626e-01 2.763674866348993231e-02 2.084812808872868461e-02 1.076609407239163818e-02 -5.150719938882566962e-03 2.147700737223594974e-02
7.000000000000000000e+00 2.197925800000000152e+00 9.317649593915516837e-01 2.749043717184573507e-02 2.067949639348465318e-02 1.068995341381666873e-02 -5.084888141822454903e-03 2.131119200075429210e-02
7.000000000000000000e+00 2.241246900000000153e+00 9.380239789196868072e-01 2.651538418798308691e-02 1.950397075131684102e-02 1.017928915820592861e-02 -4.593450552587445210e-03 2.019396894339890725e-02
7.000000000000000000e+00 2.241246900000000153e+00 9.380239789196868072e-01 2.651538418798308691e-02 1.950397075131684102e-02 1.017928915820592861e-02 -4.593450552587445210e-03 2.019396894339890725e-02
7.000000000000000000e+00 2.290757199999999827e+00 9.445114160465077902e-01 2.533380261705127021e-02 1.822626540912804585e-02 9.581922296575312581e-03 -4.042942779875570262e-03 1.902589341923826075e-02
7.000000000000000000e+00 2.290757199999999827e+00 9.445114160465077902e-01 2.533380261705127021e-02 1.822626540912804585e-02 9.581922296575312581e-03 -4.042942779875570262e-03 1.902589341923826075e-02
7.000000000000000000e+00 2.334078299999999828e+00 9.493900523995416618e-01 2.422771633571595140e-02 1.721478467330777445e-02 9.063352971327032909e-03 -3.576838073574422749e-03 1.810200909741519967e-02
7.000000000000000000e+00 2.334078299999999828e+00 9.493900523995416618e-01 2.422771633571595140e-02 1.721478467330777445e-02 9.063352971327032909e-03 -3.576838073574422749e-03 1.810200909741519967e-02
7.000000000000000000e+00 2.371211100000000016e+00 9.530578893662745577e-01 2.324735059749640301e-02 1.641053237375776630e-02 8.636781414683778260e-03 -3.191414267434620512e-03 1.735805442319528560e-02
7.000000000000000000e+00 2.371211100000000016e+00 9.530578893662745577e-01 2.324735059749640301e-02 1.641053237375776630e-02 8.636781414683778260e-03 -3.191414267434620512e-03 1.735805442319528560e-02
7.000000000000000000e+00 2.408343599999999807e+00 9.560187488457758676e-01 2.224538538523250161e-02 1.569311799043356798e-02 8.231701781221839945e-03 -2.816675475266045090e-03 1.666925023487701371e-02
7.000000000000000000e+00 2.414532200000000017e+00 9.564150581605420642e-01 2.207926620737841669e-02 1.558420314601886847e-02 8.167154930558875869e-03 -2.755632476049530571e-03 1.656362388398697344e-02
7.000000000000000000e+00 2.445476100000000041e+00 9.582264446447437134e-01 2.123877097698718269e-02 1.505629272176882763e-02 7.847944748621339325e-03 -2.454500681401847358e-03 1.605421420235131000e-02
7.000000000000000000e+00 2.445476100000000041e+00 9.582264446447437134e-01 2.123877097698718269e-02 1.505629272176882763e-02 7.847944748621339325e-03 -2.454500681401847358e-03 1.605421420235131000e-02
7.000000000000000000e+00 2.482608599999999832e+00 9.597591770949861489e-01 2.020762554292588817e-02 1.446883780498135763e-02 7.464234734952805358e-03 -2.101849122986222587e-03 1.549579513797588910e-02
7.000000000000000000e+00 2.482608599999999832e+00 9.597591770949861489e-01 2.020762554292588817e-02 1.446883780498135763e-02 7.464234734952805358e-03 -2.101849122986222587e-03 1.549579513797588910e-02
7.000000000000000000e+00 2.513552400000000020e+00 9.603889580142536131e-01 1.933445299118877886e-02 1.401218066515639606e-02 7.142716833306039098e-03 -1.804056255393010188e-03 1.505804658972082974e-02
7.000000000000000000e+00 2.513552400000000020e+00 9.603889580142536131e-01 1.933445299118877886e-02 1.401218066515639606e-02 7.142716833306039098e-03 -1.804056255393010188e-03 1.505804658972082974e-02
7.000000000000000000e+00 2.513552400000000020e+00 9.603889580142536131e-01 1.933445299118877886e-02 1.401218066515639606e-02 7.142716833306039098e-03 -1.804056255393010188e-03 1.505804658972082974e-02
7.000000000000000000e+00 2.544496099999999927e+00 9.602726690801544063e-01 1.845569976745494237e-02 1.361294603451773493e-02 6.827718638287940713e-03 -1.501201718476268248e-03 1.466674030697209113e-02
7.000000000000000000e+00 2.544496099999999927e+00 9.602726690801544063e-01 1.845569976745494237e-02 1.361294603451773493e-02 6.827718638287940713e-03 -1.501201718476268248e-03 1.466674030697209113e-02
7.000000000000000000e+00 2.544496099999999927e+00 9.602726690801544063e-01 1.845569976745494237e-02 1.361294603451773493e-02 6.827718638287940713e-03 -1.501201718476268248e-03 1.466674030697209113e-02
7.000000000000000000e+00 2.575439900000000115e+00 9.595173607438978181e-01 1.756112364785011870e-02 1.327427227984848308e-02 6.528322865156562307e-03 -1.199503023457454930e-03 1.431852145451611991e-02
7.000000000000000000e+00 2.575439900000000115e+00 9.595173607438978181e-01 1.756112364785011870e-02 1.327427227984848308e-02 6.528322865156562307e-03 -1.199503023457454930e-03 1.431852145451611991e-02
7.000000000000000000e+00 2.575439900000000115e+00 9.595173607438978181e-01 1.756112364785011870e-02 1.327427227984848308e-02 6.528322865156562307e-03 -1.199503023457454930e-03 1.431852145451611991e-02
7.000000000000000000e+00 2.600194899999999976e+00 9.583660380979714954e-01 1.684269026419128387e-02 1.303244318107379431e-02 6.303770276766696573e-03 -9.538970396110321107e-04 1.406565618338050973e-02
7.000000000000000000e+00 2.600194899999999976e+00 9.583660380979714954e-01 1.684269026419128387e-02 1.303244318107379431e-02 6.303770276766696573e-03 -9.538970396110321107e-04 1.406565618338050973e-02
7.000000000000000000e+00 2.600194899999999976e+00 9.583660380979714954e-01 1.684269026419128387e-02 1.303244318107379431e-02 6.303770276766696573e-03 -9.538970396110321107e-04 1.406565618338050973e-02
7.000000000000000000e+00 2.624949899999999836e+00 9.566451931190779190e-01 1.612196583216666396e-02 1.282482712526834649e-02 6.086595170262341752e-03 -7.049396826070869785e-04 1.384841863747602285e-02
7.000000000000000000e+00 2.624949899999999836e+00 9.566451931190779190e-01 1.612196583216666396e-02 1.282482712526834649e-02 6.086595170262341752e-03 -7.049396826070869785e-04 1.384841863747602285e-02
7.000000000000000000e+00 2.624949899999999836e+00 9.566451931190779190e-01 1.612196583216666396e-02 1.282482712526834649e-02 6.086595170262341752e-03 -7.049396826070869785e-04 1.384841863747602285e-02
7.000000000000000000e+00 2.649704900000000141e+00 9.542686378327174257e-01 1.539331399198404227e-02 1.266703959989547677e-02 5.875543971314112039e-03 -4.505956812569043824e-04 1.366854295651086411e-02
7.000000000000000000e+00 2.649704900000000141e+00 9.542686378327174257e-01 1.539331399198404227e-02 1.266703959989547677e-02 5.875543971314112039e-03 -4.505956812569043824e-04 1.366854295651086411e-02
7.000000000000000000e+00 2.649704900000000141e+00 9.542686378327174257e-01 1.539331399198404227e-02 1.266703959989547677e-02 5.875543971314112039e-03 -4.505956812569043824e-04 1.366854295651086411e-02
7.000000000000000000e+00 2.674459900000000001e+00 9.510662008677618351e-01 1.466028867136739099e-02 1.255476300527063292e-02 5.665772882076497256e-03 -1.902092633699223009e-04 1.351961884243364949e-02
7.000000000000000000e+00 2.674459900000000001e+00 9.510662008677618351e-01 1.466028867136739099e-02 1.255476300527063292e-02 5.665772882076497256e-03 -1.902092633699223009e-04 1.351961884243364949e-02
7.000000000000000000e+00 2.693026300000000095e+00 9.480900770777102027e-01 1.410785328939359769e-02 1.251222380631007020e-02 5.508841980782035880e-03 8.317851118835405241e-06 1.343654097603612547e-02
7.000000000000000000e+00 2.693026300000000095e+00 9.480900770777102027e-01 1.410785328939359769e-02 1.251222380631007020e-02 5.508841980782035880e-03 8.317851118835405241e-06 1.343654097603612547e-02
7.000000000000000000e+00 2.711592700000000189e+00 9.445420448170163130e-01 1.354991472812093652e-02 1.250893718532703966e-02 5.352061489161505543e-03 2.134602920092944093e-04 1.337675650668826259e-02
7.000000000000000000e+00 2.711592700000000189e+00 9.445420448170163130e-01 1.354991472812093652e-02 1.250893718532703966e-02 5.352061489161505543e-03 2.134602920092944093e-04 1.337675650668826259e-02
7.000000000000000000e+00 2.730158799999999886e+00 9.403829589208884121e-01 1.298601478576456164e-02 1.253275199977967221e-02 5.197511104184258587e-03 4.175873974295748981e-04 1.333699470043070434e-02
7.000000000000000000e+00 2.736347700000000049e+00 9.388562971600972196e-01 1.279577443168832158e-02 1.254483411765616729e-02 5.146929790559200309e-03 4.854641251865250045e-04 1.332819366592545053e-02
7.000000000000000000e+00 2.748725199999999980e+00 9.355081846189928774e-01 1.241269725287763928e-02 1.257633704569851088e-02 5.047148835883745466e-03 6.201743089811276050e-04 1.331904530569118228e-02
7.000000000000000000e+00 2.748725199999999980e+00 9.355081846189928774e-01 1.241269725287763928e-02 1.257633704569851088e-02 5.047148835883745466e-03 6.201743089811276050e-04 1.331904530569118228e-02
7.000000000000000000e+00 2.767291300000000120e+00 9.297803662753303389e-01 1.182586722306376049e-02 1.265335079484826951e-02 4.903301184650400539e-03 8.220588027151385768e-04 1.332957762180540622e-02
7.000000000000000000e+00 2.767291300000000120e+00 9.297803662753303389e-01 1.182586722306376049e-02 1.265335079484826951e-02 4.903301184650400539e-03 8.220588027151385768e-04 1.332957762180540622e-02
7.000000000000000000e+00 2.785857700000000214e+00 9.231737762465977992e-01 1.122694014485847887e-02 1.277553216692798102e-02 4.761659365113286510e-03 1.022898023434272267e-03 1.336533117413698547e-02
7.000000000000000000e+00 2.785857700000000214e+00 9.231737762465977992e-01 1.122694014485847887e-02 1.277553216692798102e-02 4.761659365113286510e-03 1.022898023434272267e-03 1.336533117413698547e-02
7.000000000000000000e+00 2.798235200000000145e+00 9.182563926932041376e-01 1.081956849767885288e-02 1.288790931705732605e-02 4.667504057942159154e-03 1.155102510012664127e-03 1.340270516314320294e-02
7.000000000000000000e+00 2.798235200000000145e+00 9.182563926932041376e-01 1.081956849767885288e-02 1.288790931705732605e-02 4.667504057942159154e-03 1.155102510012664127e-03 1.340270516314320294e-02
7.000000000000000000e+00 2.810612700000000075e+00 9.128886363940319493e-01 1.040666758355217499e-02 1.302834999521583145e-02 4.573138734094292328e-03 1.285432706595506479e-03 1.345282709896967674e-02
7.000000000000000000e+00 2.810612700000000075e+00 9.128886363940319493e-01 1.040666758355217499e-02 1.302834999521583145e-02 4.573138734094292328e-03 1.285432706595506479e-03 1.345282709896967674e-02
7.000000000000000000e+00 2.829178999999999888e+00 9.039461262688975873e-01 9.767094468302995811e-03 1.327362961510096008e-02 4.428091380962993241e-03 1.474966268305726675e-03 1.354852477535219840e-02
7.000000000000000000e+00 2.829178999999999888e+00 9.039461262688975873e-01 9.767094468302995811e-03 1.327362961510096008e-02 4.428091380962993241e-03 1.474966268305726675e-03 1.354852477535219840e-02
7.000000000000000000e+00 2.841556499999999819e+00 8.973433045911088923e-01 9.329468820202942506e-03 1.345401743277710276e-02 4.327875496693729673e-03 1.596570354176658985e-03 1.362526944828459929e-02
7.000000000000000000e+00 2.841556499999999819e+00 8.973433045911088923e-01 9.329468820202942506e-03 1.345401743277710276e-02 4.327875496693729673e-03 1.596570354176658985e-03 1.362526944828459929e-02
7.000000000000000000e+00 2.853934000000000193e+00 8.901467620181963136e-01 8.880098308187730008e-03 1.364864049860031563e-02 4.223349932494124825e-03 1.713421080661650230e-03 1.370576550438385409e-02
7.000000000000000000e+00 2.853934000000000193e+00 8.901467620181963136e-01 8.880098308187730008e-03 1.364864049860031563e-02 4.223349932494124825e-03 1.713421080661650230e-03 1.370576550438385409e-02
7.000000000000000000e+00 2.860122699999999796e+00 8.862891669108033943e-01 8.649109145655919928e-03 1.375219073109374725e-02 4.168773362092858051e-03 1.769615619160172775e-03 1.374576812126379610e-02
7.000000000000000000e+00 2.860122699999999796e+00 8.862891669108033943e-01 8.649109145655919928e-03 1.375219073109374725e-02 4.168773362092858051e-03 1.769615619160172775e-03 1.374576812126379610e-02
7.000000000000000000e+00 2.872500200000000170e+00 8.780214053955823772e-01 8.176370709398686140e-03 1.397275681093789780e-02 4.052971763646134006e-03 1.875452151870299214e-03 1.382415473668338959e-02
7.000000000000000000e+00 2.872500200000000170e+00 8.780214053955823772e-01 8.176370709398686140e-03 1.397275681093789780e-02 4.052971763646134006e-03 1.875452151870299214e-03 1.382415473668338959e-02
7.000000000000000000e+00 2.884877700000000100e+00 8.689443327426292774e-01 7.685964658280629649e-03 1.421411746401819373e-02 3.924602438706251140e-03 1.972883605435060521e-03 1.389972970024961479e-02
7.000000000000000000e+00 2.884877700000000100e+00 8.689443327426292774e-01 7.685964658280629649e-03 1.421411746401819373e-02 3.924602438706251140e-03 1.972883605435060521e-03 1.389972970024961479e-02
7.000000000000000000e+00 2.891066599999999820e+00 8.640766336118580471e-01 7.433347698515990580e-03 1.434615366015832422e-02 3.854360537604405255e-03 2.018074609582383612e-03 1.393763658467782156e-02
7.000000000000000000e+00 2.891066599999999820e+00 8.640766336118580471e-01 7.433347698515990580e-03 1.434615366015832422e-02 3.854360537604405255e-03 2.018074609582383612e-03 1.393763658467782156e-02
7.000000000000000000e+00 2.903444100000000194e+00 8.536006367217167101e-01 6.913978386606505801e-03 1.463868782174512079e-02 3.699414238082264234e-03 2.100477967468496708e-03 1.401456291455844931e-02
7.000000000000000000e+00 2.903444100000000194e+00 8.536006367217167101e-01 6.913978386606505801e-03 1.463868782174512079e-02 3.699414238082264234e-03 2.100477967468496708e-03 1.401456291455844931e-02
7.000000000000000000e+00 2.909632699999999961e+00 8.479176595797522920e-01 6.645497109313279992e-03 1.480265289265411677e-02 3.614331578984218783e-03 2.135736020505017447e-03 1.405640797142075106e-02
7.000000000000000000e+00 2.909632699999999961e+00 8.479176595797522920e-01 6.645497109313279992e-03 1.480265289265411677e-02 3.614331578984218783e-03 2.135736020505017447e-03 1.405640797142075106e-02
7.000000000000000000e+00 2.915821600000000124e+00 8.419398174510790422e-01 6.370023033733737856e-03 1.497836456551928166e-02 3.523676569254223945e-03 2.166500285112943260e-03 1.410061148377397301e-02
7.000000000000000000e+00 2.915821600000000124e+00 8.419398174510790422e-01 6.370023033733737856e-03 1.497836456551928166e-02 3.523676569254223945e-03 2.166500285112943260e-03 1.410061148377397301e-02
7.000000000000000000e+00 2.928199100000000055e+00 8.288638041898254150e-01 5.797815114245119007e-03 1.535222096328912877e-02 3.311580986878697851e-03 2.214744118625341148e-03 1.417359833482730903e-02
7.000000000000000000e+00 2.928199100000000055e+00 8.288638041898254150e-01 5.797815114245119007e-03 1.535222096328912877e-02 3.311580986878697851e-03 2.214744118625341148e-03 1.417359833482730903e-02
7.000000000000000000e+00 2.934387899999999938e+00 8.216202516494435226e-01 5.500521636821438867e-03 1.556597015016253360e-02 3.190027516099334503e-03 2.231812742324308044e-03 1.421373695731487606e-02
7.000000000000000000e+00 2.934387899999999938e+00 8.216202516494435226e-01 5.500521636821438867e-03 1.556597015016253360e-02 3.190027516099334503e-03 2.231812742324308044e-03 1.421373695731487606e-02
7.000000000000000000e+00 2.940576599999999985e+00 8.137868589536212394e-01 5.193975679587092310e-03 1.580353470541644156e-02 3.056182099305465930e-03 2.243584761218065868e-03 1.425720508406840004e-02
7.000000000000000000e+00 2.940576599999999985e+00 8.137868589536212394e-01 5.193975679587092310e-03 1.580353470541644156e-02 3.056182099305465930e-03 2.243584761218065868e-03 1.425720508406840004e-02
7.000000000000000000e+00 2.946765399999999868e+00 8.052349408822706556e-01 4.877634125648878938e-03 1.607155141394513501e-02 2.907954474871797187e-03 2.249012215829456623e-03 1.430514437183886579e-02
7.000000000000000000e+00 2.946765399999999868e+00 8.052349408822706556e-01 4.877634125648878938e-03 1.607155141394513501e-02 2.907954474871797187e-03 2.249012215829456623e-03 1.430514437183886579e-02
7.000000000000000000e+00 2.952954099999999915e+00 7.958999702947360255e-01 4.551183263601069236e-03 1.637499293384653623e-02 2.745218643083890183e-03 2.248052913525847366e-03 1.435918593987478564e-02
7.000000000000000000e+00 2.952954099999999915e+00 7.958999702947360255e-01 4.551183263601069236e-03 1.637499293384653623e-02 2.745218643083890183e-03 2.248052913525847366e-03 1.435918593987478564e-02
7.000000000000000000e+00 2.959142899999999798e+00 7.856070185526323746e-01 4.215185381699477346e-03 1.672396679307671871e-02 2.566427424458061612e-03 2.240051312737076535e-03 1.442240248506260550e-02
7.000000000000000000e+00 2.959142899999999798e+00 7.856070185526323746e-01 4.215185381699477346e-03 1.672396679307671871e-02 2.566427424458061612e-03 2.240051312737076535e-03 1.442240248506260550e-02
7.000000000000000000e+00 2.959142899999999798e+00 7.856070185526323746e-01 4.215185381699477346e-03 1.672396679307671871e-02 2.566427424458061612e-03 2.240051312737076535e-03 1.442240248506260550e-02
7.000000000000000000e+00 2.965331599999999845e+00 7.740010228378236823e-01 3.869455686788379582e-03 1.713682146290284800e-02 2.368971490959592523e-03 2.223902429189796807e-03 1.449947780978990200e-02
7.000000000000000000e+00 2.965331599999999845e+00 7.740010228378236823e-01 3.869455686788379582e-03 1.713682146290284800e-02 2.368971490959592523e-03 2.223902429189796807e-03 1.449947780978990200e-02
7.000000000000000000e+00 2.965331599999999845e+00 7.740010228378236823e-01 3.869455686788379582e-03 1.713682146290284800e-02 2.368971490959592523e-03 2.223902429189796807e-03 1.449947780978990200e-02
7.000000000000000000e+00 2.971520400000000173e+00 7.607270993759177591e-01 3.513167596675620136e-03 1.762962522892026415e-02 2.152223514542816324e-03 2.198903685944453464e-03 1.459362693489222804e-02
7.000000000000000000e+00 2.971520400000000173e+00 7.607270993759177591e-01 3.513167596675620136e-03 1.762962522892026415e-02 2.152223514542816324e-03 2.198903685944453464e-03 1.459362693489222804e-02
7.000000000000000000e+00 2.977709100000000220e+00 7.454876760384400169e-01 3.147971413508607839e-03 1.821201068499871470e-02 1.917724280456181707e-03 2.164792622730128766e-03 1.470613859341864983e-02
7.000000000000000000e+00 2.977709100000000220e+00 7.454876760384400169e-01 3.147971413508607839e-03 1.821201068499871470e-02 1.917724280456181707e-03 2.164792622730128766e-03 1.470613859341864983e-02
7.000000000000000000e+00 2.977709100000000220e+00 7.454876760384400169e-01 3.147971413508607839e-03 1.821201068499871470e-02 1.917724280456181707e-03 2.164792622730128766e-03 1.470613859341864983e-02
7.000000000000000000e+00 2.977709100000000220e+00 7.454876760384400169e-01 3.147971413508607839e-03 1.821201068499871470e-02 1.917724280456181707e-03 2.164792622730128766e-03 1.470613859341864983e-02
7.000000000000000000e+00 2.983897900000000103e+00 7.271741147194977772e-01 2.772312438795389213e-03 1.892509779466738928e-02 1.663771161823356234e-03 2.117308041143929013e-03 1.484413764484339426e-02
7.000000000000000000e+00 2.983897900000000103e+00 7.271741147194977772e-01 2.772312438795389213e-03 1.892509779466738928e-02 1.663771161823356234e-03 2.117308041143929013e-03 1.484413764484339426e-02
7.000000000000000000e+00 2.990086600000000150e+00 7.052100650764575596e-01 2.387298433726768847e-03 1.977058102960393970e-02 1.394623129781197941e-03 2.053694359921866622e-03 1.500443772287939070e-02
7.000000000000000000e+00 2.990086600000000150e+00 7.052100650764575596e-01 2.387298433726768847e-03 1.977058102960393970e-02 1.394623129781197941e-03 2.053694359921866622e-03 1.500443772287939070e-02
7.000000000000000000e+00 2.990086600000000150e+00 7.052100650764575596e-01 2.387298433726768847e-03 1.977058102960393970e-02 1.394623129781197941e-03 2.053694359921866622e-03 1.500443772287939070e-02
7.000000000000000000e+00 2.990086600000000150e+00 7.052100650764575596e-01 2.387298433726768847e-03 1.977058102960393970e-02 1.394623129781197941e-03 2.053694359921866622e-03 1.500443772287939070e-02
7.000000000000000000e+00 2.996275400000000033e+00 6.772334514130780025e-01 1.993378120262890435e-03 2.076210984466451970e-02 1.113896577010434295e-03 1.961264201376737223e-03 1.517399425506701059e-02
7.000000000000000000e+00 2.996275400000000033e+00 6.772334514130780025e-01 1.993378120262890435e-03 2.076210984466451970e-02 1.113896577010434295e-03 1.961264201376737223e-03 1.517399425506701059e-02
7.000000000000000000e+00 2.996275400000000033e+00 6.772334514130780025e-01 1.993378120262890435e-03 2.076210984466451970e-02 1.113896577010434295e-03 1.961264201376737223e-03 1.517399425506701059e-02
7.000000000000000000e+00 2.996275400000000033e+00 6.772334514130780025e-01 1.993378120262890435e-03 2.076210984466451970e-02 1.113896577010434295e-03 1.961264201376737223e-03 1.517399425506701059e-02
7.000000000000000000e+00 3.002464100000000080e+00 6.413685662341495064e-01 1.592389350595502760e-03 2.181937745854027264e-02 8.303452476875043155e-04 1.827797008256554223e-03 1.530183579411434174e-02
7.000000000000000000e+00 3.002464100000000080e+00 6.413685662341495064e-01 1.592389350595502760e-03 2.181937745854027264e-02 8.303452476875043155e-04 1.827797008256554223e-03 1.530183579411434174e-02
7.000000000000000000e+00 3.002464100000000080e+00 6.413685662341495064e-01 1.592389350595502760e-03 2.181937745854027264e-02 8.303452476875043155e-04 1.827797008256554223e-03 1.530183579411434174e-02
7.000000000000000000e+00 3.002464100000000080e+00 6.413685662341495064e-01 1.592389350595502760e-03 2.181937745854027264e-02 8.303452476875043155e-04 1.827797008256554223e-03 1.530183579411434174e-02
7.000000000000000000e+00 3.008652899999999963e+00 5.908221259851407225e-01 1.189075875207087516e-03 2.262512268514759936e-02 5.579800288343637373e-04 1.610803130558768935e-03 1.518145158629866445e-02
7.000000000000000000e+00 3.008652899999999963e+00 5.908221259851407225e-01 1.189075875207087516e-03 2.262512268514759936e-02 5.579800288343637373e-04 1.610803130558768935e-03 1.518145158629866445e-02
7.000000000000000000e+00 3.008652899999999963e+00 5.908221259851407225e-01 1.189075875207087516e-03 2.262512268514759936e-02 5.579800288343637373e-04 1.610803130558768935e-03 1.518145158629866445e-02
7.000000000000000000e+00 3.008652899999999963e+00 5.908221259851407225e-01 1.189075875207087516e-03 2.262512268514759936e-02 5.579800288343637373e-04 1.610803130558768935e-03 1.518145158629866445e-02
7.000000000000000000e+00 3.008652899999999963e+00 5.908221259851407225e-01 1.189075875207087516e-03 2.262512268514759936e-02 5.579800288343637373e-04 1.610803130558768935e-03 1.518145158629866445e-02
7.000000000000000000e+00 3.008652899999999963e+00 5.908221259851407225e-01 1.189075875207087516e-03 2.262512268514759936e-02 5.579800288343637373e-04 1.610803130558768935e-03 1.518145158629866445e-02
7.000000000000000000e+00 3.014841600000000010e+00 5.179630762430544877e-01 7.960222526774670196e-04 2.218164942122064984e-02 3.158074808523472321e-04 1.263727020207414814e-03 1.427624436718841379e-02
7.000000000000000000e+00 3.014841600000000010e+00 5.179630762430544877e-01 7.960222526774670196e-04 2.218164942122064984e-02 3.158074808523472321e-04 1.263727020207414814e-03 1.427624436718841379e-02
7.000000000000000000e+00 3.014841600000000010e+00 5.179630762430544877e-01 7.960222526774670196e-04 2.218164942122064984e-02 3.158074808523472321e-04 1.263727020207414814e-03 1.427624436718841379e-02
7.000000000000000000e+00 3.014841600000000010e+00 5.179630762430544877e-01 7.960222526774670196e-04 2.218164942122064984e-02 3.158074808523472321e-04 1.263727020207414814e-03 1.427624436718841379e-02
7.000000000000000000e+00 3.014841600000000010e+00 5.179630762430544877e-01 7.960222526774670196e-04 2.218164942122064984e-02 3.158074808523472321e-04 1.263727020207414814e-03 1.427624436718841379e-02
7.000000000000000000e+00 3.014841600000000010e+00 5.179630762430544877e-01 7.960222526774670196e-04 2.218164942122064984e-02 3.158074808523472321e-04 1.263727020207414814e-03 1.427624436718841379e-02
7.000000000000000000e+00 3.021030399999999894e+00 4.099531240646634433e-01 4.371981426694343423e-04 1.825553524414560980e-02 1.290571805636948227e-04 7.518135795187664639e-04 1.141603840611860043e-02
7.000000000000000000e+00 3.021030399999999894e+00 4.099531240646634433e-01 4.371981426694343423e-04 1.825553524414560980e-02 1.290571805636948227e-04 7.518135795187664639e-04 1.141603840611860043e-02
7.000000000000000000e+00 3.021030399999999894e+00 4.099531240646634433e-01 4.371981426694343423e-04 1.825553524414560980e-02 1.290571805636948227e-04 7.518135795187664639e-04 1.141603840611860043e-02
7.000000000000000000e+00 3.021030399999999894e+00 4.099531240646634433e-01 4.371981426694343423e-04 1.825553524414560980e-02 1.290571805636948227e-04 7.518135795187664639e-04 1.141603840611860043e-02
7.000000000000000000e+00 3.021030399999999894e+00 4.099531240646634433e-01 4.371981426694343423e-04 1.825553524414560980e-02 1.290571805636948227e-04 7.518135795187664639e-04 1.141603840611860043e-02
7.000000000000000000e+00 3.021030399999999894e+00 4.099531240646634433e-01 4.371981426694343423e-04 1.825553524414560980e-02 1.290571805636948227e-04 7.518135795187664639e-04 1.141603840611860043e-02
7.000000000000000000e+00 3.027219300000000057e+00 2.537217348776847903e-01 1.523987180063078248e-04 8.754986557805133005e-03 2.400062206758356157e-05 2.058629019343565891e-04 5.533374272021159695e-03
7.000000000000000000e+00 3.027219300000000057e+00 2.537217348776847903e-01 1.523987180063078248e-04 8.754986557805133005e-03 2.400062206758356157e-05 2.058629019343565891e-04 5.533374272021159695e-03
7.000000000000000000e+00 3.027219300000000057e+00 2.537217348776847903e-01 1.523987180063078248e-04 8.754986557805133005e-03 2.400062206758356157e-05 2.058629019343565891e-04 5.533374272021159695e-03
7.000000000000000000e+00 3.027219300000000057e+00 2.537217348776847903e-01 1.523987180063078248e-04 8.754986557805133005e-03 2.400062206758356157e-05 2.058629019343565891e-04 5.533374272021159695e-03
7.000000000000000000e+00 3.027219300000000057e+00 2.537217348776847903e-01 1.523987180063078248e-04 8.754986557805133005e-03 2.400062206758356157e-05 2.058629019343565891e-04 5.533374272021159695e-03
7.000000000000000000e+00 3.027219300000000057e+00 2.537217348776847903e-01 1.523987180063078248e-04 8.754986557805133005e-03 2.400062206758356157e-05 2.058629019343565891e-04 5.533374272021159695e-03
7.000000000000000000e+00 3.027219300000000057e+00 2.537217348776847903e-01 1.523987180063078248e-04 8.754986557805133005e-03 2.400062206758356157e-05 2.058629019343565891e-04 5.533374272021159695e-03
7.000000000000000000e+00 3.027219300000000057e+00 2.537217348776847903e-01 1.523987180063078248e-04 8.754986557805133005e-03 2.400062206758356157e-05 2.058629019343565891e-04 5.533374272021159695e-03
7.000000000000000000e+00 3.027219300000000057e+00 2.537217348776847903e-01 1.523987180063078248e-04 8.754986557805133005e-03 2.400062206758356157e-05 2.058629019343565891e-04 5.533374272021159695e-03
7.000000000000000000e+00 3.027219300000000057e+00 2.537217348776847903e-01 1.523987180063078248e-04 8.754986557805133005e-03 2.400062206758356157e-05 2.058629019343565891e-04 5.533374272021159695e-03
7.000000000000000000e+00 3.033407899999999824e+00 5.549728926565267173e-02 -1.687667208558448406e-06 4.495836339163984674e-04 1.243582976139640493e-07 9.186759332187462938e-07 3.226056616578275998e-04
7.000000000000000000e+00 3.033407899999999824e+00 5.549728926565267173e-02 -1.687667208558448406e-06 4.495836339163984674e-04 1.243582976139640493e-07 9.186759332187462938e-07 3.226056616578275998e-04
7.000000000000000000e+00 3.033407899999999824e+00 5.549728926565267173e-02 -1.687667208558448406e-06 4.495836339163984674e-04 1.243582976139640493e-07 9.186759332187462938e-07 3.226056616578275998e-04
7.000000000000000000e+00 3.033407899999999824e+00 5.549728926565267173e-02 -1.687667208558448406e-06 4.495836339163984674e-04 1.243582976139640493e-07 9.186759332187462938e-07 3.226056616578275998e-04
7.000000000000000000e+00 3.033407899999999824e+00 5.549728926565267173e-02 -1.687667208558448406e-06 4.495836339163984674e-04 1.243582976139640493e-07 9.186759332187462938e-07 3.226056616578275998e-04
7.000000000000000000e+00 3.033407899999999824e+00 5.549728926565267173e-02 -1.687667208558448406e-06 4.495836339163984674e-04 1.243582976139640493e-07 9.186759332187462938e-07 3.226056616578275998e-04
7.000000000000000000e+00 3.033407899999999824e+00 5.549728926565267173e-02 -1.687667208558448406e-06 4.495836339163984674e-04 1.243582976139640493e-07 9.186759332187462938e-07 3.226056616578275998e-04
7.000000000000000000e+00 3.033407899999999824e+00 5.549728926565267173e-02 -1.687667208558448406e-06 4.495836339163984674e-04 1.243582976139640493e-07 9.186759332187462938e-07 3.226056616578275998e-04
7.000000000000000000e+00 3.033407899999999824e+00 5.549728926565267173e-02 -1.687667208558448406e-06 4.495836339163984674e-04 1.243582976139640493e-07 9.186759332187462938e-07 3.226056616578275998e-04
7.000000000000000000e+00 3.033407899999999824e+00 5.549728926565267173e-02 -1.687667208558448406e-06 4.495836339163984674e-04 1.243582976139640493e-07 9.186759332187462938e-07 3.226056616578275998e-04
7.000000000000000000e+00 3.033407899999999824e+00 5.549728926565267173e-02 -1.687667208558448406e-06 4.495836339163984674e-04 1.243582976139640493e-07 9.186759332187462938e-07 3.226056616578275998e-04
7.000000000000000000e+00 3.033407899999999824e+00 5.549728926565267173e-02 -1.687667208558448406e-06 4.495836339163984674e-04 1.243582976139640493e-07 9.186759332187462938e-07 3.226056616578275998e-04
