(8.000000000000000000e+00 4.526962900000000012e-01 0.000000000000000000e+00)
(8.000000000000000000e+00 4.836400699999999775e-01 0.000000000000000000e+00)
(8.000000000000000000e+00 4.526962900000000012e-01 0.000000000000000000e+00)
(8.000000000000000000e+00 4.836400699999999775e-01 0.000000000000000000e+00)
(8.000000000000000000e+00 4.588850400000000218e-01 0.000000000000000000e+00)
(8.000000000000000000e+00 4.836400699999999775e-01 0.000000000000000000e+00)
(8.000000000000000000e+00 4.588850400000000218e-01 0.000000000000000000e+00)
(8.000000000000000000e+00 4.898288299999999929e-01 0.000000000000000000e+00)
(8.000000000000000000e+00 4.588850400000000218e-01 0.000000000000000000e+00)
(8.000000000000000000e+00 4.898288299999999929e-01 0.000000000000000000e+00)
(8.000000000000000000e+00 4.650737899999999869e-01 0.000000000000000000e+00)
(8.000000000000000000e+00 4.898288299999999929e-01 0.000000000000000000e+00)
(8.000000000000000000e+00 4.650737899999999869e-01 0.000000000000000000e+00)
(8.000000000000000000e+00 4.960175800000000135e-01 0.000000000000000000e+00)
(8.000000000000000000e+00 4.650737899999999869e-01 0.000000000000000000e+00)
(8.000000000000000000e+00 4.960175800000000135e-01 0.000000000000000000e+00)
(8.000000000000000000e+00 4.712625400000000075e-01 0.000000000000000000e+00)
(8.000000000000000000e+00 5.022063300000000341e-01 0.000000000000000000e+00)
(8.000000000000000000e+00 4.712625400000000075e-01 0.000000000000000000e+00)
(8.000000000000000000e+00 5.022063300000000341e-01 0.000000000000000000e+00)
(8.000000000000000000e+00 4.774513200000000124e-01 0.000000000000000000e+00)
(8.000000000000000000e+00 5.083950799999999992e-01 0.000000000000000000e+00)
(8.000000000000000000e+00 4.774513200000000124e-01 0.000000000000000000e+00)
(8.000000000000000000e+00 5.083950799999999992e-01 0.000000000000000000e+00)
(8.000000000000000000e+00 4.836400699999999775e-01 0.000000000000000000e+00)
(8.000000000000000000e+00 5.145838299999999643e-01 0.000000000000000000e+00)
(8.000000000000000000e+00 4.836400699999999775e-01 0.000000000000000000e+00)
(8.000000000000000000e+00 5.145838299999999643e-01 0.000000000000000000e+00)
(8.000000000000000000e+00 4.898288299999999929e-01 0.000000000000000000e+00)
(8.000000000000000000e+00 5.207726400000000089e-01 0.000000000000000000e+00)
(8.000000000000000000e+00 4.960175800000000135e-01 0.000000000000000000e+00)
(8.000000000000000000e+00 5.207726400000000089e-01 0.000000000000000000e+00)
(8.000000000000000000e+00 4.960175800000000135e-01 0.000000000000000000e+00)
(8.000000000000000000e+00 5.269613899999999740e-01 0.000000000000000000e+00)
(8.000000000000000000e+00 5.022063300000000341e-01 0.000000000000000000e+00)
(8.000000000000000000e+00 5.331501400000000501e-01 0.000000000000000000e+00)
(8.000000000000000000e+00 5.083950799999999992e-01 0.000000000000000000e+00)
(8.000000000000000000e+00 5.393388900000000152e-01 0.000000000000000000e+00)
(8.000000000000000000e+00 5.145838299999999643e-01 0.000000000000000000e+00)
(8.000000000000000000e+00 5.393388900000000152e-01 0.000000000000000000e+00)
(8.000000000000000000e+00 5.207726400000000089e-01 0.000000000000000000e+00)
(8.000000000000000000e+00 5.455276399999999803e-01 0.000000000000000000e+00)
(8.000000000000000000e+00 5.269613899999999740e-01 0.000000000000000000e+00)
(8.000000000000000000e+00 5.517163899999999455e-01 0.000000000000000000e+00)
(8.000000000000000000e+00 5.331501400000000501e-01 0.000000000000000000e+00)
(8.000000000000000000e+00 5.579051400000000216e-01 0.000000000000000000e+00)
(8.000000000000000000e+00 5.393388900000000152e-01 0.000000000000000000e+00)
(8.000000000000000000e+00 5.640938899999999867e-01 0.000000000000000000e+00)
(8.000000000000000000e+00 5.455276399999999803e-01 0.000000000000000000e+00)
(8.000000000000000000e+00 5.702826399999999518e-01 0.000000000000000000e+00)
(8.000000000000000000e+00 5.517163899999999455e-01 0.000000000000000000e+00)
(8.000000000000000000e+00 5.764714499999999964e-01 0.000000000000000000e+00)
(8.000000000000000000e+00 5.579051400000000216e-01 0.000000000000000000e+00)
(8.000000000000000000e+00 5.888489500000000376e-01 0.000000000000000000e+00)
(8.000000000000000000e+00 5.640938899999999867e-01 0.000000000000000000e+00)
(8.000000000000000000e+00 5.950377000000000027e-01 0.000000000000000000e+00)
(8.000000000000000000e+00 5.764714499999999964e-01 0.000000000000000000e+00)
(8.000000000000000000e+00 6.012264499999999678e-01 0.000000000000000000e+00)
(8.000000000000000000e+00 5.826601999999999615e-01 0.000000000000000000e+00)
(8.000000000000000000e+00 6.136039500000000091e-01 0.000000000000000000e+00)
(8.000000000000000000e+00 5.950377000000000027e-01 0.000000000000000000e+00)
(8.000000000000000000e+00 6.197926999999999742e-01 0.000000000000000000e+00)
(8.000000000000000000e+00 6.012264499999999678e-01 0.000000000000000000e+00)
(8.000000000000000000e+00 6.321702599999999839e-01 0.000000000000000000e+00)
(8.000000000000000000e+00 6.136039500000000091e-01 0.000000000000000000e+00)
(8.000000000000000000e+00 6.445477600000000251e-01 0.000000000000000000e+00)
(8.000000000000000000e+00 6.259814500000000503e-01 0.000000000000000000e+00)
(8.000000000000000000e+00 6.507365099999999902e-01 0.000000000000000000e+00)
(8.000000000000000000e+00 6.383590099999999490e-01 0.000000000000000000e+00)
(8.000000000000000000e+00 6.631140100000000315e-01 0.000000000000000000e+00)
(8.000000000000000000e+00 6.507365099999999902e-01 0.000000000000000000e+00)
(8.000000000000000000e+00 6.754915099999999617e-01 0.000000000000000000e+00)
(8.000000000000000000e+00 6.631140100000000315e-01 0.000000000000000000e+00)
(8.000000000000000000e+00 6.940578200000000475e-01 0.000000000000000000e+00)
(8.000000000000000000e+00 6.816802600000000378e-01 0.000000000000000000e+00)
(8.000000000000000000e+00 7.064353199999999777e-01 0.000000000000000000e+00)
(8.000000000000000000e+00 6.940578200000000475e-01 0.000000000000000000e+00)
(8.000000000000000000e+00 7.188128200000000190e-01 0.000000000000000000e+00)
(8.000000000000000000e+00 7.126240700000000539e-01 0.000000000000000000e+00)
(8.000000000000000000e+00 7.373790700000000253e-01 0.000000000000000000e+00)
(8.000000000000000000e+00 7.621341299999999652e-01 0.000000000000000000e+00)
(8.000000000000000000e+00 7.311903199999999492e-01 0.000000000000000000e+00)
(8.000000000000000000e+00 7.559453800000000001e-01 0.000000000000000000e+00)
(8.000000000000000000e+00 7.807003900000000218e-01 0.000000000000000000e+00)
(8.000000000000000000e+00 7.497566300000000350e-01 0.000000000000000000e+00)
(8.000000000000000000e+00 7.745116399999999457e-01 0.000000000000000000e+00)
(8.000000000000000000e+00 7.992666999999999966e-01 0.000000000000000000e+00)
(8.000000000000000000e+00 7.683228899999999806e-01 0.000000000000000000e+00)
(8.000000000000000000e+00 7.930779500000000315e-01 0.000000000000000000e+00)
(8.000000000000000000e+00 8.178329500000000030e-01 0.000000000000000000e+00)
(8.000000000000000000e+00 7.868891399999999869e-01 0.000000000000000000e+00)
(8.000000000000000000e+00 8.116442000000000379e-01 0.000000000000000000e+00)
(8.000000000000000000e+00 8.363992000000000093e-01 0.000000000000000000e+00)
(8.000000000000000000e+00 8.116442000000000379e-01 0.000000000000000000e+00)
(8.000000000000000000e+00 8.363992000000000093e-01 0.000000000000000000e+00)
(8.000000000000000000e+00 8.611542599999999492e-01 0.000000000000000000e+00)
(8.000000000000000000e+00 8.302104500000000442e-01 0.000000000000000000e+00)
(8.000000000000000000e+00 8.549655099999999841e-01 0.000000000000000000e+00)
(8.000000000000000000e+00 8.797205099999999556e-01 0.000000000000000000e+00)
