(8.000000000000000000e+00 4.526962900000000012e-01 0.000000000000000000e+00)
(8.000000000000000000e+00 4.650737899999999869e-01 0.000000000000000000e+00)
(8.000000000000000000e+00 4.526962900000000012e-01 0.000000000000000000e+00)
(8.000000000000000000e+00 4.650737899999999869e-01 0.000000000000000000e+00)
(8.000000000000000000e+00 4.526962900000000012e-01 0.000000000000000000e+00)
(8.000000000000000000e+00 4.650737899999999869e-01 0.000000000000000000e+00)
(8.000000000000000000e+00 4.526962900000000012e-01 0.000000000000000000e+00)
(8.000000000000000000e+00 4.650737899999999869e-01 0.000000000000000000e+00)
(8.000000000000000000e+00 4.526962900000000012e-01 0.000000000000000000e+00)
(8.000000000000000000e+00 4.712625400000000075e-01 0.000000000000000000e+00)
(8.000000000000000000e+00 4.526962900000000012e-01 0.000000000000000000e+00)
(8.000000000000000000e+00 4.712625400000000075e-01 0.000000000000000000e+00)
(8.000000000000000000e+00 4.526962900000000012e-01 0.000000000000000000e+00)
(8.000000000000000000e+00 4.712625400000000075e-01 0.000000000000000000e+00)
(8.000000000000000000e+00 4.526962900000000012e-01 0.000000000000000000e+00)
(8.000000000000000000e+00 4.712625400000000075e-01 0.000000000000000000e+00)
(8.000000000000000000e+00 4.526962900000000012e-01 0.000000000000000000e+00)
(8.000000000000000000e+00 4.712625400000000075e-01 0.000000000000000000e+00)
(8.000000000000000000e+00 4.526962900000000012e-01 0.000000000000000000e+00)
(8.000000000000000000e+00 4.712625400000000075e-01 0.000000000000000000e+00)
(8.000000000000000000e+00 4.526962900000000012e-01 0.000000000000000000e+00)
(8.000000000000000000e+00 4.774513200000000124e-01 0.000000000000000000e+00)
(8.000000000000000000e+00 4.526962900000000012e-01 0.000000000000000000e+00)
(8.000000000000000000e+00 4.774513200000000124e-01 0.000000000000000000e+00)
(8.000000000000000000e+00 4.526962900000000012e-01 0.000000000000000000e+00)
(8.000000000000000000e+00 4.774513200000000124e-01 0.000000000000000000e+00)
(8.000000000000000000e+00 4.526962900000000012e-01 0.000000000000000000e+00)
(8.000000000000000000e+00 4.774513200000000124e-01 0.000000000000000000e+00)
(8.000000000000000000e+00 4.526962900000000012e-01 0.000000000000000000e+00)
(8.000000000000000000e+00 4.774513200000000124e-01 0.000000000000000000e+00)
(8.000000000000000000e+00 8.549655099999999841e-01 0.000000000000000000e+00)
(8.000000000000000000e+00 8.797205099999999556e-01 0.000000000000000000e+00)
(8.000000000000000000e+00 9.044755700000000065e-01 0.000000000000000000e+00)
(8.000000000000000000e+00 8.797205099999999556e-01 0.000000000000000000e+00)
(8.000000000000000000e+00 9.044755700000000065e-01 0.000000000000000000e+00)
(8.000000000000000000e+00 9.292305699999999780e-01 0.000000000000000000e+00)
(8.000000000000000000e+00 9.106643199999999716e-01 0.000000000000000000e+00)
(8.000000000000000000e+00 9.354193200000000541e-01 0.000000000000000000e+00)
(8.000000000000000000e+00 9.601743799999999940e-01 0.000000000000000000e+00)
(8.000000000000000000e+00 9.416080700000000192e-01 0.000000000000000000e+00)
(8.000000000000000000e+00 9.663631299999999591e-01 0.000000000000000000e+00)
(8.000000000000000000e+00 9.849293799999999655e-01 0.000000000000000000e+00)
(8.000000000000000000e+00 9.725518800000000352e-01 0.000000000000000000e+00)
(8.000000000000000000e+00 9.911181300000000416e-01 0.000000000000000000e+00)
(8.000000000000000000e+00 1.015873199999999921e+00 0.000000000000000000e+00)
(8.000000000000000000e+00 1.003495699999999990e+00 0.000000000000000000e+00)
(8.000000000000000000e+00 1.028250700000000073e+00 0.000000000000000000e+00)
(8.000000000000000000e+00 1.046816900000000050e+00 0.000000000000000000e+00)
(8.000000000000000000e+00 1.040628200000000003e+00 0.000000000000000000e+00)
(8.000000000000000000e+00 1.059194399999999980e+00 0.000000000000000000e+00)
(8.000000000000000000e+00 1.083949400000000063e+00 0.000000000000000000e+00)
(8.000000000000000000e+00 1.077760700000000016e+00 0.000000000000000000e+00)
(8.000000000000000000e+00 1.096327100000000110e+00 0.000000000000000000e+00)
(8.000000000000000000e+00 1.121082099999999970e+00 0.000000000000000000e+00)
(8.000000000000000000e+00 1.114893300000000087e+00 0.000000000000000000e+00)
(8.000000000000000000e+00 1.133459599999999901e+00 0.000000000000000000e+00)
(8.000000000000000000e+00 1.158214599999999983e+00 0.000000000000000000e+00)
(8.000000000000000000e+00 1.158214599999999983e+00 0.000000000000000000e+00)
(8.000000000000000000e+00 1.176780799999999960e+00 0.000000000000000000e+00)
(8.000000000000000000e+00 1.201535800000000043e+00 0.000000000000000000e+00)
(8.000000000000000000e+00 1.201535800000000043e+00 0.000000000000000000e+00)
(8.000000000000000000e+00 1.220102199999999915e+00 0.000000000000000000e+00)
(8.000000000000000000e+00 1.238668399999999892e+00 0.000000000000000000e+00)
(8.000000000000000000e+00 1.269612200000000080e+00 0.000000000000000000e+00)
(8.000000000000000000e+00 1.288178400000000057e+00 0.000000000000000000e+00)
(8.000000000000000000e+00 1.312933399999999917e+00 0.000000000000000000e+00)
(8.000000000000000000e+00 1.337688599999999894e+00 0.000000000000000000e+00)
(8.000000000000000000e+00 1.368632300000000024e+00 0.000000000000000000e+00)
(8.000000000000000000e+00 1.387198600000000059e+00 0.000000000000000000e+00)
(8.000000000000000000e+00 1.424331100000000072e+00 0.000000000000000000e+00)
(8.000000000000000000e+00 1.442897400000000108e+00 0.000000000000000000e+00)
(8.000000000000000000e+00 1.480029899999999898e+00 0.000000000000000000e+00)
(8.000000000000000000e+00 1.498596199999999934e+00 0.000000000000000000e+00)
(8.000000000000000000e+00 1.541917600000000110e+00 0.000000000000000000e+00)
(8.000000000000000000e+00 1.560483800000000087e+00 0.000000000000000000e+00)
(8.000000000000000000e+00 1.609993800000000030e+00 0.000000000000000000e+00)
(8.000000000000000000e+00 1.622371299999999961e+00 0.000000000000000000e+00)
(8.000000000000000000e+00 1.678070200000000067e+00 0.000000000000000000e+00)
(8.000000000000000000e+00 1.690447699999999998e+00 0.000000000000000000e+00)
(8.000000000000000000e+00 1.752335200000000093e+00 0.000000000000000000e+00)
(8.000000000000000000e+00 1.764712800000000081e+00 0.000000000000000000e+00)
(8.000000000000000000e+00 1.826600299999999955e+00 0.000000000000000000e+00)
(8.000000000000000000e+00 1.838977800000000107e+00 0.000000000000000000e+00)
(8.000000000000000000e+00 1.894676699999999991e+00 0.000000000000000000e+00)
(8.000000000000000000e+00 1.907054199999999922e+00 0.000000000000000000e+00)
(8.000000000000000000e+00 1.919431700000000074e+00 0.000000000000000000e+00)
(8.000000000000000000e+00 1.956564200000000087e+00 0.000000000000000000e+00)
(8.000000000000000000e+00 1.968941700000000017e+00 0.000000000000000000e+00)
(8.000000000000000000e+00 1.981319300000000005e+00 0.000000000000000000e+00)
(8.000000000000000000e+00 2.018451699999999960e+00 0.000000000000000000e+00)
(8.000000000000000000e+00 2.030829199999999890e+00 0.000000000000000000e+00)
(8.000000000000000000e+00 2.043206899999999937e+00 0.000000000000000000e+00)
(8.000000000000000000e+00 2.080339400000000172e+00 0.000000000000000000e+00)
(8.000000000000000000e+00 2.086528100000000219e+00 0.000000000000000000e+00)
(8.000000000000000000e+00 2.098905600000000149e+00 0.000000000000000000e+00)
(8.000000000000000000e+00 2.136038099999999940e+00 0.000000000000000000e+00)
(8.000000000000000000e+00 2.142226899999999823e+00 0.000000000000000000e+00)
(8.000000000000000000e+00 2.154604400000000197e+00 0.000000000000000000e+00)
(8.000000000000000000e+00 2.185548300000000221e+00 0.000000000000000000e+00)
(8.000000000000000000e+00 2.197925800000000152e+00 0.000000000000000000e+00)
(8.000000000000000000e+00 2.204114399999999918e+00 0.000000000000000000e+00)
(8.000000000000000000e+00 2.235058299999999942e+00 0.000000000000000000e+00)
(8.000000000000000000e+00 2.241246900000000153e+00 0.000000000000000000e+00)
(8.000000000000000000e+00 2.253624400000000083e+00 0.000000000000000000e+00)
(8.000000000000000000e+00 2.290757199999999827e+00 0.000000000000000000e+00)
(8.000000000000000000e+00 2.296945800000000037e+00 0.000000000000000000e+00)
(8.000000000000000000e+00 2.334078299999999828e+00 0.000000000000000000e+00)
(8.000000000000000000e+00 2.340267199999999992e+00 0.000000000000000000e+00)
(8.000000000000000000e+00 2.371211100000000016e+00 0.000000000000000000e+00)
(8.000000000000000000e+00 2.377399699999999783e+00 0.000000000000000000e+00)
(8.000000000000000000e+00 2.408343599999999807e+00 0.000000000000000000e+00)
(8.000000000000000000e+00 2.420721100000000181e+00 0.000000000000000000e+00)
(8.000000000000000000e+00 2.445476100000000041e+00 0.000000000000000000e+00)
(8.000000000000000000e+00 2.451664699999999808e+00 0.000000000000000000e+00)
(8.000000000000000000e+00 2.482608599999999832e+00 0.000000000000000000e+00)
(8.000000000000000000e+00 2.488797400000000160e+00 0.000000000000000000e+00)
(8.000000000000000000e+00 2.513552400000000020e+00 0.000000000000000000e+00)
(8.000000000000000000e+00 2.519741100000000067e+00 0.000000000000000000e+00)
(8.000000000000000000e+00 2.544496099999999927e+00 0.000000000000000000e+00)
(8.000000000000000000e+00 2.550684899999999811e+00 0.000000000000000000e+00)
(8.000000000000000000e+00 2.569251099999999788e+00 0.000000000000000000e+00)
(8.000000000000000000e+00 2.575439900000000115e+00 0.000000000000000000e+00)
(8.000000000000000000e+00 2.600194899999999976e+00 0.000000000000000000e+00)
(8.000000000000000000e+00 2.606383800000000139e+00 0.000000000000000000e+00)
(8.000000000000000000e+00 2.624949899999999836e+00 0.000000000000000000e+00)
(8.000000000000000000e+00 2.631138800000000000e+00 0.000000000000000000e+00)
(8.000000000000000000e+00 2.649704900000000141e+00 0.000000000000000000e+00)
(8.000000000000000000e+00 2.649704900000000141e+00 0.000000000000000000e+00)
(8.000000000000000000e+00 2.668271299999999790e+00 0.000000000000000000e+00)
(8.000000000000000000e+00 2.674459900000000001e+00 0.000000000000000000e+00)
(8.000000000000000000e+00 2.693026300000000095e+00 0.000000000000000000e+00)
(8.000000000000000000e+00 2.693026300000000095e+00 0.000000000000000000e+00)
(8.000000000000000000e+00 2.711592700000000189e+00 0.000000000000000000e+00)
(8.000000000000000000e+00 2.717781299999999955e+00 0.000000000000000000e+00)
(8.000000000000000000e+00 2.730158799999999886e+00 0.000000000000000000e+00)
(8.000000000000000000e+00 2.736347700000000049e+00 0.000000000000000000e+00)
(8.000000000000000000e+00 2.748725199999999980e+00 0.000000000000000000e+00)
(8.000000000000000000e+00 2.754913800000000190e+00 0.000000000000000000e+00)
(8.000000000000000000e+00 2.767291300000000120e+00 0.000000000000000000e+00)
(8.000000000000000000e+00 2.767291300000000120e+00 0.000000000000000000e+00)
(8.000000000000000000e+00 2.779668800000000051e+00 0.000000000000000000e+00)
(8.000000000000000000e+00 2.785857700000000214e+00 0.000000000000000000e+00)
(8.000000000000000000e+00 2.798235200000000145e+00 0.000000000000000000e+00)
(8.000000000000000000e+00 2.798235200000000145e+00 0.000000000000000000e+00)
(8.000000000000000000e+00 2.810612700000000075e+00 0.000000000000000000e+00)
(8.000000000000000000e+00 2.816801499999999958e+00 0.000000000000000000e+00)
(8.000000000000000000e+00 2.822990200000000005e+00 0.000000000000000000e+00)
(8.000000000000000000e+00 2.829178999999999888e+00 0.000000000000000000e+00)
(8.000000000000000000e+00 2.835367699999999935e+00 0.000000000000000000e+00)
(8.000000000000000000e+00 2.841556499999999819e+00 0.000000000000000000e+00)
(8.000000000000000000e+00 2.847745199999999866e+00 0.000000000000000000e+00)
(8.000000000000000000e+00 2.853934000000000193e+00 0.000000000000000000e+00)
(8.000000000000000000e+00 2.860122699999999796e+00 0.000000000000000000e+00)
(8.000000000000000000e+00 2.860122699999999796e+00 0.000000000000000000e+00)
(8.000000000000000000e+00 2.872500200000000170e+00 0.000000000000000000e+00)
(8.000000000000000000e+00 2.872500200000000170e+00 0.000000000000000000e+00)
(8.000000000000000000e+00 2.878689099999999890e+00 0.000000000000000000e+00)
(8.000000000000000000e+00 2.884877700000000100e+00 0.000000000000000000e+00)
(8.000000000000000000e+00 2.891066599999999820e+00 0.000000000000000000e+00)
(8.000000000000000000e+00 2.891066599999999820e+00 0.000000000000000000e+00)
(8.000000000000000000e+00 2.897255200000000031e+00 0.000000000000000000e+00)
(8.000000000000000000e+00 2.903444100000000194e+00 0.000000000000000000e+00)
(8.000000000000000000e+00 2.909632699999999961e+00 0.000000000000000000e+00)
(8.000000000000000000e+00 2.909632699999999961e+00 0.000000000000000000e+00)
(8.000000000000000000e+00 2.915821600000000124e+00 0.000000000000000000e+00)
(8.000000000000000000e+00 2.915821600000000124e+00 0.000000000000000000e+00)
(8.000000000000000000e+00 2.922010400000000008e+00 0.000000000000000000e+00)
(8.000000000000000000e+00 2.922010400000000008e+00 0.000000000000000000e+00)
(8.000000000000000000e+00 2.928199100000000055e+00 0.000000000000000000e+00)
(8.000000000000000000e+00 2.934387899999999938e+00 0.000000000000000000e+00)
(8.000000000000000000e+00 2.934387899999999938e+00 0.000000000000000000e+00)
(8.000000000000000000e+00 2.940576599999999985e+00 0.000000000000000000e+00)
(8.000000000000000000e+00 2.940576599999999985e+00 0.000000000000000000e+00)
(8.000000000000000000e+00 2.946765399999999868e+00 0.000000000000000000e+00)
(8.000000000000000000e+00 2.946765399999999868e+00 0.000000000000000000e+00)
(8.000000000000000000e+00 2.952954099999999915e+00 0.000000000000000000e+00)
(8.000000000000000000e+00 2.952954099999999915e+00 0.000000000000000000e+00)
(8.000000000000000000e+00 2.952954099999999915e+00 0.000000000000000000e+00)
(8.000000000000000000e+00 2.959142899999999798e+00 0.000000000000000000e+00)
(8.000000000000000000e+00 2.959142899999999798e+00 0.000000000000000000e+00)
(8.000000000000000000e+00 2.965331599999999845e+00 0.000000000000000000e+00)
(8.000000000000000000e+00 2.965331599999999845e+00 0.000000000000000000e+00)
(8.000000000000000000e+00 2.971520400000000173e+00 0.000000000000000000e+00)
(8.000000000000000000e+00 2.971520400000000173e+00 0.000000000000000000e+00)
(8.000000000000000000e+00 2.971520400000000173e+00 0.000000000000000000e+00)
(8.000000000000000000e+00 2.977709100000000220e+00 0.000000000000000000e+00)
(8.000000000000000000e+00 2.977709100000000220e+00 0.000000000000000000e+00)
(8.000000000000000000e+00 2.977709100000000220e+00 0.000000000000000000e+00)
(8.000000000000000000e+00 2.983897900000000103e+00 0.000000000000000000e+00)
(8.000000000000000000e+00 2.983897900000000103e+00 0.000000000000000000e+00)
(8.000000000000000000e+00 2.983897900000000103e+00 0.000000000000000000e+00)
(8.000000000000000000e+00 2.983897900000000103e+00 0.000000000000000000e+00)
(8.000000000000000000e+00 2.990086600000000150e+00 0.000000000000000000e+00)
(8.000000000000000000e+00 2.990086600000000150e+00 0.000000000000000000e+00)
(8.000000000000000000e+00 2.990086600000000150e+00 0.000000000000000000e+00)
(8.000000000000000000e+00 2.996275400000000033e+00 0.000000000000000000e+00)
(8.000000000000000000e+00 2.996275400000000033e+00 0.000000000000000000e+00)
(8.000000000000000000e+00 2.996275400000000033e+00 0.000000000000000000e+00)
(8.000000000000000000e+00 2.996275400000000033e+00 0.000000000000000000e+00)
(8.000000000000000000e+00 2.996275400000000033e+00 0.000000000000000000e+00)
(8.000000000000000000e+00 3.002464100000000080e+00 0.000000000000000000e+00)
(8.000000000000000000e+00 3.002464100000000080e+00 0.000000000000000000e+00)
(8.000000000000000000e+00 3.002464100000000080e+00 0.000000000000000000e+00)
(8.000000000000000000e+00 3.002464100000000080e+00 0.000000000000000000e+00)
(8.000000000000000000e+00 3.008652899999999963e+00 0.000000000000000000e+00)
(8.000000000000000000e+00 3.008652899999999963e+00 0.000000000000000000e+00)
(8.000000000000000000e+00 3.008652899999999963e+00 0.000000000000000000e+00)
(8.000000000000000000e+00 3.008652899999999963e+00 0.000000000000000000e+00)
(8.000000000000000000e+00 3.008652899999999963e+00 0.000000000000000000e+00)
(8.000000000000000000e+00 3.008652899999999963e+00 0.000000000000000000e+00)
(8.000000000000000000e+00 3.014841600000000010e+00 0.000000000000000000e+00)
(8.000000000000000000e+00 3.014841600000000010e+00 0.000000000000000000e+00)
(8.000000000000000000e+00 3.014841600000000010e+00 0.000000000000000000e+00)
(8.000000000000000000e+00 3.014841600000000010e+00 0.000000000000000000e+00)
(8.000000000000000000e+00 3.014841600000000010e+00 0.000000000000000000e+00)
(8.000000000000000000e+00 3.014841600000000010e+00 0.000000000000000000e+00)
(8.000000000000000000e+00 3.021030399999999894e+00 0.000000000000000000e+00)
(8.000000000000000000e+00 3.021030399999999894e+00 0.000000000000000000e+00)
(8.000000000000000000e+00 3.021030399999999894e+00 0.000000000000000000e+00)
(8.000000000000000000e+00 3.021030399999999894e+00 0.000000000000000000e+00)
(8.000000000000000000e+00 3.021030399999999894e+00 0.000000000000000000e+00)
(8.000000000000000000e+00 3.021030399999999894e+00 0.000000000000000000e+00)
(8.000000000000000000e+00 3.021030399999999894e+00 0.000000000000000000e+00)
(8.000000000000000000e+00 3.021030399999999894e+00 0.000000000000000000e+00)
(8.000000000000000000e+00 3.027219300000000057e+00 0.000000000000000000e+00)
(8.000000000000000000e+00 3.027219300000000057e+00 0.000000000000000000e+00)
(8.000000000000000000e+00 3.027219300000000057e+00 0.000000000000000000e+00)
(8.000000000000000000e+00 3.027219300000000057e+00 0.000000000000000000e+00)
(8.000000000000000000e+00 3.027219300000000057e+00 0.000000000000000000e+00)
(8.000000000000000000e+00 3.027219300000000057e+00 0.000000000000000000e+00)
(8.000000000000000000e+00 3.027219300000000057e+00 0.000000000000000000e+00)
(8.000000000000000000e+00 3.027219300000000057e+00 0.000000000000000000e+00)
(8.000000000000000000e+00 3.027219300000000057e+00 0.000000000000000000e+00)
(8.000000000000000000e+00 3.027219300000000057e+00 0.000000000000000000e+00)
(8.000000000000000000e+00 3.033407899999999824e+00 0.000000000000000000e+00)
(8.000000000000000000e+00 3.033407899999999824e+00 0.000000000000000000e+00)
(8.000000000000000000e+00 3.033407899999999824e+00 0.000000000000000000e+00)
(8.000000000000000000e+00 3.033407899999999824e+00 0.000000000000000000e+00)
(8.000000000000000000e+00 3.033407899999999824e+00 0.000000000000000000e+00)
(8.000000000000000000e+00 3.033407899999999824e+00 0.000000000000000000e+00)
(8.000000000000000000e+00 3.033407899999999824e+00 0.000000000000000000e+00)
(8.000000000000000000e+00 3.033407899999999824e+00 0.000000000000000000e+00)
(8.000000000000000000e+00 3.033407899999999824e+00 0.000000000000000000e+00)
(8.000000000000000000e+00 3.033407899999999824e+00 0.000000000000000000e+00)
(8.000000000000000000e+00 3.033407899999999824e+00 0.000000000000000000e+00)
(8.000000000000000000e+00 3.033407899999999824e+00 0.000000000000000000e+00)
(8.000000000000000000e+00 3.033407899999999824e+00 0.000000000000000000e+00)
(8.000000000000000000e+00 3.033407899999999824e+00 0.000000000000000000e+00)
