0.44815628 	0 	0 	0
0.44909187 	-0.010858893 	0.0084372851 	-6.7698275e-19
0.45009717 	-0.021369295 	0.016623927 	-1.0461895e-18
0.45117744 	-0.031224548 	0.024296115 	-3.6745885e-19
0.45233828 	-0.040038729 	0.031161272 	1.1760914e-18
0.45358568 	-0.047741219 	0.037166769 	-1.3060241e-18
0.4549261 	-0.054451492 	0.042405886 	1.7483468e-19
0.45636646 	-0.060335742 	0.047008174 	1.6945613e-18
0.45791423 	-0.065543376 	0.051090273 	-4.1832565e-19
0.4595774 	-0.070193063 	0.054744969 	1.0576937e-19
0.46136458 	-0.074375372 	0.058043239 	3.38527e-20
0.46328499 	-0.078158676 	0.061038857 	-3.2172604e-20
0.46534857 	-0.0815945 	0.063772575 	-4.0674849e-19
0.46756597 	-0.08472163 	0.066275325 	-4.247391e-20
0.46994866 	-0.087569102 	0.068570568 	4.3077245e-19
0.47250895 	-0.090158341 	0.070675969 	-6.7514381e-19
0.47526006 	-0.092504678 	0.072604606 	-9.6963416e-21
0.47821618 	-0.094618409 	0.074365829 	3.6470364e-19
0.4813926 	-0.096505533 	0.075965876 	-4.3720687e-19
0.48480569 	-0.098168242 	0.077408306 	-1.0683943e-19
0.48847307 	-0.099605213 	0.078694303 	-1.4110163e-19
0.49241365 	-0.10081173 	0.079822856 	-9.1896192e-21
0.49664777 	-0.10177963 	0.080790868 	2.4079754e-19
0.50119723 	-0.10249718 	0.081593167 	3.1324207e-19
0.5060855 	-0.10294865 	0.082222448 	6.3451523e-19
0.51133774 	-0.10311383 	0.082669137 	-5.3247224e-19
0.51698101 	-0.10296724 	0.082921187 	2.1821417e-19
0.52304435 	-0.10247714 	0.082963784 	2.1636732e-19
0.52955895 	-0.10160419 	0.082779 	-9.2619135e-19
0.5365583 	-0.10029975 	0.082345341 	-3.7994108e-21
0.54407839 	-0.098503561 	0.08163722 	4.127223e-19
0.55215783 	-0.096140839 	0.080624287 	-3.0953137e-21
0.56083809 	-0.093118242 	0.07927061 	-2.1316044e-19
0.57016371 	-0.089318549 	0.077533664 	6.7734926e-21
0.58018248 	-0.084593457 	0.075363116 	2.0625295e-19
0.59094573 	-0.078753748 	0.072699386 	-1.0468908e-19
0.60250854 	-0.071555916 	0.06947202 	1.0085817e-20
0.61493003 	-0.062684101 	0.065597859 	7.9501863e-20
0.62827366 	-0.0517275 	0.06097874 	-8.9562421e-20
0.64260754 	-0.038154603 	0.055499725 	-5.6733837e-19
0.65800475 	-0.021321378 	0.049042733 	8.9788026e-20
0.6745437 	-0.00052546807 	0.041517915 	7.30249e-19
0.69230851 	0.024855663 	0.032921445 	4.7027559e-19
0.71138943 	0.055260977 	0.02336489 	-4.0704807e-19
0.73188325 	0.09093504 	0.013054969 	-2.7707147e-19
0.7538938 	0.13188427 	0.0022821898 	7.4753023e-20
0.77753238 	0.17782729 	-0.0085919617 	-5.5052803e-19
0.80291836 	0.22818318 	-0.019164509 	-2.4144542e-19
0.8301797 	0.28209787 	-0.029031433 	2.0622715e-19
0.85945355 	0.33848615 	-0.037827172 	3.2532876e-19
0.8908869 	0.39610636 	-0.045261853 	1.6580807e-19
0.92463724 	0.45366801 	-0.051151671 	-5.0880215e-21
0.96087331 	0.50994748 	-0.055433055 	2.8442545e-19
0.99977583 	0.56388581 	-0.058157976 	-1.3359663e-19
1.0415383 	0.61467001 	-0.059473167 	-2.6421056e-19
1.0863681 	0.66181296 	-0.05958577 	6.0726562e-20
1.1344869 	0.70518072 	-0.058723175 	-5.9436893e-21
1.1861322 	0.74493126 	-0.057098081 	-2.0106593e-19
1.241558 	0.78141162 	-0.054889686 	-1.150925e-19
1.3010361 	0.81506894 	-0.052240376 	1.1984903e-19
1.3648571 	0.84639325 	-0.049258477 	1.1969213e-19
1.4333318 	0.87585793 	-0.046027943 	-4.736734e-20
1.5067924 	0.90386239 	-0.042618089 	1.3509616e-19
1.585594 	0.93071236 	-0.039089323 	1.4655167e-19
1.670116 	0.95660738 	-0.035479299 	-6.94997e-20
1.7201551 	0.97020471 	-0.033480892 	-1.1659347e-20
1.7607692 	0.9812181 	-0.03184838 	3.3914644e-20
1.851244 	1.003433 	-0.028432501 	-1.0272228e-19
1.9352734 	1.0227164 	-0.025465975 	-6.7817215e-20
2.0133292 	1.0393664 	-0.022967599 	7.3254038e-20
2.0858467 	1.0536651 	-0.020856277 	5.4565972e-20
2.153228 	1.065807 	-0.019050799 	-1.5789753e-19
2.2158443 	1.075928 	-0.017494554 	6.0866057e-20
2.2740391 	1.0841317 	-0.016143129 	1.6794274e-19
2.3281301 	1.090502 	-0.014961117 	-1.8064923e-20
2.3784113 	1.0951105 	-0.013920272 	-1.3903755e-21
2.4251549 	1.0980202 	-0.012998047 	4.4236255e-20
2.4686132 	1.09929 	-0.012176647 	-6.7084278e-23
2.5090199 	1.0989784 	-0.011442308 	-1.3096634e-19
2.5465917 	1.0971495 	-0.010784593 	4.8299537e-20
2.5815297 	1.0938778 	-0.010195624 	1.1483492e-19
2.6140201 	1.0892524 	-0.0096692805 	-4.433505e-20
2.6442361 	1.0833771 	-0.0092003656 	-8.5379765e-20
2.672338 	1.0763673 	-0.0087842004 	-1.8780385e-20
2.698475 	1.068343 	-0.008415976 	1.1463469e-19
2.7227854 	1.0594241 	-0.0080904263 	1.7842834e-20
2.7453976 	1.0497262 	-0.0078018499 	-7.4411465e-20
2.766431 	1.0393507 	-0.0075439768 	5.2027816e-20
2.7859964 	1.0283789 	-0.0073103209 	-9.7416746e-21
2.8041967 	1.0168708 	-0.0070943713 	-1.4066349e-19
2.8211278 	1.0048656 	-0.006889771 	7.0994658e-20
2.8368784 	0.99238244 	-0.0066905415 	-1.3847136e-20
2.8515312 	0.97942344 	-0.006491277 	-5.93708e-20
2.8651631 	0.96597705 	-0.0062873127 	8.7554351e-20
2.8778453 	0.95202244 	-0.0060748665 	1.3948428e-20
2.8896443 	0.93753404 	-0.0058511518 	1.317329e-20
2.9006217 	0.92248625 	-0.0056144521 	-1.5010199e-20
2.910835 	0.90685785 	-0.0053641478 	-1.5007631e-20
2.9203374 	0.89063571 	-0.0051006853 	1.4641531e-20
2.9291785 	0.87381749 	-0.004825482 	1.4239678e-20
2.9374045 	0.85641302 	-0.0045407706 	9.561637e-21
2.9450582 	0.83844436 	-0.0042493926 	-3.8811985e-20
2.9521795 	0.81994449 	-0.0039545661 	-2.3894229e-20
2.9588056 	0.80095504 	-0.0036596518 	5.0984336e-20
2.9649709 	0.78152333 	-0.00336794 	1.1996433e-20
2.9707075 	0.76169916 	-0.0030824773 	-1.7694845e-20
2.9760453 	0.74153162 	-0.0028059404 	-6.8520796e-23
2.981012 	0.72106639 	-0.0025405605 	2.4500312e-20
2.9856335 	0.70034342 	-0.002288093 	-5.6999993e-21
2.9899337 	0.67939516 	-0.0020498237 	-7.0116867e-21
2.9939351 	0.65824528 	-0.0018266012 	6.1075171e-21
2.9976584 	0.63690772 	-0.0016188857 	-1.2388859e-20
3.001123 	0.61538598 	-0.0014268064 	-2.2413615e-20
3.0043468 	0.5936725 	-0.0012502202 	-3.2937914e-21
3.0073466 	0.57174795 	-0.0010887682 	3.2776125e-21
3.0101381 	0.54958041 	-0.00094192823 	3.2327419e-23
3.0127355 	0.52712395 	-0.0008090584 	4.7145055e-21
3.0151526 	0.50431644 	-0.00068943481 	-3.2308967e-21
3.0174017 	0.48107672 	-0.00058228351 	-4.9060569e-21
3.0194946 	0.45730039 	-0.00048680681 	8.7045505e-21
3.0214421 	0.43285335 	-0.00040220295 	1.2229357e-20
3.0232543 	0.4075623 	-0.0003276811 	-7.572864e-21
3.0249407 	0.38120033 	-0.00026247288 	-9.1555096e-21
3.0265099 	0.35346482 	-0.00020584109 	4.0628226e-21
3.0279701 	0.32394287 	-0.00015708707 	4.3451444e-21
3.029329 	0.29205676 	-0.00011555975 	4.0435374e-21
3.0305934 	0.25698132 	-8.0671535e-05 	3.2011435e-21
3.0317701 	0.21754506 	-5.193977e-05 	-1.7636722e-21
3.032865 	0.17226317 	-2.912054e-05 	-4.9670677e-21
3.0338839 	0.12009909 	-1.2551428e-05 	-1.576445e-21
3.034832 	0.062325057 	-3.0773398e-06 	8.1335465e-22
3.0357143 	0 	0 	0
