/*--------------------------------*- C++ -*----------------------------------*\
| =========                 |                                                 |
| \\      /  F ield         | OpenFOAM: The Open Source CFD Toolbox           |
|  \\    /   O peration     | Version:  5.x                                   |
|   \\  /    A nd           | Web:      www.OpenFOAM.org                      |
|    \\/     M anipulation  |                                                 |
\*---------------------------------------------------------------------------*/
FoamFile
{
    version     2.0;
    format      ascii;
    class       cellSet;
    location    "constant/polyMesh/sets";
    object      inletCellZone;
}
// * * * * * * * * * * * * * * * * * * * * * * * * * * * * * * * * * * * * * //


290
(
0 
29700 
59400 
5130 
34830 
64530 
10260 
39960 
69660 
15390 
45090 
74790 
20520 
50220 
25650 
55350 
1080 
30780 
60480 
6210 
35910 
65610 
11340 
41040 
70740 
16470 
46170 
75870 
21600 
51300 
26730 
56430 
2160 
31860 
61560 
7290 
36990 
66690 
12420 
42120 
71820 
17550 
47250 
76950 
22680 
52380 
27810 
57510 
3240 
32940 
62640 
8370 
38070 
67770 
13500 
43200 
72900 
18630 
48330 
78030 
23760 
53460 
28890 
58590 
4320 
34020 
63720 
9450 
39150 
68850 
14580 
44280 
73980 
19710 
49410 
24840 
54540 
270 
29970 
59670 
5400 
35100 
64800 
10530 
40230 
69930 
15660 
45360 
75060 
20790 
50490 
25920 
55620 
1350 
31050 
60750 
6480 
36180 
65880 
11610 
41310 
71010 
16740 
46440 
76140 
21870 
51570 
27000 
56700 
2430 
32130 
61830 
7560 
37260 
66960 
12690 
42390 
72090 
17820 
47520 
77220 
22950 
52650 
28080 
57780 
3510 
33210 
62910 
8640 
38340 
68040 
13770 
43470 
73170 
18900 
48600 
24030 
53730 
29160 
58860 
4590 
34290 
63990 
9720 
39420 
69120 
14850 
44550 
74250 
19980 
49680 
25110 
54810 
540 
30240 
59940 
5670 
35370 
65070 
10800 
40500 
70200 
15930 
45630 
75330 
21060 
50760 
26190 
55890 
1620 
31320 
61020 
6750 
36450 
66150 
11880 
41580 
71280 
17010 
46710 
76410 
22140 
51840 
27270 
56970 
2700 
32400 
62100 
7830 
37530 
67230 
12960 
42660 
72360 
18090 
47790 
77490 
23220 
52920 
28350 
58050 
3780 
33480 
63180 
8910 
38610 
68310 
14040 
43740 
73440 
19170 
48870 
24300 
54000 
29430 
59130 
4860 
34560 
64260 
9990 
39690 
69390 
15120 
44820 
74520 
20250 
49950 
25380 
55080 
810 
30510 
60210 
5940 
35640 
65340 
11070 
40770 
70470 
16200 
45900 
75600 
21330 
51030 
26460 
56160 
1890 
31590 
61290 
7020 
36720 
66420 
12150 
41850 
71550 
17280 
46980 
76680 
22410 
52110 
27540 
57240 
2970 
32670 
62370 
8100 
37800 
67500 
13230 
42930 
72630 
18360 
48060 
77760 
23490 
53190 
28620 
58320 
4050 
33750 
63450 
9180 
38880 
68580 
14310 
44010 
73710 
19440 
49140 
24570 
54270 
)

// ************************************************************************* //
