0 	0 	0 	0 	0 	0 	0
0.00086769924 	1.2633078e-07 	8.8202616e-11 	-2.271477e-28 	1.2632936e-07 	1.8470948e-30 	1.2633006e-07
0.0017874829 	2.7693704e-07 	1.2228544e-09 	6.5703653e-25 	2.768989e-07 	-2.6935076e-27 	2.7691791e-07
0.0027624773 	1.1443479e-06 	1.1323755e-08 	-4.7122157e-24 	1.1438615e-06 	1.9077013e-26 	1.1441045e-06
0.0037959966 	3.4594394e-06 	6.3786401e-08 	-5.3616404e-24 	3.4559768e-06 	2.0373653e-26 	3.457707e-06
0.0048915537 	8.4076362e-06 	2.599428e-07 	3.2999244e-27 	8.390622e-06 	6.0578687e-27 	8.3991238e-06
0.0060528726 	1.7675359e-05 	8.4921729e-07 	1.2820571e-21 	1.7610422e-05 	-1.4934032e-23 	1.7642869e-05
0.0072839007 	3.3567049e-05 	2.3619676e-06 	-1.9185783e-21 	3.3360747e-05 	2.2415434e-23 	3.3463829e-05
0.0085888223 	5.9119791e-05 	5.7978931e-06 	-3.1971414e-21 	5.8550564e-05 	3.7388442e-23 	5.8834984e-05
0.0099720729 	9.8145185e-05 	1.2828997e-05 	-1.118657e-25 	9.6744438e-05 	-2.3236049e-25 	9.7444332e-05
0.011438354 	0.0001550729 	2.5883218e-05 	9.4337631e-20 	0.00015194794 	-1.9129127e-21 	0.00015350937
0.01299265 	0.00023443315 	4.786344e-05 	-7.1395655e-20 	0.0002280504 	1.4475044e-21 	0.0002312397
0.014640245 	0.00033990147 	8.1275215e-05 	-1.6570329e-19 	0.00032789382 	3.363697e-21 	0.00033389384
0.016386737 	0.00047313612 	0.00012689569 	-9.3731035e-25 	0.00045223344 	1.2832452e-24 	0.00046267808
0.018238064 	0.00063301749 	0.00018270885 	-5.3213448e-19 	0.00059917234 	1.1963628e-20 	0.00061608352
0.020200518 	0.00081588061 	0.00024398958 	2.2222147e-19 	0.00076456045 	-4.996338e-21 	0.00079020235
0.022280771 	0.0010166977 	0.00030466813 	-2.5403479e-19 	0.00094321688 	1.7870238e-20 	0.00097993044
0.024485892 	0.0012305121 	0.00035909443 	3.1710828e-19 	0.0011302843 	-1.094289e-20 	0.001180361
0.026823378 	0.0014533568 	0.00040322377 	2.8656174e-19 	0.0013220333 	-1.5290801e-20 	0.0013876461
0.029301173 	0.0016824826 	0.00043495332 	2.5816218e-19 	0.0015159983 	-7.5829999e-21 	0.0015991785
0.0319277 	0.0019161753 	0.00045383029 	1.2925397e-18 	0.0017107414 	-3.8013393e-20 	0.0018133827
0.034711887 	0.0021534342 	0.00046049258 	1.6523739e-23 	0.0019055179 	-1.8580348e-23 	0.0020293864
0.037663197 	0.0023937025 	0.00045613692 	2.1079341e-23 	0.0021000079 	-3.7658689e-23 	0.0022467517
0.040791661 	0.002636691 	0.00044213028 	-1.6584181e-19 	0.0022941476 	1.0771119e-20 	0.0024653026
0.044107915 	0.0028822662 	0.00041977797 	2.4506106e-20 	0.0024880259 	-1.5543937e-21 	0.0026850168
0.047623229 	0.0031303813 	0.00039021336 	-2.0518063e-17 	0.0026818249 	1.0742341e-18 	0.0029059621
0.051349553 	0.0033810385 	0.0003543645 	5.3658635e-18 	0.0028757898 	-1.481878e-19 	0.0031282625
0.055299553 	0.0036342633 	0.00031296021 	5.6826476e-18 	0.003070211 	-2.6277773e-19 	0.003352076
0.059486654 	0.0038900878 	0.00026655293 	-1.8587983e-18 	0.0032654121 	-5.5173482e-20 	0.0035775808
0.06392509 	0.0041485387 	0.00021554734 	8.6078153e-18 	0.0034617435 	-4.2271233e-19 	0.0038049657
0.068629948 	0.0044096279 	0.00016022531 	6.9982123e-19 	0.0036595774 	-4.293824e-20 	0.0040344231
0.073617218 	0.0046733465 	0.00010076669 	1.0289333e-17 	0.003859306 	-6.301355e-19 	0.0042661446
0.078903853 	0.0049396585 	3.7268566e-05 	-1.3063989e-18 	0.0040613392 	1.2490662e-19 	0.0045003182
0.084507823 	0.0052084981 	-3.0244523e-05 	6.5546976e-20 	0.0042661059 	-5.8748879e-21 	0.0047371254
0.090448176 	0.0054797652 	-0.000101811 	2.2742906e-18 	0.0044740532 	-2.2342792e-19 	0.0049767402
0.096745104 	0.0057533238 	-0.00017752226 	-5.9489389e-18 	0.0046856472 	5.1341354e-19 	0.0052193278
0.10342001 	0.0060289955 	-0.0002575197 	-6.9954685e-19 	0.0049013777 	7.5734895e-20 	0.0054650439
0.11049558 	0.0063065576 	-0.00034199102 	5.9960938e-18 	0.0051217595 	-5.1505651e-19 	0.0057140356
0.11799587 	0.0065857467 	-0.00043116807 	2.9195319e-17 	0.0053473323 	-2.7641255e-18 	0.0059664408
0.12594638 	0.0068662547 	-0.0005253257 	-8.1847791e-19 	0.0055786606 	7.7149147e-20 	0.0062223885
0.13437411 	0.0071477329 	-0.00062478183 	-2.9872136e-17 	0.0058163285 	2.8339442e-18 	0.0064819969
0.14330773 	0.0074297898 	-0.00072990121 	-8.0226867e-22 	0.0060609391 	-5.3265668e-23 	0.0067453712
0.1527776 	0.0077119785 	-0.00084108943 	-1.8417777e-17 	0.0063131242 	2.2985944e-18 	0.0070126023
0.1628159 	0.0079937866 	-0.00095878067 	3.0675003e-17 	0.0065735569 	-4.038852e-18 	0.00728377
0.17345677 	0.0082746355 	-0.0010834292 	3.4418455e-17 	0.0068429627 	-4.2936583e-18 	0.007558948
0.18473635 	0.0085538906 	-0.001215505 	-3.1438599e-17 	0.007122122 	4.1492849e-18 	0.0078382094
0.19669301 	0.0088308728 	-0.0013555014 	1.4967121e-17 	0.0074118643 	-2.7314844e-18 	0.008121629
0.20936737 	0.009104858 	-0.0015039404 	4.0127316e-19 	0.0077130679 	-6.6796987e-20 	0.0084092827
0.22280253 	0.009375068 	-0.0016613597 	-3.107087e-17 	0.0080266731 	4.7595552e-18 	0.0087012494
0.23704414 	0.0096406623 	-0.001828309 	-1.5876743e-21 	0.0083537004 	6.6828128e-22 	0.0089976179
0.25214061 	0.0099007411 	-0.0020053504 	-8.5917694e-22 	0.0086952714 	-3.413922e-22 	0.0092984973
0.26814327 	0.010154358 	-0.0021930506 	-5.0058871e-22 	0.0090526324 	2.2519428e-22 	0.0096040353
0.28510649 	0.010400534 	-0.0023919837 	1.809004e-17 	0.0094271888 	-3.4354873e-18 	0.0099144438
0.30308795 	0.010638296 	-0.0026027376 	1.2929509e-19 	0.009820549 	-2.3933512e-20 	0.010230036
0.32214876 	0.010866727 	-0.0028259332 	-1.7546772e-17 	0.010234583 	3.3393867e-18 	0.010551286
0.34235371 	0.011085061 	-0.0030622648 	7.1289808e-22 	0.010671493 	-2.5570591e-22 	0.010878908
0.36377149 	0.011292846 	-0.0033124998 	-6.2017433e-22 	0.011133888 	-1.1799721e-21 	0.011213985
0.38647488 	0.011490195 	-0.003577917 	2.2387426e-17 	0.011624942 	-6.642875e-18 	0.011558133
0.41054106 	0.011678081 	-0.0038600612 	1.1911975e-18 	0.012148534 	-3.5572667e-19 	0.011913765
0.43605183 	0.011859078 	-0.0041609207 	-1.766861e-17 	0.012709329 	5.3226e-18 	0.012284536
0.46309391 	0.012038716 	-0.0044841606 	6.9171809e-18 	0.013312932 	-3.0176335e-18 	0.012675968
0.49175922 	0.012227289 	-0.004835394 	-3.0980404e-18 	0.013965865 	7.5680563e-19 	0.013096313
0.52214518 	0.012442983 	-0.0052226459 	-6.2914563e-18 	0.014675956 	2.4703678e-18 	0.013557958
0.55435509 	0.01271732 	-0.0056566001 	1.3077669e-20 	0.015442378 	-8.0993016e-21 	0.014079588
0.58849842 	0.013102457 	-0.006200141 	-6.2344831e-19 	0.016275123 	5.0292119e-19 	0.014689308
0.62469124 	0.01369874 	-0.0068297279 	2.9753118e-18 	0.017159939 	7.1701015e-19 	0.015427742
0.66305656 	0.014622815 	-0.0074132684 	5.1028667e-19 	0.018084569 	1.2735568e-19 	0.016354563
0.70372479 	0.015897079 	-0.0080456783 	-2.1676861e-18 	0.019137719 	-5.3143937e-19 	0.017515672
0.74683417 	0.017319279 	-0.0088905215 	6.1269031e-21 	0.020301531 	-2.5961486e-22 	0.01880504
0.79253123 	0.018517567 	-0.0098807002 	6.9323526e-21 	0.021302967 	-3.5716789e-22 	0.019899398
0.84097128 	0.019206882 	-0.010848501 	3.2704133e-21 	0.021804349 	-2.4339999e-22 	0.020498185
0.87300938 	0.019349939 	-0.011210046 	8.6970973e-21 	0.02168738 	-1.0368273e-22 	0.02051876
0.89232374 	0.019436544 	-0.011426595 	1.1009014e-20 	0.02161733 	-9.8959736e-24 	0.020531902
0.94676658 	0.019432621 	-0.011170594 	3.2126613e-17 	0.020904768 	-9.5801074e-19 	0.020159669
1.0044767 	0.019361197 	-0.010426033 	-1.5118216e-18 	0.020205389 	-2.9928792e-20 	0.019764953
1.0656501 	0.019404825 	-0.0097212957 	-3.8503399e-17 	0.019949967 	1.1457291e-18 	0.019666816
1.1304946 	0.019644576 	-0.0091258733 	5.3565166e-17 	0.020078303 	-1.2157336e-18 	0.019852931
1.1992304 	0.019946962 	-0.0086478054 	2.970058e-17 	0.020285795 	-7.0024787e-19 	0.020108662
1.272091 	0.020136609 	-0.0082565471 	-3.6067872e-17 	0.020344895 	9.4995541e-19 	0.020233564
1.3493238 	0.020112176 	-0.0079149433 	-3.4236e-17 	0.020147068 	8.1778907e-19 	0.020123243
1.4311911 	0.019804033 	-0.0075731652 	-3.3179927e-17 	0.019624552 	7.3035884e-19 	0.019708597
1.5179708 	0.019177036 	-0.0071908861 	-5.2466528e-20 	0.018775194 	6.3698262e-23 	0.018970886
1.6047489 	0.018306124 	-0.0067841914 	6.8089123e-20 	0.017716857 	-1.4860732e-21 	0.01800734
1.6866115 	0.017329419 	-0.006380399 	1.3513403e-19 	0.016584838 	-3.5643615e-21 	0.016953568
1.7437698 	0.016594112 	-0.0060780979 	4.526084e-20 	0.015750255 	-1.8749373e-21 	0.016168833
1.7638597 	0.016335216 	-0.0059715921 	1.8712876e-20 	0.015456649 	-1.2624684e-21 	0.015892786
1.8367876 	0.015361964 	-0.0055506235 	1.6194118e-19 	0.014378237 	-1.3141194e-21 	0.014867976
1.9055763 	0.014433756 	-0.005122973 	9.8312497e-20 	0.013375818 	-8.2040161e-22 	0.013903394
1.970461 	0.013563099 	-0.0046950522 	2.1943722e-16 	0.012458679 	-3.0310911e-18 	0.013010047
2.0316639 	0.012754291 	-0.0042730691 	-1.6813815e-17 	0.011627159 	2.3116108e-19 	0.012190303
2.0893942 	0.012006989 	-0.003861787 	-2.1622777e-16 	0.010876875 	2.9803871e-18 	0.011441817
2.1438493 	0.01131838 	-0.0034645572 	-4.4315969e-16 	0.010201258 	5.0823168e-18 	0.010759915
2.1952153 	0.010684466 	-0.0030835971 	-2.0373363e-16 	0.0095929244 	2.2351229e-18 	0.010138928
2.2436677 	0.01010089 	-0.0027201544 	4.7067817e-16 	0.0090445185 	-5.3758269e-18 	0.0095730187
2.289372 	0.0095634025 	-0.0023747406 	2.1625177e-16 	0.0085491941 	-2.37964e-18 	0.0090566508
2.3324844 	0.0090680622 	-0.0020473171 	-6.7017963e-20 	0.0081008336 	4.58587e-22 	0.0085848134
2.373152 	0.0086113638 	-0.0017374416 	-5.7885386e-16 	0.0076941858 	5.0448403e-18 	0.0081531245
2.4115136 	0.0081902138 	-0.0014445884 	-2.4161356e-18 	0.0073248517 	2.0856479e-20 	0.0077578433
2.4477001 	0.0078017863 	-0.0011679516 	1.0532065e-15 	0.006989152 	-8.790142e-18 	0.0073957377
2.4818351 	0.0074436061 	-0.00090669239 	-1.3588038e-16 	0.0066838728 	1.0009743e-18 	0.0070639671
2.5140349 	0.0071136938 	-0.00066017739 	-4.7161238e-16 	0.0064062084 	3.7025617e-18 	0.0067601339
2.5444093 	0.0068104075 	-0.00042765309 	1.4937007e-16 	0.006153911 	-1.1059479e-18 	0.0064822959
2.573062 	0.0065323935 	-0.00020842066 	5.3179256e-20 	0.0059251915 	-8.0941106e-22 	0.0062288865
2.5828748 	0.0064402382 	-0.00013343272 	-1.6995678e-16 	0.0058502019 	1.0816829e-18 	0.0061452984
2.6000986 	0.0062785028 	-1.7921231e-06 	-4.6802939e-16 	0.0057185458 	2.9776025e-18 	0.0059985712
2.6256058 	0.0060478989 	0.00019269948 	-1.9418791e-17 	0.0055328713 	1.2225905e-19 	0.0057903943
2.6496662 	0.0058399226 	0.00037549012 	4.4705642e-16 	0.0053672832 	-2.8406029e-18 	0.0056035846
2.6723619 	0.0056539889 	0.00054701503 	3.0585141e-22 	0.0052210321 	-7.8861557e-22 	0.005437471
2.6937705 	0.0054895757 	0.00070770063 	8.2402148e-21 	0.0050934929 	-3.839367e-22 	0.0052914787
2.7139649 	0.005346184 	0.00085795499 	-2.6233607e-16 	0.0049841135 	1.3883854e-18 	0.0051650801
2.7330143 	0.0052232761 	0.00099815121 	9.135648e-17 	0.0048923542 	-4.8282048e-19 	0.0050577372
2.7509836 	0.0051202388 	0.0011286998 	3.5352433e-17 	0.0048176336 	-2.5462194e-19 	0.004968855
2.7679341 	0.0050363543 	0.0012499994 	3.3664869e-16 	0.0047592946 	-1.5691601e-18 	0.0048977394
2.7839236 	0.0049707189 	0.0013624771 	1.3683889e-16 	0.0047165771 	-6.945495e-19 	0.0048435578
2.7990067 	0.00492225 	0.0014666634 	-4.7872831e-16 	0.0046885818 	2.2648645e-18 	0.0048053266
2.8132348 	0.0048897506 	0.0015631168 	1.4851302e-16 	0.0046742549 	-6.899077e-19 	0.0047819155
2.8266564 	0.0048718932 	0.0016524287 	-2.010934e-16 	0.0046724228 	8.3079207e-19 	0.0047720731
2.8393173 	0.0048672337 	0.0017352129 	-1.1237122e-16 	0.0046818131 	4.8311812e-19 	0.0047744422
2.8512607 	0.0048743827 	0.0018121302 	2.5449963e-16 	0.0047012013 	-1.0594616e-18 	0.004787715
2.8625272 	0.0048920062 	0.0018838736 	1.7687453e-16 	0.0047294126 	-7.1033671e-19 	0.0048106366
2.8731552 	0.0049187589 	0.001951108 	-1.5174987e-19 	0.0047652569 	-1.5220295e-22 	0.0048419389
2.8831809 	0.0049534058 	0.0020144901 	-1.3662157e-16 	0.0048076583 	5.5201247e-19 	0.0048804674
2.8926385 	0.0049948628 	0.0020746646 	-3.1973613e-21 	0.0048556901 	-2.9004088e-22 	0.0049252173
2.9015602 	0.0050421981 	0.0021322243 	-2.2246968e-16 	0.0049085738 	7.6586323e-19 	0.0049753324
2.9099764 	0.005094617 	0.0021876794 	-6.8914249e-18 	0.0049656728 	2.4223816e-20 	0.0050300953
2.9179157 	0.0051514171 	0.0022414509 	3.2416487e-16 	0.0050264493 	-1.0957352e-18 	0.0050888879
2.9254053 	0.0052119932 	0.0022938353 	-1.7149517e-16 	0.0050904557 	5.4427019e-19 	0.0051511842
2.9324704 	0.0052758144 	0.0023450203 	-1.4776109e-16 	0.0051573084 	4.767398e-19 	0.0052165254
2.9391353 	0.0053423551 	0.0023950707 	1.7068379e-16 	0.0052266275 	-5.4200296e-19 	0.0052844589
2.9454227 	0.0054110638 	0.0024439133 	-3.3113214e-17 	0.0052980057 	9.0022952e-20 	0.0053545053
2.9513538 	0.0054813503 	0.0024913441 	-9.9678611e-19 	0.0053710001 	2.8705391e-21 	0.0054261412
2.956949 	0.0055525838 	0.0025372593 	-1.4212151e-17 	0.0054450679 	1.5928423e-20 	0.0054987941
2.9622271 	0.0056242006 	0.0025834008 	-3.4796298e-18 	0.0055194802 	9.1779693e-21 	0.0055718309
2.9672063 	0.0056954285 	0.0026239644 	8.1156389e-17 	0.0055934747 	-2.1434819e-19 	0.0056444493
2.9719035 	0.0057652224 	0.0026573026 	-2.4345751e-17 	0.0056660605 	5.7038193e-20 	0.0057156249
2.9763345 	0.0058318883 	0.0026890068 	-1.3545847e-18 	0.0057356295 	3.1093441e-21 	0.0057837374
2.9805146 	0.0058928212 	0.0027181579 	2.3486349e-17 	0.0057999214 	-5.5098957e-20 	0.0058463549
2.9844579 	0.0059450463 	0.0027434022 	-6.2160235e-17 	0.0058561086 	1.2582999e-19 	0.005900565
2.9881778 	0.0059853592 	0.0027632495 	5.5046544e-17 	0.0059009889 	-1.0446424e-19 	0.0059431641
2.9916871 	0.0060103826 	0.0027761157 	6.2388945e-17 	0.0059311284 	-1.2592612e-19 	0.0059707471
2.9949975 	0.0060166113 	0.0027803517 	-8.823612e-17 	0.0059429406 	1.6107354e-19 	0.0059797687
2.9981205 	0.0060003831 	0.0027742329 	-6.2790706e-17 	0.0059326681 	9.8031173e-20 	0.0059665194
3.0010666 	0.005957798 	0.0027559239 	2.7115595e-17 	0.0058963069 	-4.6363908e-20 	0.0059270471
3.0038458 	0.0058846735 	0.0027234599 	7.0702536e-18 	0.0058295639 	-2.2422795e-20 	0.0058571141
3.0064677 	0.005776465 	0.0026747152 	-3.7151272e-18 	0.0057277802 	5.0048491e-21 	0.0057521188
3.008941 	0.0056281849 	0.0026073756 	2.7828106e-17 	0.0055858527 	-4.0951591e-20 	0.0056070155
3.0112742 	0.0054343812 	0.0025188684 	2.4690171e-17 	0.0053982182 	-2.4978252e-20 	0.0054162968
3.0134753 	0.0051892197 	0.0024061658 	1.9956725e-17 	0.0051589395 	-2.2187926e-20 	0.0051740773
3.0155518 	0.0048868592 	0.0022666495 	-7.9701244e-17 	0.0048620736 	7.0901009e-20 	0.0048744649
3.0175106 	0.0045221827 	0.0020982038 	-7.9603419e-18 	0.0045024135 	6.6410314e-21 	0.0045122974
3.0193585 	0.0040919876 	0.0018992035 	3.7011305e-17 	0.0040766943 	-3.2748522e-20 	0.0040843399
3.0211017 	0.0035966381 	0.0016697764 	1.290706e-17 	0.003585241 	-7.6144936e-21 	0.0035909378
3.0227463 	0.0030402334 	0.0013940921 	1.2932923e-17 	0.00303222 	-8.43821e-21 	0.0030362259
3.0242977 	0.0024378286 	0.0010738975 	-1.1302216e-17 	0.0024326556 	6.8116351e-21 	0.0024352424
3.0257612 	0.0018251703 	0.00074679609 	5.2559365e-18 	0.0018221561 	-2.1481387e-21 	0.0018236636
3.0271418 	0.0012555157 	0.00045458281 	2.4184336e-18 	0.001253973 	-9.8913037e-22 	0.0012547446
3.0284443 	0.00078234616 	0.0002346309 	-2.8375153e-18 	0.0007816743 	1.1588912e-21 	0.00078201025
3.029673 	0.0004360565 	9.984117e-05 	1.0002641e-24 	0.00043581551 	1.0956047e-25 	0.00043593596
3.0308321 	0.00021374416 	3.4032277e-05 	-2.0895513e-28 	0.00021367565 	-7.9125044e-26 	0.00021370988
3.0319256 	8.9166066e-05 	8.8933705e-06 	7.0628747e-21 	8.9151488e-05 	-1.0174326e-24 	8.9158771e-05
3.0329571 	2.968728e-05 	1.6372837e-06 	6.1817147e-21 	2.9685188e-05 	-8.8423949e-25 	2.9686233e-05
3.0339302 	7.3316893e-06 	1.8248117e-07 	-8.8179129e-22 	7.3315227e-06 	1.260977e-25 	7.3316057e-06
3.0348483 	4.1830443e-06 	1.5479618e-08 	-4.0837118e-24 	4.1830373e-06 	1.8359836e-28 	4.1830408e-06
3.0357143 	0 	0 	0 	0 	0 	0
