-1.5969174e-09 	0 	0 	0 	0 	0 	0
0.0010637143 	6.6541543e-16 	-1.5497845e-16 	2.2040266e-34 	6.6666667e-16 	0 	6.6666667e-16
0.0022067917 	6.6666667e-16 	-3.5493772e-32 	2.2966363e-34 	6.6666667e-16 	0 	6.6666667e-16
0.0034351516 	6.6666667e-16 	2.0393442e-31 	-6.8705623e-38 	6.6666667e-16 	0 	6.6666667e-16
0.0047551568 	6.6666667e-16 	4.0561754e-31 	-5.3225754e-37 	6.6666667e-16 	0 	6.6666667e-16
0.0061736447 	6.6666667e-16 	-9.3633721e-32 	1.7407363e-34 	6.6666667e-16 	0 	6.6666667e-16
0.0076979629 	6.6666667e-16 	0 	1.1852664e-35 	6.6666667e-16 	0 	6.6666667e-16
0.0093360072 	6.6666667e-16 	-2.0639331e-31 	-1.6398104e-34 	6.6666667e-16 	0 	6.6666667e-16
0.011096262 	6.6666667e-16 	-4.9968544e-32 	-1.3100911e-38 	6.6666667e-16 	0 	6.6666667e-16
0.012987846 	6.6666667e-16 	7.7566609e-32 	5.7904008e-37 	6.6666667e-16 	0 	6.6666667e-16
0.015020557 	6.6666667e-16 	1.6133224e-31 	-6.2149585e-37 	6.6666667e-16 	0 	6.6666667e-16
0.017204925 	6.6666667e-16 	1.6658941e-32 	1.1631292e-34 	6.6666667e-16 	0 	6.6666667e-16
0.019552263 	6.6666667e-16 	-2.2309293e-31 	7.7506984e-36 	6.6666667e-16 	0 	6.6666667e-16
0.022074731 	6.6666667e-16 	-1.0925679e-31 	-2.1390739e-34 	6.6666667e-16 	0 	6.6666667e-16
0.024785394 	6.6666667e-16 	-1.0932882e-31 	-6.3274238e-36 	6.6666667e-16 	0 	6.6666667e-16
0.027698295 	6.6666667e-16 	-2.2606328e-32 	9.8314463e-35 	6.6666667e-16 	0 	6.6666667e-16
0.03082852 	6.6666667e-16 	-8.9622361e-32 	-8.5055518e-35 	6.6666667e-16 	0 	6.6666667e-16
0.034192285 	6.6666667e-16 	9.7221183e-32 	7.1954415e-35 	6.6666667e-16 	0 	6.6666667e-16
0.037807013 	6.6666667e-16 	2.4032052e-31 	1.0739751e-35 	6.6666667e-16 	0 	6.6666667e-16
0.041691429 	6.6666667e-16 	5.3059495e-33 	-1.037926e-35 	6.6666667e-16 	0 	6.6666667e-16
0.045865651 	6.6666667e-16 	-7.1033646e-32 	6.1594137e-36 	6.6666667e-16 	0 	6.6666667e-16
0.050351304 	6.6666667e-16 	-1.0744209e-31 	-1.0399081e-35 	6.6666667e-16 	0 	6.6666667e-16
0.055171622 	6.6666667e-16 	-5.0006986e-32 	1.2883608e-34 	6.6666667e-16 	0 	6.6666667e-16
0.060351572 	6.6666667e-16 	5.7232473e-32 	-1.0979183e-34 	6.6666667e-16 	0 	6.6666667e-16
0.065917988 	6.6666667e-16 	0 	-8.8760261e-36 	6.6666667e-16 	0 	6.6666667e-16
0.071899702 	6.6666667e-16 	0 	6.1254012e-35 	6.6666667e-16 	0 	6.6666667e-16
0.078327699 	6.6666667e-16 	-1.9612537e-32 	-4.4302259e-35 	6.6666667e-16 	0 	6.6666667e-16
0.085235274 	6.6666667e-16 	-8.2493288e-33 	-4.216096e-39 	6.6666667e-16 	0 	6.6666667e-16
0.092658209 	6.6666667e-16 	4.8435171e-32 	2.6900799e-36 	6.6666667e-16 	0 	6.6666667e-16
0.10063495 	6.6666667e-16 	3.7193577e-32 	2.3483885e-36 	6.6666667e-16 	0 	6.6666667e-16
0.10920682 	6.6666667e-16 	9.4345541e-33 	-1.4488123e-36 	6.6666667e-16 	0 	6.6666667e-16
0.11841822 	6.6666667e-16 	-2.0449536e-32 	-1.1993111e-36 	6.6666667e-16 	0 	6.6666667e-16
0.12831687 	6.6666667e-16 	-2.149639e-32 	-8.2727366e-40 	6.6666667e-16 	0 	6.6666667e-16
0.13895403 	6.6666667e-16 	1.6766924e-32 	-2.235696e-36 	6.6666667e-16 	0 	6.6666667e-16
0.1503848 	6.6666667e-16 	-1.5924287e-32 	-1.5617024e-37 	6.6666667e-16 	0 	6.6666667e-16
0.1626684 	6.6666667e-16 	-2.4183045e-32 	2.9510654e-35 	6.6666667e-16 	0 	6.6666667e-16
0.17586845 	6.6666667e-16 	0 	3.5289727e-35 	6.6666667e-16 	0 	6.6666667e-16
0.19005333 	6.6666667e-16 	0 	-4.3738056e-35 	6.6666667e-16 	0 	6.6666667e-16
0.20529651 	6.6666667e-16 	6.4701651e-33 	-6.4821317e-36 	6.6666667e-16 	0 	6.6666667e-16
0.22167695 	6.6666667e-16 	4.0480565e-34 	4.4202458e-35 	6.6666667e-16 	0 	6.6666667e-16
0.23927951 	6.6666667e-16 	-6.3494125e-33 	-2.6914618e-35 	6.6666667e-16 	0 	6.6666667e-16
0.25819535 	6.6666667e-16 	-8.9228871e-33 	-2.4513348e-35 	6.6666667e-16 	0 	6.6666667e-16
0.27852246 	6.6666667e-16 	-6.265768e-34 	4.0725012e-36 	6.6666667e-16 	0 	6.6666667e-16
0.30036613 	6.6666667e-16 	7.9541049e-33 	-1.3529545e-35 	6.6666667e-16 	0 	6.6666667e-16
0.32383951 	6.6666667e-16 	-6.6851471e-33 	-1.8366236e-35 	6.6666667e-16 	0 	6.6666667e-16
0.34906419 	6.6666667e-16 	-5.4411602e-33 	3.9602874e-35 	6.6666667e-16 	0 	6.6666667e-16
0.37617083 	6.6666667e-16 	9.6068778e-35 	4.1140282e-35 	6.6666667e-16 	0 	6.6666667e-16
0.40529983 	6.6666667e-16 	-1.4713484e-32 	-4.6710453e-35 	6.6666667e-16 	0 	6.6666667e-16
0.43660209 	6.6666667e-16 	-1.8798046e-32 	-4.3622955e-35 	6.6666667e-16 	0 	6.6666667e-16
0.47023974 	6.6666667e-16 	-4.7028924e-33 	-2.1110976e-35 	6.6666667e-16 	0 	6.6666667e-16
0.50638702 	6.6666667e-16 	7.6962181e-33 	-1.0406938e-35 	6.6666667e-16 	0 	6.6666667e-16
0.54523117 	6.6666667e-16 	1.1890269e-32 	1.1869434e-35 	6.6666667e-16 	0 	6.6666667e-16
0.5869734 	6.6666667e-16 	4.3608877e-33 	2.4635348e-36 	6.6666667e-16 	0 	6.6666667e-16
0.63182992 	6.6666667e-16 	1.7316684e-33 	-4.1746954e-37 	6.6666667e-16 	0 	6.6666667e-16
0.6800331 	6.6666667e-16 	1.1425337e-34 	-8.2881479e-36 	6.6666667e-16 	0 	6.6666667e-16
0.73183261 	6.6666667e-16 	1.448127e-33 	-1.5359043e-35 	6.6666667e-16 	0 	6.6666667e-16
0.78749677 	6.6666667e-16 	2.7430275e-33 	-1.5972296e-35 	6.6666667e-16 	0 	6.6666667e-16
0.8473139 	6.6666667e-16 	-4.8014988e-33 	-1.4691911e-35 	6.6666667e-16 	0 	6.6666667e-16
0.91159387 	6.6666667e-16 	4.0728588e-33 	4.7471668e-36 	6.6666667e-16 	0 	6.6666667e-16
0.98066963 	6.6666667e-16 	6.3963815e-34 	2.7980079e-35 	6.6666667e-16 	0 	6.6666667e-16
1.054899 	6.6666667e-16 	-7.8881945e-33 	5.6387616e-36 	6.6666667e-16 	0 	6.6666667e-16
1.1346664 	6.6666667e-16 	3.5379373e-33 	2.7255734e-37 	6.6666667e-16 	0 	6.6666667e-16
1.166856 	6.6666667e-16 	3.5419703e-33 	-1.0134948e-35 	6.6666667e-16 	0 	6.6666667e-16
1.2204494 	6.6666667e-16 	3.5483135e-33 	-2.5412862e-35 	6.6666667e-16 	0 	6.6666667e-16
1.3126654 	6.6666667e-16 	-2.7287622e-33 	-2.9292844e-35 	6.6666667e-16 	0 	6.6666667e-16
1.4117494 	6.6666667e-16 	2.6069625e-33 	3.0241684e-35 	6.6666667e-16 	0 	6.6666667e-16
1.5182117 	6.6666667e-16 	3.6330922e-33 	8.1238319e-35 	6.6666667e-16 	0 	6.6666667e-16
1.6246594 	6.6666667e-16 	-3.9279486e-33 	7.9025102e-35 	6.6666667e-16 	0 	6.6666667e-16
1.7237033 	6.6666667e-16 	-1.8817334e-33 	3.0506339e-35 	6.6666667e-16 	0 	6.6666667e-16
1.8158592 	6.6666667e-16 	0 	7.2382505e-36 	6.6666667e-16 	0 	6.6666667e-16
1.9016069 	6.6666667e-16 	5.7793192e-33 	4.5602848e-35 	6.6666667e-16 	0 	6.6666667e-16
1.9813925 	6.6666667e-16 	-5.223482e-33 	7.8380736e-35 	6.6666667e-16 	0 	6.6666667e-16
2.0556311 	6.6666667e-16 	-6.387119e-33 	1.0221408e-35 	6.6666667e-16 	0 	6.6666667e-16
2.1247088 	6.6666667e-16 	2.8744119e-33 	-2.3188891e-35 	6.6666667e-16 	0 	6.6666667e-16
2.1889848 	6.6666667e-16 	-1.3778196e-33 	-6.6516043e-36 	6.6666667e-16 	0 	6.6666667e-16
2.2487932 	6.6666667e-16 	-4.2720515e-33 	6.9468874e-36 	6.6666667e-16 	0 	6.6666667e-16
2.3044449 	6.6666667e-16 	-4.4517632e-33 	-1.6346347e-35 	6.6666667e-16 	0 	6.6666667e-16
2.356229 	6.6666667e-16 	-1.0595459e-33 	-3.9946044e-35 	6.6666667e-16 	0 	6.6666667e-16
2.4044145 	6.6666667e-16 	-8.3974109e-34 	3.6445087e-35 	6.6666667e-16 	0 	6.6666667e-16
2.4492518 	6.6666667e-16 	1.3927029e-33 	1.1902637e-35 	6.6666667e-16 	0 	6.6666667e-16
2.4909736 	6.6666667e-16 	1.0224896e-33 	-1.1772994e-35 	6.6666667e-16 	0 	6.6666667e-16
2.5297965 	6.6666667e-16 	-3.3347792e-34 	3.273837e-35 	6.6666667e-16 	0 	6.6666667e-16
2.5659222 	6.6666667e-16 	9.0294038e-33 	2.6675439e-35 	6.6666667e-16 	0 	6.6666667e-16
2.5828761 	6.6666667e-16 	4.2557617e-33 	1.7959812e-35 	6.6666667e-16 	0 	6.6666667e-16
2.5995508 	6.6666667e-16 	-6.4325733e-34 	9.2685396e-36 	6.6666667e-16 	0 	6.6666667e-16
2.6308527 	6.6666667e-16 	7.8889641e-34 	-1.7962194e-35 	6.6666667e-16 	0 	6.6666667e-16
2.659977 	6.6666667e-16 	-2.4020714e-32 	2.8469764e-36 	6.6666667e-16 	0 	6.6666667e-16
2.6870756 	6.6666667e-16 	-8.926951e-33 	1.4509759e-35 	6.6666667e-16 	0 	6.6666667e-16
2.7122895 	6.6666667e-16 	1.1552583e-32 	-2.9857647e-35 	6.6666667e-16 	0 	6.6666667e-16
2.7357501 	6.6666667e-16 	-1.3413399e-32 	1.22363e-35 	6.6666667e-16 	0 	6.6666667e-16
2.7575795 	6.6666667e-16 	1.9971649e-33 	7.7125699e-36 	6.6666667e-16 	0 	6.6666667e-16
2.7778912 	6.6666667e-16 	1.6455878e-32 	-3.1100885e-35 	6.6666667e-16 	0 	6.6666667e-16
2.7967909 	6.6666667e-16 	1.1219953e-32 	-1.0722636e-35 	6.6666667e-16 	0 	6.6666667e-16
2.8143769 	6.6666667e-16 	1.6240672e-32 	1.0331649e-35 	6.6666667e-16 	0 	6.6666667e-16
2.8307405 	6.6666667e-16 	1.9243868e-32 	2.3465232e-35 	6.6666667e-16 	0 	6.6666667e-16
2.8459669 	6.6666667e-16 	0 	9.7313808e-36 	6.6666667e-16 	0 	6.6666667e-16
2.8601351 	6.6666667e-16 	-1.4099889e-32 	-2.3153205e-35 	6.6666667e-16 	0 	6.6666667e-16
2.8733187 	6.6666667e-16 	1.0219267e-33 	-2.3551244e-35 	6.6666667e-16 	0 	6.6666667e-16
2.8855863 	6.6666667e-16 	1.4176116e-32 	-3.6689714e-37 	6.6666667e-16 	0 	6.6666667e-16
2.8970015 	6.6666667e-16 	2.2810111e-32 	-3.4519406e-35 	6.6666667e-16 	0 	6.6666667e-16
2.9076235 	6.6666667e-16 	2.2605487e-32 	1.0246678e-35 	6.6666667e-16 	0 	6.6666667e-16
2.9175076 	6.6666667e-16 	0 	5.7979058e-35 	6.6666667e-16 	0 	6.6666667e-16
2.9267051 	6.6666667e-16 	0 	-4.3324594e-37 	6.6666667e-16 	0 	6.6666667e-16
2.9352636 	6.6666667e-16 	0 	-3.9669135e-35 	6.6666667e-16 	0 	6.6666667e-16
2.9432275 	6.6666667e-16 	-1.9900192e-32 	9.523906e-36 	6.6666667e-16 	0 	6.6666667e-16
2.9506383 	6.6666667e-16 	-1.1116958e-31 	-5.9357338e-36 	6.6666667e-16 	0 	6.6666667e-16
2.9575343 	6.6666667e-16 	-2.8709027e-32 	-2.135469e-35 	6.6666667e-16 	0 	6.6666667e-16
2.9639513 	6.6666667e-16 	-4.7249059e-33 	6.0686658e-35 	6.6666667e-16 	0 	6.6666667e-16
2.9699226 	6.6666667e-16 	-1.1148726e-32 	3.0109025e-35 	6.6666667e-16 	0 	6.6666667e-16
2.9754792 	6.6666667e-16 	1.3499043e-32 	-2.1116795e-35 	6.6666667e-16 	0 	6.6666667e-16
2.9806499 	6.6666667e-16 	8.8213084e-32 	-5.1154841e-36 	6.6666667e-16 	0 	6.6666667e-16
2.9854614 	6.6666667e-16 	8.1815406e-32 	-1.6069153e-36 	6.6666667e-16 	0 	6.6666667e-16
2.9899388 	6.6666667e-16 	-2.6549445e-32 	-1.1468086e-35 	6.6666667e-16 	0 	6.6666667e-16
2.9941053 	6.6666667e-16 	-5.8482004e-32 	2.45204e-35 	6.6666667e-16 	0 	6.6666667e-16
2.9979824 	6.6666667e-16 	-4.7727636e-32 	1.1857252e-35 	6.6666667e-16 	0 	6.6666667e-16
3.0015902 	6.6666667e-16 	6.2585645e-32 	-2.1348113e-35 	6.6666667e-16 	0 	6.6666667e-16
3.0049475 	6.6666667e-16 	6.0994284e-32 	1.7426527e-36 	6.6666667e-16 	0 	6.6666667e-16
3.0080717 	6.6666667e-16 	1.0635001e-31 	-1.3589683e-35 	6.6666667e-16 	0 	6.6666667e-16
3.0109789 	6.6666667e-16 	-7.9550155e-32 	1.6344645e-35 	6.6666667e-16 	0 	6.6666667e-16
3.0136843 	6.6666667e-16 	-6.8484969e-32 	1.2354368e-35 	6.6666667e-16 	0 	6.6666667e-16
3.0162017 	6.6666667e-16 	1.2865266e-31 	1.737584e-36 	6.6666667e-16 	0 	6.6666667e-16
3.0185444 	6.6666667e-16 	-3.2696508e-33 	-9.4647948e-36 	6.6666667e-16 	0 	6.6666667e-16
3.0207244 	6.6666667e-16 	1.089875e-31 	-2.1804958e-35 	6.6666667e-16 	0 	6.6666667e-16
3.022753 	6.6666667e-16 	-1.7925299e-31 	1.0750147e-35 	6.6666667e-16 	0 	6.6666667e-16
3.0246408 	6.6666667e-16 	-1.5502529e-31 	8.3346314e-36 	6.6666667e-16 	0 	6.6666667e-16
3.0263975 	6.6666667e-16 	1.8006993e-31 	8.206181e-36 	6.6666667e-16 	0 	6.6666667e-16
3.0280322 	6.6666667e-16 	6.8481833e-32 	-1.5226068e-35 	6.6666667e-16 	0 	6.6666667e-16
3.0295534 	6.6666667e-16 	-1.5486117e-31 	-1.0519857e-35 	6.6666667e-16 	0 	6.6666667e-16
3.030969 	6.6666667e-16 	-2.2348196e-31 	7.1284223e-36 	6.6666667e-16 	0 	6.6666667e-16
3.0322862 	6.6666667e-16 	2.5811446e-31 	1.3403917e-36 	6.6666667e-16 	0 	6.6666667e-16
3.0335121 	6.6666667e-16 	-2.0421967e-31 	-8.2307738e-37 	6.6666667e-16 	0 	6.6666667e-16
3.0346528 	6.6666667e-16 	1.5500042e-16 	-2.1501136e-36 	6.6666667e-16 	0 	6.6666667e-16
3.0357143 	0 	0 	0 	0 	0 	0
