0 	0 	0 	0 	0 	0 	0
0.0010637159 	6.6666667e-16 	-1.5499988e-16 	4.6346791e-38 	6.6666667e-16 	0 	6.6666667e-16
0.0022067933 	6.6666667e-16 	-1.7977712e-32 	7.5142536e-38 	6.6666667e-16 	0 	6.6666667e-16
0.0034351532 	6.6666667e-16 	-1.5280274e-31 	2.8784358e-38 	6.6666667e-16 	0 	6.6666667e-16
0.0047551584 	6.6666667e-16 	-2.3615418e-31 	-1.5402776e-37 	6.6666667e-16 	0 	6.6666667e-16
0.0061736463 	6.6666667e-16 	1.0941171e-32 	-8.2344722e-38 	6.6666667e-16 	0 	6.6666667e-16
0.0076979646 	6.6666667e-16 	-2.3890945e-31 	2.8353131e-38 	6.6666667e-16 	0 	6.6666667e-16
0.0093360089 	6.6666667e-16 	3.4874007e-32 	-3.0024948e-39 	6.6666667e-16 	0 	6.6666667e-16
0.011096264 	6.6666667e-16 	8.8530903e-32 	4.0347108e-38 	6.6666667e-16 	0 	6.6666667e-16
0.012987848 	6.6666667e-16 	-2.6671802e-33 	-3.4991648e-38 	6.6666667e-16 	0 	6.6666667e-16
0.015020559 	6.6666667e-16 	2.4786484e-33 	6.4868389e-38 	6.6666667e-16 	0 	6.6666667e-16
0.017204926 	6.6666667e-16 	-3.3399812e-32 	1.6055682e-37 	6.6666667e-16 	0 	6.6666667e-16
0.019552264 	6.6666667e-16 	-8.8500236e-32 	-1.1204706e-37 	6.6666667e-16 	0 	6.6666667e-16
0.022074732 	6.6666667e-16 	1.0317973e-31 	-6.4732805e-38 	6.6666667e-16 	0 	6.6666667e-16
0.024785396 	6.6666667e-16 	1.3302406e-32 	3.5790471e-37 	6.6666667e-16 	0 	6.6666667e-16
0.027698296 	6.6666667e-16 	-2.2605315e-31 	2.0225848e-37 	6.6666667e-16 	0 	6.6666667e-16
0.030828522 	6.6666667e-16 	-4.7708901e-32 	-4.7299667e-38 	6.6666667e-16 	0 	6.6666667e-16
0.034192287 	6.6666667e-16 	0 	0 	6.6666667e-16 	0 	6.6666667e-16
0.037807015 	6.6666667e-16 	5.7305622e-32 	4.4772254e-37 	6.6666667e-16 	0 	6.6666667e-16
0.04169143 	6.6666667e-16 	3.9820176e-33 	3.0851543e-37 	6.6666667e-16 	0 	6.6666667e-16
0.045865653 	6.6666667e-16 	-6.9800482e-32 	-3.324461e-37 	6.6666667e-16 	0 	6.6666667e-16
0.050351306 	6.6666667e-16 	4.495591e-32 	-7.3627552e-38 	6.6666667e-16 	0 	6.6666667e-16
0.055171623 	6.6666667e-16 	1.8651875e-32 	1.207328e-37 	6.6666667e-16 	0 	6.6666667e-16
0.060351574 	6.6666667e-16 	-2.9794966e-33 	3.1137541e-37 	6.6666667e-16 	0 	6.6666667e-16
0.06591799 	6.6666667e-16 	-9.7648053e-33 	4.0904793e-37 	6.6666667e-16 	0 	6.6666667e-16
0.071899704 	6.6666667e-16 	-9.573449e-32 	9.8082361e-38 	6.6666667e-16 	0 	6.6666667e-16
0.078327701 	6.6666667e-16 	2.8828287e-32 	6.7113046e-37 	6.6666667e-16 	0 	6.6666667e-16
0.085235276 	6.6666667e-16 	4.5177608e-32 	5.1158383e-37 	6.6666667e-16 	0 	6.6666667e-16
0.092658211 	6.6666667e-16 	-3.9272765e-32 	-3.0891722e-37 	6.6666667e-16 	0 	6.6666667e-16
0.10063495 	6.6666667e-16 	2.5061299e-32 	-1.4941568e-37 	6.6666667e-16 	0 	6.6666667e-16
0.10920683 	6.6666667e-16 	2.6300296e-32 	2.432088e-37 	6.6666667e-16 	0 	6.6666667e-16
0.11841823 	6.6666667e-16 	-3.0570286e-32 	-5.9161152e-37 	6.6666667e-16 	0 	6.6666667e-16
0.12831687 	6.6666667e-16 	-2.2180287e-32 	1.3230139e-37 	6.6666667e-16 	0 	6.6666667e-16
0.13895403 	6.6666667e-16 	6.8163477e-33 	9.6559223e-37 	6.6666667e-16 	0 	6.6666667e-16
0.1503848 	6.6666667e-16 	6.8529204e-33 	0 	6.6666667e-16 	0 	6.6666667e-16
0.1626684 	6.6666667e-16 	-1.6535917e-32 	-7.0365818e-37 	6.6666667e-16 	0 	6.6666667e-16
0.17586845 	6.6666667e-16 	-1.1553002e-33 	-7.0369218e-37 	6.6666667e-16 	0 	6.6666667e-16
0.19005333 	6.6666667e-16 	3.4840315e-32 	-8.9103882e-37 	6.6666667e-16 	0 	6.6666667e-16
0.20529651 	6.6666667e-16 	-6.9610812e-33 	-2.0245668e-36 	6.6666667e-16 	0 	6.6666667e-16
0.22167696 	6.6666667e-16 	-1.4132149e-32 	-5.5798407e-37 	6.6666667e-16 	0 	6.6666667e-16
0.23927951 	6.6666667e-16 	2.3660683e-32 	-2.3126644e-37 	6.6666667e-16 	0 	6.6666667e-16
0.25819535 	6.6666667e-16 	7.9582296e-34 	5.0248954e-37 	6.6666667e-16 	0 	6.6666667e-16
0.27852246 	6.6666667e-16 	1.2894746e-32 	-3.8672402e-37 	6.6666667e-16 	0 	6.6666667e-16
0.30036613 	6.6666667e-16 	1.9827707e-32 	-1.2555574e-36 	6.6666667e-16 	0 	6.6666667e-16
0.32383951 	6.6666667e-16 	-3.6393495e-33 	1.302153e-36 	6.6666667e-16 	0 	6.6666667e-16
0.34906419 	6.6666667e-16 	1.1001096e-32 	-6.9684585e-37 	6.6666667e-16 	0 	6.6666667e-16
0.37617083 	6.6666667e-16 	8.0107427e-33 	-1.5425464e-36 	6.6666667e-16 	0 	6.6666667e-16
0.40529983 	6.6666667e-16 	1.3189687e-32 	2.385123e-36 	6.6666667e-16 	0 	6.6666667e-16
0.43660209 	6.6666667e-16 	7.347196e-33 	1.7181363e-36 	6.6666667e-16 	0 	6.6666667e-16
0.47023974 	6.6666667e-16 	-1.2099008e-32 	-2.1138896e-36 	6.6666667e-16 	0 	6.6666667e-16
0.50638702 	6.6666667e-16 	-8.4456336e-33 	3.6834367e-37 	6.6666667e-16 	0 	6.6666667e-16
0.54523117 	6.6666667e-16 	6.7878424e-33 	6.9112759e-37 	6.6666667e-16 	0 	6.6666667e-16
0.5869734 	6.6666667e-16 	9.6965011e-33 	-6.7558868e-36 	6.6666667e-16 	0 	6.6666667e-16
0.63182993 	6.6666667e-16 	-2.7833297e-34 	-5.6041048e-36 	6.6666667e-16 	0 	6.6666667e-16
0.6800331 	6.6666667e-16 	-3.7065753e-33 	-3.8561625e-36 	6.6666667e-16 	0 	6.6666667e-16
0.73183261 	6.6666667e-16 	-1.1213951e-32 	-7.3225641e-36 	6.6666667e-16 	0 	6.6666667e-16
0.78749677 	6.6666667e-16 	-8.6894854e-33 	-3.4146723e-36 	6.6666667e-16 	0 	6.6666667e-16
0.84731391 	6.6666667e-16 	-3.255444e-33 	3.009691e-36 	6.6666667e-16 	0 	6.6666667e-16
0.91159388 	6.6666667e-16 	2.763014e-33 	6.1775039e-36 	6.6666667e-16 	0 	6.6666667e-16
0.98066963 	6.6666667e-16 	1.2272398e-33 	3.2878908e-36 	6.6666667e-16 	0 	6.6666667e-16
1.054899 	6.6666667e-16 	2.209723e-33 	-2.9147104e-36 	6.6666667e-16 	0 	6.6666667e-16
1.1346664 	6.6666667e-16 	5.9458344e-33 	-4.4808217e-36 	6.6666667e-16 	0 	6.6666667e-16
1.2203851 	6.6666667e-16 	1.7257849e-34 	-1.32961e-36 	6.6666667e-16 	0 	6.6666667e-16
1.3124991 	6.6666667e-16 	1.1278075e-33 	9.6985673e-37 	6.6666667e-16 	0 	6.6666667e-16
1.4114856 	6.6666667e-16 	2.5214127e-34 	-1.3048437e-35 	6.6666667e-16 	0 	6.6666667e-16
1.5178571 	6.6666667e-16 	-4.1652649e-33 	-2.039886e-35 	6.6666667e-16 	0 	6.6666667e-16
1.6242287 	6.6666667e-16 	-1.5444793e-33 	-9.4908481e-36 	6.6666667e-16 	0 	6.6666667e-16
1.7232152 	6.6666667e-16 	4.9715988e-33 	-3.2248549e-36 	6.6666667e-16 	0 	6.6666667e-16
1.8153292 	6.6666667e-16 	-3.8156301e-34 	0 	6.6666667e-16 	0 	6.6666667e-16
1.9010479 	6.6666667e-16 	-5.366653e-33 	-3.8676137e-36 	6.6666667e-16 	0 	6.6666667e-16
1.9808153 	6.6666667e-16 	-2.0341665e-33 	5.5169893e-37 	6.6666667e-16 	0 	6.6666667e-16
2.0550447 	6.6666667e-16 	7.0285533e-33 	4.3396538e-36 	6.6666667e-16 	0 	6.6666667e-16
2.1241204 	6.6666667e-16 	-7.5241114e-34 	-1.9190391e-36 	6.6666667e-16 	0 	6.6666667e-16
2.1884004 	6.6666667e-16 	-6.785633e-33 	-1.793745e-36 	6.6666667e-16 	0 	6.6666667e-16
2.2482175 	6.6666667e-16 	2.8516869e-33 	0 	6.6666667e-16 	0 	6.6666667e-16
2.3038817 	6.6666667e-16 	-2.6510976e-33 	7.2774405e-37 	6.6666667e-16 	0 	6.6666667e-16
2.3556812 	6.6666667e-16 	2.0463467e-34 	4.0366291e-36 	6.6666667e-16 	0 	6.6666667e-16
2.4038844 	6.6666667e-16 	-1.2539468e-33 	3.2255428e-36 	6.6666667e-16 	0 	6.6666667e-16
2.4487409 	6.6666667e-16 	-1.1519621e-32 	2.1775381e-36 	6.6666667e-16 	0 	6.6666667e-16
2.4904831 	6.6666667e-16 	-2.0260296e-32 	-1.7704354e-37 	6.6666667e-16 	0 	6.6666667e-16
2.5293273 	6.6666667e-16 	-2.522653e-33 	-2.3774081e-36 	6.6666667e-16 	0 	6.6666667e-16
2.5654745 	6.6666667e-16 	1.9640451e-32 	0 	6.6666667e-16 	0 	6.6666667e-16
2.5991122 	6.6666667e-16 	9.2990818e-33 	-9.9431487e-37 	6.6666667e-16 	0 	6.6666667e-16
2.6304145 	6.6666667e-16 	0 	-3.1975733e-36 	6.6666667e-16 	0 	6.6666667e-16
2.6595435 	6.6666667e-16 	4.5002619e-33 	-2.2384471e-36 	6.6666667e-16 	0 	6.6666667e-16
2.6866501 	6.6666667e-16 	4.4525694e-33 	-1.9161232e-36 	6.6666667e-16 	0 	6.6666667e-16
2.7118748 	6.6666667e-16 	5.0952895e-33 	-3.3572225e-36 	6.6666667e-16 	0 	6.6666667e-16
2.7353482 	6.6666667e-16 	-3.7613138e-34 	-3.2468518e-36 	6.6666667e-16 	0 	6.6666667e-16
2.7571918 	6.6666667e-16 	1.9769581e-32 	4.9759409e-37 	6.6666667e-16 	0 	6.6666667e-16
2.7775189 	6.6666667e-16 	-1.8554867e-32 	-5.4420513e-38 	6.6666667e-16 	0 	6.6666667e-16
2.7964348 	6.6666667e-16 	-3.2434648e-32 	-3.761201e-36 	6.6666667e-16 	0 	6.6666667e-16
2.8140373 	6.6666667e-16 	2.5385143e-32 	-9.7580077e-37 	6.6666667e-16 	0 	6.6666667e-16
2.8304178 	6.6666667e-16 	1.9620434e-32 	9.0627684e-37 	6.6666667e-16 	0 	6.6666667e-16
2.845661 	6.6666667e-16 	-2.2650948e-32 	1.353519e-36 	6.6666667e-16 	0 	6.6666667e-16
2.8598458 	6.6666667e-16 	-1.3144605e-32 	3.5278801e-37 	6.6666667e-16 	0 	6.6666667e-16
2.8730459 	6.6666667e-16 	6.6650898e-32 	4.9727086e-37 	6.6666667e-16 	0 	6.6666667e-16
2.8853295 	6.6666667e-16 	3.3523666e-32 	1.5881197e-36 	6.6666667e-16 	0 	6.6666667e-16
2.8967603 	6.6666667e-16 	-5.6117948e-32 	1.1553411e-36 	6.6666667e-16 	0 	6.6666667e-16
2.9073974 	6.6666667e-16 	1.4116674e-32 	-6.9020496e-37 	6.6666667e-16 	0 	6.6666667e-16
2.9172961 	6.6666667e-16 	3.0296403e-32 	-2.0148475e-36 	6.6666667e-16 	0 	6.6666667e-16
2.9265075 	6.6666667e-16 	-5.9078248e-32 	-1.470594e-36 	6.6666667e-16 	0 	6.6666667e-16
2.9350793 	6.6666667e-16 	2.7592838e-33 	-9.6455386e-37 	6.6666667e-16 	0 	6.6666667e-16
2.9430561 	6.6666667e-16 	5.4313517e-32 	4.2253648e-37 	6.6666667e-16 	0 	6.6666667e-16
2.950479 	6.6666667e-16 	-1.5181831e-32 	-1.9860934e-37 	6.6666667e-16 	0 	6.6666667e-16
2.9573866 	6.6666667e-16 	5.136913e-32 	-5.725553e-37 	6.6666667e-16 	0 	6.6666667e-16
2.9638146 	6.6666667e-16 	2.8529861e-32 	3.9280879e-37 	6.6666667e-16 	0 	6.6666667e-16
2.9697963 	6.6666667e-16 	-7.2242935e-32 	-1.6185116e-37 	6.6666667e-16 	0 	6.6666667e-16
2.9753627 	6.6666667e-16 	1.4429865e-33 	-3.6023477e-37 	6.6666667e-16 	0 	6.6666667e-16
2.9805427 	6.6666667e-16 	6.398273e-32 	-6.9569188e-38 	6.6666667e-16 	0 	6.6666667e-16
2.985363 	6.6666667e-16 	-2.7233074e-32 	1.8133628e-37 	6.6666667e-16 	0 	6.6666667e-16
2.9898486 	6.6666667e-16 	-4.468648e-32 	2.8206668e-37 	6.6666667e-16 	0 	6.6666667e-16
2.9940229 	6.6666667e-16 	-1.9055628e-33 	-7.4649523e-39 	6.6666667e-16 	0 	6.6666667e-16
2.9979073 	6.6666667e-16 	-8.5366188e-32 	-1.0771861e-37 	6.6666667e-16 	0 	6.6666667e-16
3.001522 	6.6666667e-16 	-8.9614383e-32 	-1.1864385e-37 	6.6666667e-16 	0 	6.6666667e-16
3.0048858 	6.6666667e-16 	3.5103083e-32 	1.4221911e-37 	6.6666667e-16 	0 	6.6666667e-16
3.008016 	6.6666667e-16 	2.119898e-31 	2.6126475e-37 	6.6666667e-16 	0 	6.6666667e-16
3.0109289 	6.6666667e-16 	6.7755898e-32 	2.2523244e-37 	6.6666667e-16 	0 	6.6666667e-16
3.0136396 	6.6666667e-16 	5.7873593e-33 	2.2547715e-37 	6.6666667e-16 	0 	6.6666667e-16
3.016162 	6.6666667e-16 	2.1783292e-31 	8.728854e-38 	6.6666667e-16 	0 	6.6666667e-16
3.0185094 	6.6666667e-16 	1.34652e-31 	8.733404e-38 	6.6666667e-16 	0 	6.6666667e-16
3.0206937 	6.6666667e-16 	-3.11031e-31 	0 	6.6666667e-16 	0 	6.6666667e-16
3.0227264 	6.6666667e-16 	-1.9993985e-31 	1.6320594e-37 	6.6666667e-16 	0 	6.6666667e-16
3.024618 	6.6666667e-16 	1.1113895e-31 	4.6577739e-38 	6.6666667e-16 	0 	6.6666667e-16
3.0263783 	6.6666667e-16 	-1.9301239e-31 	-1.1668821e-37 	6.6666667e-16 	0 	6.6666667e-16
3.0280163 	6.6666667e-16 	-5.4971919e-32 	-6.7409781e-38 	6.6666667e-16 	0 	6.6666667e-16
3.0295406 	6.6666667e-16 	-1.0313051e-32 	-1.3988747e-37 	6.6666667e-16 	0 	6.6666667e-16
3.0309591 	6.6666667e-16 	9.1105944e-32 	-7.2477704e-38 	6.6666667e-16 	0 	6.6666667e-16
3.0322791 	6.6666667e-16 	3.2546929e-31 	4.1955673e-38 	6.6666667e-16 	0 	6.6666667e-16
3.0335075 	6.6666667e-16 	2.7023632e-31 	8.701113e-38 	6.6666667e-16 	0 	6.6666667e-16
3.0346506 	6.6666667e-16 	1.5500047e-16 	4.5049973e-38 	6.6666667e-16 	0 	6.6666667e-16
3.0357143 	0 	0 	0 	0 	0 	0
