/*--------------------------------*- C++ -*----------------------------------*\
  =========                 |
  \\      /  F ield         | OpenFOAM: The Open Source CFD Toolbox
   \\    /   O peration     | Website:  https://openfoam.org
    \\  /    A nd           | Version:  7
     \\/     M anipulation  |
\*---------------------------------------------------------------------------*/
FoamFile
{
    version     2.0;
    format      ascii;
    class       volScalarField;
    location    "25000";
    object      k;
}
// * * * * * * * * * * * * * * * * * * * * * * * * * * * * * * * * * * * * * //

dimensions      [0 2 -2 0 0 0 0];

internalField   nonuniform List<scalar> 
4917
(
1.24977e-09
1.25267e-09
1.25531e-09
1.25762e-09
1.25964e-09
1.26122e-09
1.26258e-09
1.26325e-09
1.26333e-09
1.26284e-09
1.26037e-09
1.25756e-09
1.25142e-09
1.24243e-09
1.23194e-09
4.17125e-08
4.17153e-08
4.17072e-08
4.16867e-08
4.16558e-08
4.16096e-08
4.15565e-08
4.14809e-08
4.13878e-08
4.12801e-08
4.11145e-08
4.09472e-08
4.06853e-08
4.03509e-08
3.99935e-08
3.30919e-07
3.29042e-07
3.27028e-07
3.24897e-07
3.22652e-07
3.20323e-07
3.17886e-07
3.15416e-07
3.12797e-07
3.10106e-07
3.07409e-07
3.04435e-07
3.01663e-07
2.98478e-07
2.95181e-07
2.92196e-07
1.24044e-06
1.22742e-06
1.21387e-06
1.19991e-06
1.18546e-06
1.17074e-06
1.15577e-06
1.14078e-06
1.12552e-06
1.11027e-06
1.09534e-06
1.08017e-06
1.06619e-06
1.05191e-06
1.03872e-06
1.02781e-06
2.72223e-06
2.69029e-06
2.65737e-06
2.62368e-06
2.58924e-06
2.55441e-06
2.51926e-06
2.48419e-06
2.44889e-06
2.41393e-06
2.37992e-06
2.3463e-06
2.31542e-06
2.28535e-06
2.25894e-06
2.23826e-06
4.14461e-06
4.1014e-06
4.05705e-06
4.01178e-06
3.9657e-06
3.9192e-06
3.8724e-06
3.82572e-06
3.77892e-06
3.7327e-06
3.68775e-06
3.64378e-06
3.60329e-06
3.56467e-06
3.53162e-06
3.50655e-06
5.20633e-06
5.15936e-06
5.11133e-06
5.06245e-06
5.01285e-06
4.96292e-06
4.91278e-06
4.86283e-06
4.8129e-06
4.76369e-06
4.71587e-06
4.66935e-06
4.6265e-06
4.58618e-06
4.55266e-06
4.5288e-06
5.92681e-06
5.88124e-06
5.83491e-06
5.78802e-06
5.74067e-06
5.69322e-06
5.64577e-06
5.59867e-06
5.55179e-06
5.50576e-06
5.46113e-06
5.41793e-06
5.37821e-06
5.3412e-06
5.31096e-06
5.2899e-06
6.38073e-06
6.33964e-06
6.29821e-06
6.2566e-06
6.21489e-06
6.17337e-06
6.1321e-06
6.0914e-06
6.05114e-06
6.01185e-06
5.97393e-06
5.93749e-06
5.90419e-06
5.87354e-06
5.84911e-06
5.83276e-06
6.64743e-06
6.61259e-06
6.57788e-06
6.54343e-06
6.50925e-06
6.47552e-06
6.44228e-06
6.40978e-06
6.37793e-06
6.34714e-06
6.31768e-06
6.2897e-06
6.26451e-06
6.24182e-06
6.22463e-06
6.21434e-06
6.79155e-06
6.76399e-06
6.73695e-06
6.71054e-06
6.6847e-06
6.65957e-06
6.63509e-06
6.61149e-06
6.58868e-06
6.56699e-06
6.54658e-06
6.52762e-06
6.51115e-06
6.49698e-06
6.48761e-06
6.48405e-06
6.85949e-06
6.83967e-06
6.82064e-06
6.80249e-06
6.78516e-06
6.7687e-06
6.75302e-06
6.73829e-06
6.72444e-06
6.71174e-06
6.70025e-06
6.69016e-06
6.68228e-06
6.67644e-06
6.67474e-06
6.67789e-06
6.88257e-06
6.8704e-06
6.85919e-06
6.84901e-06
6.83977e-06
6.83151e-06
6.82406e-06
6.8176e-06
6.81205e-06
6.80767e-06
6.80446e-06
6.80255e-06
6.80263e-06
6.80446e-06
6.80996e-06
6.81968e-06
6.87971e-06
6.87456e-06
6.87047e-06
6.8675e-06
6.86555e-06
6.86465e-06
6.86469e-06
6.86579e-06
6.86783e-06
6.87102e-06
6.87533e-06
6.88086e-06
6.88809e-06
6.89687e-06
6.9087e-06
6.92405e-06
6.86158e-06
6.86277e-06
6.86508e-06
6.86853e-06
6.87303e-06
6.87859e-06
6.88512e-06
6.89271e-06
6.90127e-06
6.91094e-06
6.92167e-06
6.93351e-06
6.94682e-06
6.96145e-06
6.97858e-06
6.99855e-06
6.82874e-06
6.83404e-06
6.84058e-06
6.84826e-06
6.8571e-06
6.86701e-06
6.87799e-06
6.88996e-06
6.90301e-06
6.91702e-06
6.93212e-06
6.9482e-06
6.96531e-06
6.98364e-06
7.00306e-06
7.02446e-06
7.04803e-06
6.79024e-06
6.7999e-06
6.81081e-06
6.82287e-06
6.8361e-06
6.8504e-06
6.86579e-06
6.8822e-06
6.89967e-06
6.91812e-06
6.9376e-06
6.95801e-06
6.97935e-06
7.00169e-06
7.0249e-06
7.04956e-06
7.07569e-06
6.74805e-06
6.76111e-06
6.77541e-06
6.79087e-06
6.80749e-06
6.82521e-06
6.84401e-06
6.86385e-06
6.88474e-06
6.90661e-06
6.92949e-06
6.95324e-06
6.97781e-06
7.00318e-06
7.02917e-06
7.0561e-06
7.0838e-06
6.70366e-06
6.71917e-06
6.73589e-06
6.75377e-06
6.77281e-06
6.79296e-06
6.8142e-06
6.83648e-06
6.85982e-06
6.88413e-06
6.90941e-06
6.93553e-06
6.96237e-06
6.98981e-06
7.01762e-06
7.04587e-06
7.07419e-06
6.65841e-06
6.67541e-06
6.6936e-06
6.71295e-06
6.73345e-06
6.75506e-06
6.77777e-06
6.80154e-06
6.82634e-06
6.85213e-06
6.87888e-06
6.9064e-06
6.93457e-06
6.96315e-06
6.99187e-06
7.02053e-06
7.0486e-06
6.61372e-06
6.63129e-06
6.65001e-06
6.66987e-06
6.69089e-06
6.71302e-06
6.73625e-06
6.76054e-06
6.78587e-06
6.8122e-06
6.83946e-06
6.86748e-06
6.89605e-06
6.92489e-06
6.95361e-06
6.98185e-06
7.00886e-06
6.57117e-06
6.5884e-06
6.60675e-06
6.62622e-06
6.64682e-06
6.66854e-06
6.69136e-06
6.71524e-06
6.74018e-06
6.76611e-06
6.79298e-06
6.82058e-06
6.84867e-06
6.87689e-06
6.90481e-06
6.93185e-06
6.95709e-06
6.53256e-06
6.54859e-06
6.5657e-06
6.5839e-06
6.6032e-06
6.6236e-06
6.6451e-06
6.66767e-06
6.69131e-06
6.71595e-06
6.74153e-06
6.76783e-06
6.79459e-06
6.82138e-06
6.8477e-06
6.87285e-06
6.89573e-06
6.49987e-06
6.51392e-06
6.52897e-06
6.54505e-06
6.5622e-06
6.58043e-06
6.59975e-06
6.62014e-06
6.6416e-06
6.66408e-06
6.68751e-06
6.71167e-06
6.73627e-06
6.76085e-06
6.78487e-06
6.80751e-06
6.82754e-06
6.46472e-06
6.47522e-06
6.48655e-06
6.49878e-06
6.51198e-06
6.52619e-06
6.54145e-06
6.55777e-06
6.57515e-06
6.59361e-06
6.61311e-06
6.63356e-06
6.65477e-06
6.67644e-06
6.6981e-06
6.71916e-06
6.73876e-06
6.75556e-06
6.45347e-06
6.46073e-06
6.46869e-06
6.47744e-06
6.48706e-06
6.49762e-06
6.50916e-06
6.52173e-06
6.53536e-06
6.55005e-06
6.56578e-06
6.5825e-06
6.60001e-06
6.61802e-06
6.6361e-06
6.65363e-06
6.66972e-06
6.68301e-06
6.45493e-06
6.45842e-06
6.46246e-06
6.46715e-06
6.47259e-06
6.47886e-06
6.48605e-06
6.49421e-06
6.50339e-06
6.51362e-06
6.52489e-06
6.53717e-06
6.5503e-06
6.56402e-06
6.57792e-06
6.59141e-06
6.60361e-06
6.6132e-06
6.47082e-06
6.47012e-06
6.46979e-06
6.46995e-06
6.4707e-06
6.47217e-06
6.47445e-06
6.47763e-06
6.48177e-06
6.48694e-06
6.49314e-06
6.50037e-06
6.50852e-06
6.51738e-06
6.52659e-06
6.53561e-06
6.54362e-06
6.54939e-06
6.50258e-06
6.49738e-06
6.49234e-06
6.48759e-06
6.48326e-06
6.4795e-06
6.47643e-06
6.47416e-06
6.47279e-06
6.47239e-06
6.47301e-06
6.47468e-06
6.47734e-06
6.48085e-06
6.48494e-06
6.48914e-06
6.49273e-06
6.49463e-06
6.55133e-06
6.54139e-06
6.53139e-06
6.52147e-06
6.51177e-06
6.50247e-06
6.49371e-06
6.48564e-06
6.47838e-06
6.47203e-06
6.46667e-06
6.46236e-06
6.45912e-06
6.4569e-06
6.45552e-06
6.45463e-06
6.45364e-06
6.45167e-06
6.6322e-06
6.61782e-06
6.60301e-06
6.58789e-06
6.57262e-06
6.55736e-06
6.54231e-06
6.52763e-06
6.51351e-06
6.50009e-06
6.48751e-06
6.47587e-06
6.46527e-06
6.45584e-06
6.4476e-06
6.44051e-06
6.43434e-06
6.42867e-06
6.42288e-06
6.72158e-06
6.70251e-06
6.68275e-06
6.66243e-06
6.64172e-06
6.62079e-06
6.59985e-06
6.57912e-06
6.5588e-06
6.53906e-06
6.52006e-06
6.50194e-06
6.48487e-06
6.46904e-06
6.45459e-06
6.44161e-06
6.43005e-06
6.41966e-06
6.41014e-06
6.82932e-06
6.80554e-06
6.78082e-06
6.75528e-06
6.72909e-06
6.70245e-06
6.67558e-06
6.64873e-06
6.62214e-06
6.59599e-06
6.57049e-06
6.5458e-06
6.52213e-06
6.49979e-06
6.47902e-06
6.46009e-06
6.44309e-06
6.428e-06
6.41485e-06
6.95534e-06
6.92687e-06
6.89719e-06
6.86644e-06
6.83479e-06
6.80244e-06
6.76964e-06
6.73667e-06
6.7038e-06
6.67124e-06
6.63921e-06
6.60792e-06
6.57764e-06
6.54875e-06
6.52164e-06
6.49673e-06
6.47431e-06
6.45458e-06
6.43794e-06
7.0994e-06
7.06627e-06
7.03167e-06
6.99574e-06
6.95865e-06
6.92063e-06
6.88194e-06
6.84289e-06
6.80377e-06
6.76484e-06
6.72632e-06
6.68847e-06
6.65159e-06
6.61619e-06
6.58278e-06
6.55194e-06
6.52416e-06
6.49989e-06
6.47988e-06
7.29712e-06
7.26118e-06
7.22341e-06
7.18392e-06
7.14285e-06
7.10037e-06
7.05672e-06
7.01219e-06
6.96711e-06
6.92181e-06
6.87657e-06
6.83163e-06
6.78729e-06
6.7439e-06
6.70205e-06
6.66242e-06
6.62574e-06
6.59271e-06
6.56401e-06
6.5408e-06
7.48063e-06
7.44032e-06
7.39793e-06
7.35358e-06
7.30739e-06
7.25955e-06
7.21031e-06
7.15998e-06
7.10894e-06
7.05753e-06
7.00605e-06
6.95478e-06
6.90404e-06
6.85423e-06
6.80605e-06
6.7603e-06
6.7179e-06
6.67974e-06
6.64676e-06
6.6205e-06
7.68117e-06
7.63648e-06
7.58946e-06
7.54024e-06
7.48895e-06
7.43576e-06
7.38094e-06
7.32486e-06
7.26789e-06
7.21042e-06
7.15279e-06
7.09527e-06
7.03823e-06
6.9821e-06
6.9277e-06
6.87596e-06
6.82797e-06
6.78483e-06
6.74771e-06
6.71856e-06
7.89847e-06
7.84935e-06
7.79768e-06
7.74356e-06
7.68713e-06
7.62857e-06
7.56817e-06
7.50633e-06
7.44345e-06
7.37997e-06
7.31623e-06
7.25254e-06
7.18928e-06
7.12694e-06
7.06643e-06
7.00883e-06
6.95538e-06
6.9074e-06
6.86629e-06
6.83439e-06
8.13231e-06
8.07871e-06
8.02231e-06
7.96322e-06
7.90158e-06
7.8376e-06
7.77157e-06
7.70393e-06
7.63513e-06
7.56563e-06
7.49581e-06
7.42599e-06
7.35658e-06
7.28811e-06
7.22159e-06
7.15824e-06
7.09947e-06
7.04679e-06
7.00182e-06
6.96731e-06
8.43765e-06
8.38258e-06
8.32438e-06
8.26315e-06
8.19898e-06
8.13204e-06
8.06253e-06
7.99078e-06
7.91726e-06
7.84247e-06
7.76692e-06
7.691e-06
7.61506e-06
7.53953e-06
7.46498e-06
7.39253e-06
7.32352e-06
7.25954e-06
7.20229e-06
7.1536e-06
7.11661e-06
8.70878e-06
8.64923e-06
8.58632e-06
8.52011e-06
8.45072e-06
8.37831e-06
8.30312e-06
8.22551e-06
8.14598e-06
8.0651e-06
7.9834e-06
7.90132e-06
7.81922e-06
7.73756e-06
7.65695e-06
7.57861e-06
7.50401e-06
7.43492e-06
7.3732e-06
7.32091e-06
7.28155e-06
8.99651e-06
8.93235e-06
8.86454e-06
8.79317e-06
8.71837e-06
8.6403e-06
8.55923e-06
8.47555e-06
8.38984e-06
8.30268e-06
8.2147e-06
8.12634e-06
8.038e-06
7.95015e-06
7.86346e-06
7.77923e-06
7.69909e-06
7.62494e-06
7.55885e-06
7.50305e-06
7.46143e-06
9.36597e-06
9.30104e-06
9.23208e-06
9.15918e-06
9.08244e-06
9.00198e-06
8.91801e-06
8.8308e-06
8.74081e-06
8.64866e-06
8.55501e-06
8.46054e-06
8.36573e-06
8.27101e-06
8.17687e-06
8.08402e-06
7.99387e-06
7.90818e-06
7.82901e-06
7.7586e-06
7.69937e-06
7.65557e-06
9.69222e-06
9.62263e-06
9.54868e-06
9.47046e-06
9.38809e-06
9.30171e-06
9.21154e-06
9.1179e-06
9.02128e-06
8.92239e-06
8.82196e-06
8.72073e-06
8.61924e-06
8.51794e-06
8.41733e-06
8.3182e-06
8.22204e-06
8.13076e-06
8.04657e-06
7.97188e-06
7.90928e-06
7.86336e-06
1.00361e-05
9.96163e-06
9.88247e-06
9.7987e-06
9.71041e-06
9.6178e-06
9.5211e-06
9.42066e-06
9.31705e-06
9.21105e-06
9.10349e-06
8.99518e-06
8.8867e-06
8.77855e-06
8.67127e-06
8.56566e-06
8.46336e-06
8.3664e-06
8.27715e-06
8.19817e-06
8.13223e-06
8.08424e-06
1.0472e-05
1.03979e-05
1.03185e-05
1.02339e-05
1.01443e-05
1.00498e-05
9.95059e-06
9.84698e-06
9.73934e-06
9.62832e-06
9.51479e-06
9.39967e-06
9.28387e-06
9.16805e-06
9.05271e-06
8.93846e-06
8.82614e-06
8.7175e-06
8.61472e-06
8.52033e-06
8.43703e-06
8.36775e-06
8.31773e-06
1.0857e-05
1.07782e-05
1.06936e-05
1.06033e-05
1.05077e-05
1.04066e-05
1.03005e-05
1.01896e-05
1.00743e-05
9.95539e-06
9.83382e-06
9.71066e-06
9.58692e-06
9.46331e-06
9.34039e-06
9.21879e-06
9.09945e-06
8.98422e-06
8.87543e-06
8.77577e-06
8.68808e-06
8.61543e-06
8.5634e-06
1.1261e-05
1.11774e-05
1.10875e-05
1.09914e-05
1.08894e-05
1.07815e-05
1.0668e-05
1.05494e-05
1.04259e-05
1.02986e-05
1.01685e-05
1.00367e-05
9.90451e-06
9.77259e-06
9.64161e-06
9.51225e-06
9.3855e-06
9.26335e-06
9.14831e-06
9.0432e-06
8.951e-06
8.87493e-06
8.82087e-06
1.17657e-05
1.16845e-05
1.15961e-05
1.15007e-05
1.13986e-05
1.129e-05
1.11749e-05
1.10538e-05
1.09269e-05
1.07948e-05
1.06585e-05
1.05192e-05
1.03783e-05
1.02369e-05
1.00961e-05
9.95651e-06
9.81888e-06
9.68427e-06
9.55482e-06
9.43321e-06
9.32242e-06
9.22556e-06
9.14596e-06
9.08983e-06
1.22132e-05
1.21279e-05
1.20346e-05
1.19337e-05
1.18255e-05
1.171e-05
1.15875e-05
1.14583e-05
1.13227e-05
1.11815e-05
1.10356e-05
1.08865e-05
1.07356e-05
1.05845e-05
1.04342e-05
1.02853e-05
1.01388e-05
9.99582e-06
9.85861e-06
9.73006e-06
9.61329e-06
9.51157e-06
9.42831e-06
9.37005e-06
1.26808e-05
1.25914e-05
1.24934e-05
1.2387e-05
1.22725e-05
1.21501e-05
1.20199e-05
1.18822e-05
1.17375e-05
1.15866e-05
1.14305e-05
1.12709e-05
1.11094e-05
1.09478e-05
1.07872e-05
1.06284e-05
1.04723e-05
1.03203e-05
1.01748e-05
1.00388e-05
9.91576e-06
9.80891e-06
9.72183e-06
9.66133e-06
1.32519e-05
1.31684e-05
1.30753e-05
1.29727e-05
1.28609e-05
1.27402e-05
1.26107e-05
1.24726e-05
1.23262e-05
1.2172e-05
1.20108e-05
1.18439e-05
1.16731e-05
1.15003e-05
1.13273e-05
1.11556e-05
1.0986e-05
1.08197e-05
1.0658e-05
1.05035e-05
1.03597e-05
1.02298e-05
1.01175e-05
1.00264e-05
9.96354e-06
1.37621e-05
1.3676e-05
1.35795e-05
1.34726e-05
1.33556e-05
1.32288e-05
1.30923e-05
1.29461e-05
1.27908e-05
1.26267e-05
1.24548e-05
1.22765e-05
1.20937e-05
1.19088e-05
1.17237e-05
1.154e-05
1.13588e-05
1.11814e-05
1.10091e-05
1.08451e-05
1.06927e-05
1.05556e-05
1.04375e-05
1.0342e-05
1.02766e-05
1.42915e-05
1.42034e-05
1.41039e-05
1.39931e-05
1.38713e-05
1.37386e-05
1.35951e-05
1.3441e-05
1.32765e-05
1.31023e-05
1.29192e-05
1.27289e-05
1.25335e-05
1.23356e-05
1.21375e-05
1.1941e-05
1.17473e-05
1.15578e-05
1.13742e-05
1.11997e-05
1.10381e-05
1.08932e-05
1.07689e-05
1.06687e-05
1.06006e-05
1.49164e-05
1.48391e-05
1.47497e-05
1.46479e-05
1.45339e-05
1.44076e-05
1.42695e-05
1.41193e-05
1.39573e-05
1.37838e-05
1.35992e-05
1.34047e-05
1.32019e-05
1.29933e-05
1.27816e-05
1.25696e-05
1.23593e-05
1.21521e-05
1.19496e-05
1.17537e-05
1.15679e-05
1.13963e-05
1.1243e-05
1.11118e-05
1.10066e-05
1.09355e-05
1.54808e-05
1.5404e-05
1.5314e-05
1.52108e-05
1.50941e-05
1.49642e-05
1.48211e-05
1.46648e-05
1.44952e-05
1.43128e-05
1.41179e-05
1.39117e-05
1.3696e-05
1.34735e-05
1.32474e-05
1.30207e-05
1.27956e-05
1.25739e-05
1.23573e-05
1.21481e-05
1.195e-05
1.17676e-05
1.16051e-05
1.14666e-05
1.1356e-05
1.12814e-05
1.61216e-05
1.60597e-05
1.59843e-05
1.58949e-05
1.57912e-05
1.56729e-05
1.55401e-05
1.53928e-05
1.5231e-05
1.50544e-05
1.48634e-05
1.46584e-05
1.44405e-05
1.42117e-05
1.39749e-05
1.37337e-05
1.34914e-05
1.32506e-05
1.30134e-05
1.27817e-05
1.25581e-05
1.23467e-05
1.21525e-05
1.19801e-05
1.18336e-05
1.17169e-05
1.16387e-05
1.67094e-05
1.66509e-05
1.65781e-05
1.64904e-05
1.63873e-05
1.62685e-05
1.61339e-05
1.59835e-05
1.58171e-05
1.56343e-05
1.54353e-05
1.52206e-05
1.49912e-05
1.47492e-05
1.44979e-05
1.4241e-05
1.39825e-05
1.37251e-05
1.34713e-05
1.32235e-05
1.29843e-05
1.27586e-05
1.25516e-05
1.23684e-05
1.22132e-05
1.209e-05
1.20077e-05
1.73055e-05
1.72516e-05
1.71827e-05
1.7098e-05
1.69969e-05
1.6879e-05
1.6744e-05
1.65917e-05
1.64217e-05
1.62338e-05
1.60278e-05
1.58041e-05
1.55636e-05
1.53087e-05
1.50427e-05
1.47699e-05
1.44944e-05
1.42197e-05
1.39485e-05
1.36834e-05
1.34275e-05
1.31863e-05
1.29656e-05
1.27706e-05
1.2606e-05
1.24755e-05
1.23887e-05
1.79399e-05
1.79064e-05
1.78584e-05
1.77948e-05
1.77147e-05
1.76171e-05
1.75016e-05
1.73676e-05
1.7215e-05
1.70431e-05
1.68513e-05
1.66395e-05
1.64078e-05
1.61572e-05
1.58898e-05
1.56094e-05
1.53204e-05
1.50277e-05
1.4735e-05
1.44454e-05
1.4162e-05
1.38885e-05
1.36307e-05
1.3395e-05
1.31873e-05
1.30124e-05
1.28741e-05
1.27822e-05
1.85345e-05
1.85084e-05
1.84676e-05
1.84107e-05
1.83366e-05
1.82443e-05
1.81329e-05
1.80019e-05
1.78507e-05
1.76786e-05
1.74847e-05
1.72687e-05
1.70305e-05
1.67708e-05
1.64918e-05
1.61975e-05
1.58926e-05
1.55825e-05
1.52714e-05
1.49627e-05
1.46602e-05
1.43678e-05
1.40923e-05
1.38406e-05
1.36193e-05
1.34332e-05
1.32864e-05
1.31889e-05
1.91293e-05
1.91248e-05
1.91072e-05
1.90747e-05
1.9026e-05
1.89596e-05
1.88743e-05
1.8769e-05
1.86429e-05
1.84952e-05
1.8325e-05
1.81311e-05
1.79129e-05
1.767e-05
1.74028e-05
1.71136e-05
1.68063e-05
1.64861e-05
1.61588e-05
1.5829e-05
1.55008e-05
1.51783e-05
1.48662e-05
1.45718e-05
1.43032e-05
1.40672e-05
1.38691e-05
1.3713e-05
1.36095e-05
1.97028e-05
1.97069e-05
1.96983e-05
1.96753e-05
1.96361e-05
1.95789e-05
1.95024e-05
1.94052e-05
1.92861e-05
1.91442e-05
1.89781e-05
1.87866e-05
1.85686e-05
1.83233e-05
1.80509e-05
1.77534e-05
1.74346e-05
1.71001e-05
1.6756e-05
1.64077e-05
1.60597e-05
1.57168e-05
1.53841e-05
1.507e-05
1.47834e-05
1.45317e-05
1.43208e-05
1.41547e-05
1.40447e-05
2.0241e-05
2.02637e-05
2.02764e-05
2.02773e-05
2.02645e-05
2.02359e-05
2.01895e-05
2.01234e-05
2.00362e-05
1.99263e-05
1.97925e-05
1.96331e-05
1.94467e-05
1.92315e-05
1.89867e-05
1.87117e-05
1.84083e-05
1.80802e-05
1.77329e-05
1.73733e-05
1.70071e-05
1.66395e-05
1.62757e-05
1.59219e-05
1.55874e-05
1.52818e-05
1.50137e-05
1.47891e-05
1.46124e-05
1.44952e-05
2.07791e-05
2.08085e-05
2.08293e-05
2.08396e-05
2.08373e-05
2.08201e-05
2.07857e-05
2.07319e-05
2.06566e-05
2.05581e-05
2.04348e-05
2.02847e-05
2.0106e-05
1.98968e-05
1.96553e-05
1.93808e-05
1.90745e-05
1.87398e-05
1.83823e-05
1.80089e-05
1.7626e-05
1.72394e-05
1.6855e-05
1.64798e-05
1.61242e-05
1.5799e-05
1.55136e-05
1.52747e-05
1.50867e-05
1.49621e-05
2.12602e-05
2.12997e-05
2.1334e-05
2.13617e-05
2.13806e-05
2.13886e-05
2.13832e-05
2.13618e-05
2.13218e-05
2.12605e-05
2.11757e-05
2.10653e-05
2.09273e-05
2.07593e-05
2.0559e-05
2.03242e-05
2.00535e-05
1.97476e-05
1.94096e-05
1.90444e-05
1.86598e-05
1.82623e-05
1.78582e-05
1.7454e-05
1.70575e-05
1.66806e-05
1.63353e-05
1.60321e-05
1.57782e-05
1.55784e-05
1.5446e-05
2.17622e-05
2.18018e-05
2.18386e-05
2.18709e-05
2.18967e-05
2.1914e-05
2.192e-05
2.19119e-05
2.18866e-05
2.1841e-05
2.17724e-05
2.16779e-05
2.15549e-05
2.14006e-05
2.12126e-05
2.09881e-05
2.07248e-05
2.04227e-05
2.00848e-05
1.97162e-05
1.93238e-05
1.89144e-05
1.84946e-05
1.80717e-05
1.76547e-05
1.72565e-05
1.68909e-05
1.65694e-05
1.63001e-05
1.60882e-05
1.59477e-05
2.22519e-05
2.22877e-05
2.2323e-05
2.23564e-05
2.23862e-05
2.24104e-05
2.24262e-05
2.24306e-05
2.24202e-05
2.23915e-05
2.23409e-05
2.22652e-05
2.21607e-05
2.20239e-05
2.18517e-05
2.16412e-05
2.13899e-05
2.10967e-05
2.07638e-05
2.0396e-05
1.99995e-05
1.95807e-05
1.91472e-05
1.87072e-05
1.82704e-05
1.78515e-05
1.74657e-05
1.71258e-05
1.68409e-05
1.66166e-05
1.6468e-05
2.27116e-05
2.27362e-05
2.2763e-05
2.27916e-05
2.28213e-05
2.28505e-05
2.28776e-05
2.29e-05
2.29147e-05
2.2918e-05
2.29059e-05
2.28743e-05
2.28193e-05
2.27364e-05
2.26215e-05
2.24704e-05
2.22792e-05
2.20451e-05
2.17662e-05
2.14433e-05
2.10801e-05
2.06828e-05
2.02581e-05
1.98137e-05
1.93585e-05
1.89034e-05
1.84647e-05
1.80592e-05
1.77012e-05
1.74007e-05
1.71639e-05
1.70073e-05
2.32209e-05
2.32281e-05
2.3239e-05
2.32539e-05
2.32728e-05
2.32949e-05
2.33191e-05
2.33431e-05
2.33639e-05
2.33777e-05
2.33803e-05
2.3367e-05
2.33336e-05
2.32751e-05
2.3186e-05
2.30611e-05
2.2895e-05
2.26834e-05
2.24236e-05
2.21155e-05
2.17619e-05
2.13686e-05
2.09422e-05
2.04905e-05
2.00232e-05
1.9552e-05
1.90949e-05
1.86706e-05
1.8295e-05
1.79793e-05
1.77304e-05
1.7566e-05
2.37829e-05
2.37623e-05
2.37449e-05
2.37321e-05
2.3725e-05
2.37245e-05
2.37309e-05
2.37438e-05
2.37615e-05
2.37817e-05
2.38008e-05
2.38141e-05
2.38174e-05
2.38053e-05
2.37722e-05
2.37112e-05
2.36156e-05
2.34788e-05
2.32949e-05
2.30599e-05
2.27725e-05
2.24345e-05
2.20509e-05
2.16281e-05
2.11739e-05
2.06981e-05
2.02137e-05
1.97404e-05
1.92987e-05
1.89065e-05
1.85763e-05
1.83157e-05
1.81441e-05
2.44043e-05
2.4354e-05
2.43054e-05
2.42612e-05
2.42234e-05
2.41939e-05
2.41744e-05
2.41656e-05
2.4167e-05
2.41772e-05
2.41935e-05
2.42116e-05
2.42268e-05
2.42331e-05
2.42237e-05
2.4191e-05
2.41266e-05
2.40227e-05
2.38715e-05
2.36673e-05
2.3407e-05
2.30912e-05
2.27238e-05
2.23107e-05
2.18593e-05
2.13797e-05
2.08858e-05
2.0399e-05
1.9942e-05
1.95346e-05
1.91909e-05
1.89195e-05
1.87414e-05
2.51763e-05
2.50971e-05
2.50142e-05
2.49298e-05
2.48471e-05
2.47694e-05
2.47007e-05
2.46439e-05
2.46014e-05
2.45746e-05
2.45633e-05
2.45659e-05
2.45791e-05
2.4598e-05
2.46163e-05
2.46267e-05
2.46204e-05
2.45881e-05
2.45198e-05
2.44059e-05
2.42383e-05
2.40117e-05
2.3725e-05
2.33808e-05
2.29841e-05
2.25418e-05
2.20639e-05
2.15649e-05
2.1068e-05
2.05983e-05
2.01777e-05
1.98219e-05
1.95408e-05
1.93574e-05
2.59822e-05
2.58743e-05
2.57585e-05
2.56364e-05
2.55109e-05
2.53866e-05
2.52685e-05
2.51621e-05
2.50724e-05
2.5003e-05
2.49558e-05
2.49307e-05
2.4926e-05
2.49371e-05
2.4958e-05
2.49812e-05
2.49972e-05
2.49956e-05
2.49643e-05
2.48912e-05
2.47656e-05
2.45794e-05
2.4329e-05
2.40153e-05
2.36422e-05
2.32159e-05
2.27459e-05
2.22472e-05
2.17443e-05
2.12651e-05
2.08337e-05
2.04678e-05
2.01786e-05
1.99912e-05
2.70032e-05
2.68797e-05
2.67455e-05
2.65986e-05
2.64392e-05
2.62704e-05
2.60961e-05
2.59218e-05
2.57552e-05
2.56042e-05
2.54761e-05
2.53759e-05
2.53061e-05
2.52668e-05
2.52551e-05
2.52657e-05
2.52912e-05
2.53222e-05
2.53469e-05
2.53514e-05
2.53213e-05
2.52422e-05
2.51026e-05
2.48959e-05
2.46204e-05
2.42786e-05
2.38758e-05
2.34207e-05
2.29283e-05
2.24244e-05
2.19395e-05
2.15003e-05
2.11266e-05
2.08312e-05
2.06415e-05
2.8014e-05
2.78699e-05
2.77135e-05
2.75401e-05
2.73472e-05
2.71378e-05
2.6914e-05
2.66817e-05
2.64486e-05
2.62251e-05
2.60223e-05
2.58504e-05
2.57161e-05
2.56225e-05
2.55689e-05
2.55521e-05
2.55654e-05
2.55998e-05
2.56427e-05
2.5679e-05
2.56913e-05
2.56617e-05
2.55745e-05
2.54185e-05
2.51891e-05
2.48866e-05
2.45151e-05
2.40826e-05
2.36034e-05
2.31042e-05
2.2618e-05
2.21747e-05
2.1796e-05
2.14966e-05
2.13066e-05
2.91147e-05
2.89504e-05
2.87732e-05
2.85775e-05
2.83583e-05
2.81157e-05
2.78484e-05
2.75616e-05
2.72616e-05
2.69601e-05
2.66709e-05
2.64098e-05
2.61898e-05
2.60192e-05
2.59013e-05
2.58356e-05
2.58173e-05
2.58387e-05
2.58874e-05
2.59473e-05
2.59985e-05
2.60193e-05
2.59886e-05
2.589e-05
2.57145e-05
2.54594e-05
2.51276e-05
2.47258e-05
2.42674e-05
2.37794e-05
2.3297e-05
2.28535e-05
2.24731e-05
2.21725e-05
2.19846e-05
3.04735e-05
3.03062e-05
3.01206e-05
2.99182e-05
2.96993e-05
2.94586e-05
2.91905e-05
2.88912e-05
2.85614e-05
2.82022e-05
2.78251e-05
2.74456e-05
2.70834e-05
2.67587e-05
2.64878e-05
2.62804e-05
2.61402e-05
2.60662e-05
2.60529e-05
2.60897e-05
2.61603e-05
2.62429e-05
2.63114e-05
2.63394e-05
2.63039e-05
2.61898e-05
2.59906e-05
2.57069e-05
2.53443e-05
2.4915e-05
2.44453e-05
2.39725e-05
2.35333e-05
2.3155e-05
2.28562e-05
2.26729e-05
3.1746e-05
3.15619e-05
3.13579e-05
3.11326e-05
3.08914e-05
3.06273e-05
3.03361e-05
3.00148e-05
2.9657e-05
2.92575e-05
2.88199e-05
2.8357e-05
2.78916e-05
2.7451e-05
2.70601e-05
2.67378e-05
2.64952e-05
2.63369e-05
2.62621e-05
2.62636e-05
2.63264e-05
2.64275e-05
2.65373e-05
2.66231e-05
2.66545e-05
2.66089e-05
2.64738e-05
2.62468e-05
2.5932e-05
2.55404e-05
2.50969e-05
2.46401e-05
2.42103e-05
2.38381e-05
2.35446e-05
2.33688e-05
3.32144e-05
3.30342e-05
3.28347e-05
3.26143e-05
3.23708e-05
3.21102e-05
3.18278e-05
3.1519e-05
3.1179e-05
3.08027e-05
3.03845e-05
2.99137e-05
2.9392e-05
2.88373e-05
2.82822e-05
2.77614e-05
2.73045e-05
2.69326e-05
2.66592e-05
2.64914e-05
2.64281e-05
2.64582e-05
2.65594e-05
2.66989e-05
2.68378e-05
2.69374e-05
2.69658e-05
2.6903e-05
2.67414e-05
2.64832e-05
2.61381e-05
2.57292e-05
2.52953e-05
2.48804e-05
2.45189e-05
2.42345e-05
2.40694e-05
3.44798e-05
3.42836e-05
3.40677e-05
3.38311e-05
3.35728e-05
3.32928e-05
3.29958e-05
3.26753e-05
3.23264e-05
3.19431e-05
3.15177e-05
3.1041e-05
3.04987e-05
2.98903e-05
2.92432e-05
2.86002e-05
2.80019e-05
2.74817e-05
2.70649e-05
2.67705e-05
2.66079e-05
2.65737e-05
2.66496e-05
2.68016e-05
2.69843e-05
2.71498e-05
2.72559e-05
2.72725e-05
2.7185e-05
2.69922e-05
2.67025e-05
2.6337e-05
2.59336e-05
2.55394e-05
2.51935e-05
2.49223e-05
2.47713e-05
3.58523e-05
3.56567e-05
3.54408e-05
3.52047e-05
3.49483e-05
3.46714e-05
3.43729e-05
3.40603e-05
3.37298e-05
3.33773e-05
3.29973e-05
3.25809e-05
3.21163e-05
3.1589e-05
3.09773e-05
3.02855e-05
2.9553e-05
2.88296e-05
2.81594e-05
2.75814e-05
2.71303e-05
2.68318e-05
2.6696e-05
2.6714e-05
2.68545e-05
2.70662e-05
2.72911e-05
2.74754e-05
2.75773e-05
2.75723e-05
2.74538e-05
2.72283e-05
2.69151e-05
2.65502e-05
2.61832e-05
2.58579e-05
2.56042e-05
2.54711e-05
3.69183e-05
3.66999e-05
3.64596e-05
3.61979e-05
3.59159e-05
3.56144e-05
3.52938e-05
3.49595e-05
3.46143e-05
3.42561e-05
3.38813e-05
3.34825e-05
3.30473e-05
3.25576e-05
3.19901e-05
3.13164e-05
3.05537e-05
2.97501e-05
2.89562e-05
2.82209e-05
2.75963e-05
2.71297e-05
2.68526e-05
2.67734e-05
2.68705e-05
2.70902e-05
2.73631e-05
2.76225e-05
2.78134e-05
2.78986e-05
2.78633e-05
2.77107e-05
2.74586e-05
2.71406e-05
2.68073e-05
2.6508e-05
2.62765e-05
2.6165e-05
3.78187e-05
3.75733e-05
3.73035e-05
3.70106e-05
3.66961e-05
3.63623e-05
3.60118e-05
3.56476e-05
3.52779e-05
3.49046e-05
3.45277e-05
3.41434e-05
3.37418e-05
3.33054e-05
3.28078e-05
3.22116e-05
3.14925e-05
3.06807e-05
2.9822e-05
2.89665e-05
2.81776e-05
2.75259e-05
2.70724e-05
2.68532e-05
2.68669e-05
2.70663e-05
2.73706e-05
2.76975e-05
2.79779e-05
2.81597e-05
2.82161e-05
2.81451e-05
2.79627e-05
2.77002e-05
2.74078e-05
2.71399e-05
2.69353e-05
2.68494e-05
3.87741e-05
3.85262e-05
3.82499e-05
3.79462e-05
3.76164e-05
3.72629e-05
3.68889e-05
3.64983e-05
3.60956e-05
3.56895e-05
3.5287e-05
3.48933e-05
3.45099e-05
3.41322e-05
3.37473e-05
3.33303e-05
3.28441e-05
3.22341e-05
3.14977e-05
3.06601e-05
2.97587e-05
2.88528e-05
2.80286e-05
2.73795e-05
2.69808e-05
2.6866e-05
2.70076e-05
2.73205e-05
2.7703e-05
2.80695e-05
2.8352e-05
2.85084e-05
2.85277e-05
2.84233e-05
2.82247e-05
2.79803e-05
2.77495e-05
2.75767e-05
2.75205e-05
3.93004e-05
3.90221e-05
3.87119e-05
3.83704e-05
3.79993e-05
3.76011e-05
3.71797e-05
3.67403e-05
3.62892e-05
3.58347e-05
3.53877e-05
3.49591e-05
3.45566e-05
3.41828e-05
3.38322e-05
3.34867e-05
3.31112e-05
3.265e-05
3.20597e-05
3.1337e-05
3.04917e-05
2.95577e-05
2.86159e-05
2.77832e-05
2.71808e-05
2.68931e-05
2.69314e-05
2.72222e-05
2.76437e-05
2.8089e-05
2.84733e-05
2.87367e-05
2.88549e-05
2.88365e-05
2.87099e-05
2.85212e-05
2.83331e-05
2.81969e-05
2.81745e-05
3.9608e-05
3.9297e-05
3.89502e-05
3.85681e-05
3.81521e-05
3.77049e-05
3.72305e-05
3.67348e-05
3.62257e-05
3.57125e-05
3.52067e-05
3.47247e-05
3.42807e-05
3.38856e-05
3.3543e-05
3.3245e-05
3.29652e-05
3.26549e-05
3.22439e-05
3.17096e-05
3.10263e-05
3.01831e-05
2.92246e-05
2.82659e-05
2.7466e-05
2.69732e-05
2.68598e-05
2.7088e-05
2.75262e-05
2.80391e-05
2.85226e-05
2.88982e-05
2.91235e-05
2.9199e-05
2.91522e-05
2.90266e-05
2.88871e-05
2.87922e-05
2.88079e-05
4.00015e-05
3.96953e-05
3.93499e-05
3.89647e-05
3.85399e-05
3.80767e-05
3.75774e-05
3.70462e-05
3.64891e-05
3.59144e-05
3.53335e-05
3.47572e-05
3.4205e-05
3.36977e-05
3.32537e-05
3.28874e-05
3.26037e-05
3.23889e-05
3.2203e-05
3.19773e-05
3.16629e-05
3.12207e-05
3.0589e-05
2.97483e-05
2.87716e-05
2.78269e-05
2.71235e-05
2.68168e-05
2.69333e-05
2.73585e-05
2.79241e-05
2.85008e-05
2.89907e-05
2.9331e-05
2.95082e-05
2.95484e-05
2.94932e-05
2.9408e-05
2.93592e-05
2.9417e-05
3.99059e-05
3.95679e-05
3.91871e-05
3.87626e-05
3.82943e-05
3.7783e-05
3.72307e-05
3.66411e-05
3.60198e-05
3.53754e-05
3.47195e-05
3.4065e-05
3.34296e-05
3.28393e-05
3.23195e-05
3.18953e-05
3.15861e-05
3.13947e-05
3.12959e-05
3.12297e-05
3.11355e-05
3.09674e-05
3.06364e-05
3.00511e-05
2.92035e-05
2.82209e-05
2.7345e-05
2.68236e-05
2.67787e-05
2.71506e-05
2.77497e-05
2.84103e-05
2.90137e-05
2.94751e-05
2.97618e-05
2.98958e-05
2.9918e-05
2.9893e-05
2.98946e-05
2.99984e-05
3.96074e-05
3.92374e-05
3.88213e-05
3.83581e-05
3.78471e-05
3.72888e-05
3.66848e-05
3.6038e-05
3.53535e-05
3.46393e-05
3.39065e-05
3.31701e-05
3.24439e-05
3.17565e-05
3.11375e-05
3.06208e-05
3.02416e-05
3.00223e-05
2.99567e-05
3e-05
3.00897e-05
3.0196e-05
3.0215e-05
2.99958e-05
2.94348e-05
2.85675e-05
2.76123e-05
2.6891e-05
2.66467e-05
2.69149e-05
2.75222e-05
2.82549e-05
2.89675e-05
2.95541e-05
2.99579e-05
3.01923e-05
3.02983e-05
3.03392e-05
3.03956e-05
3.05492e-05
3.94768e-05
3.91231e-05
3.87222e-05
3.82725e-05
3.77726e-05
3.72217e-05
3.66198e-05
3.5968e-05
3.52687e-05
3.45261e-05
3.37471e-05
3.2942e-05
3.21257e-05
3.13093e-05
3.05198e-05
2.97869e-05
2.91488e-05
2.86557e-05
2.83519e-05
2.82527e-05
2.83357e-05
2.8545e-05
2.88794e-05
2.92394e-05
2.94527e-05
2.93248e-05
2.87542e-05
2.78672e-05
2.70117e-05
2.65558e-05
2.66689e-05
2.72485e-05
2.80392e-05
2.88543e-05
2.95671e-05
3.00949e-05
3.04361e-05
3.06318e-05
3.07444e-05
3.08595e-05
3.10662e-05
3.88583e-05
3.84784e-05
3.80493e-05
3.75693e-05
3.70369e-05
3.64511e-05
3.58116e-05
3.5119e-05
3.4375e-05
3.35832e-05
3.27491e-05
3.18819e-05
3.09951e-05
3.00983e-05
2.92139e-05
2.83665e-05
2.75995e-05
2.69713e-05
2.65355e-05
2.63306e-05
2.63632e-05
2.65979e-05
2.70621e-05
2.76993e-05
2.83434e-05
2.87387e-05
2.86412e-05
2.80176e-05
2.71522e-05
2.65135e-05
2.64341e-05
2.69372e-05
2.7768e-05
2.86774e-05
2.95145e-05
3.01716e-05
3.06262e-05
3.0917e-05
3.11063e-05
3.12841e-05
3.15471e-05
3.81117e-05
3.77095e-05
3.72568e-05
3.6752e-05
3.61933e-05
3.55799e-05
3.49111e-05
3.41872e-05
3.34094e-05
3.25802e-05
3.17043e-05
3.07891e-05
2.98464e-05
2.88859e-05
2.79241e-05
2.6984e-05
2.61079e-05
2.53453e-05
2.47507e-05
2.43827e-05
2.42783e-05
2.44332e-05
2.4898e-05
2.56792e-05
2.66641e-05
2.75931e-05
2.80988e-05
2.79398e-05
2.72481e-05
2.65096e-05
2.62286e-05
2.66008e-05
2.74453e-05
2.84407e-05
2.93975e-05
3.01873e-05
3.07615e-05
3.11525e-05
3.14234e-05
3.16676e-05
3.19894e-05
3.76516e-05
3.72814e-05
3.68623e-05
3.63923e-05
3.58697e-05
3.5293e-05
3.4661e-05
3.3973e-05
3.32289e-05
3.24294e-05
3.15763e-05
3.06732e-05
2.97259e-05
2.87438e-05
2.77384e-05
2.67208e-05
2.57188e-05
2.476e-05
2.38803e-05
2.31304e-05
2.25774e-05
2.22816e-05
2.22728e-05
2.26199e-05
2.33798e-05
2.4529e-05
2.58819e-05
2.70297e-05
2.75106e-05
2.72025e-05
2.65107e-05
2.606e-05
2.62577e-05
2.70755e-05
2.8148e-05
2.9219e-05
3.01419e-05
3.08416e-05
3.13376e-05
3.16945e-05
3.20085e-05
3.23914e-05
3.67955e-05
3.64143e-05
3.59844e-05
3.55041e-05
3.49715e-05
3.4385e-05
3.37437e-05
3.30465e-05
3.22931e-05
3.14837e-05
3.06196e-05
2.97031e-05
2.87388e-05
2.77342e-05
2.67003e-05
2.56457e-05
2.4597e-05
2.35802e-05
2.26156e-05
2.17421e-05
2.10219e-05
2.0525e-05
2.03084e-05
2.04523e-05
2.10495e-05
2.21616e-05
2.37247e-05
2.54094e-05
2.66167e-05
2.69047e-05
2.64523e-05
2.59217e-05
2.59286e-05
2.66654e-05
2.7802e-05
2.89824e-05
3.0036e-05
3.08659e-05
3.14718e-05
3.19185e-05
3.23055e-05
3.27515e-05
3.59323e-05
3.55451e-05
3.51101e-05
3.46253e-05
3.40892e-05
3.35e-05
3.28567e-05
3.21584e-05
3.14044e-05
3.05945e-05
2.97293e-05
2.88105e-05
2.78415e-05
2.68283e-05
2.57802e-05
2.47034e-05
2.36181e-05
2.25524e-05
2.1526e-05
2.05643e-05
1.97185e-05
1.9056e-05
1.86381e-05
1.85491e-05
1.89011e-05
1.98137e-05
2.134e-05
2.33214e-05
2.52054e-05
2.62467e-05
2.62532e-05
2.57864e-05
2.56259e-05
2.62264e-05
2.7404e-05
2.86916e-05
2.98713e-05
3.08343e-05
3.15552e-05
3.20951e-05
3.25579e-05
3.30684e-05
3.54134e-05
3.50687e-05
3.46788e-05
3.42419e-05
3.37564e-05
3.32206e-05
3.26329e-05
3.19923e-05
3.12978e-05
3.05487e-05
2.97444e-05
2.88851e-05
2.79719e-05
2.70072e-05
2.59955e-05
2.49445e-05
2.38577e-05
2.27497e-05
2.1643e-05
2.05664e-05
1.95424e-05
1.86075e-05
1.78191e-05
1.7237e-05
1.69435e-05
1.70487e-05
1.76799e-05
1.89775e-05
2.09688e-05
2.3311e-05
2.51484e-05
2.58193e-05
2.55984e-05
2.5349e-05
2.57775e-05
2.69552e-05
2.83497e-05
2.96507e-05
3.0747e-05
3.15878e-05
3.22241e-05
3.27652e-05
3.33414e-05
3.45461e-05
3.42002e-05
3.381e-05
3.33739e-05
3.28905e-05
3.23579e-05
3.17747e-05
3.11402e-05
3.04533e-05
2.97131e-05
2.8919e-05
2.80708e-05
2.71691e-05
2.62155e-05
2.52132e-05
2.4168e-05
2.30817e-05
2.19643e-05
2.0833e-05
1.97152e-05
1.86438e-05
1.76467e-05
1.67659e-05
1.60567e-05
1.55953e-05
1.54805e-05
1.58368e-05
1.68326e-05
1.86039e-05
2.10862e-05
2.35892e-05
2.5062e-05
2.52972e-05
2.50817e-05
2.53391e-05
2.64591e-05
2.79582e-05
2.93777e-05
3.06046e-05
3.15698e-05
3.23058e-05
3.29271e-05
3.357e-05
3.36735e-05
3.33283e-05
3.29401e-05
3.25071e-05
3.20281e-05
3.15015e-05
3.09255e-05
3.03e-05
2.96238e-05
2.88959e-05
2.81157e-05
2.72826e-05
2.63969e-05
2.54595e-05
2.44725e-05
2.34401e-05
2.23628e-05
2.12475e-05
2.01073e-05
1.89643e-05
1.78533e-05
1.68131e-05
1.58693e-05
1.50647e-05
1.44672e-05
1.41627e-05
1.42723e-05
1.4966e-05
1.64275e-05
1.87601e-05
2.16328e-05
2.39204e-05
2.48076e-05
2.47859e-05
2.49207e-05
2.59245e-05
2.75163e-05
2.90566e-05
3.04087e-05
3.15014e-05
3.23406e-05
3.30437e-05
3.37539e-05
3.27998e-05
3.24572e-05
3.20725e-05
3.16444e-05
3.11719e-05
3.06532e-05
3.00866e-05
2.94722e-05
2.88091e-05
2.8096e-05
2.73323e-05
2.65174e-05
2.56511e-05
2.47337e-05
2.37664e-05
2.27522e-05
2.16908e-05
2.05866e-05
1.94499e-05
1.82989e-05
1.71614e-05
1.60854e-05
1.51009e-05
1.42303e-05
1.35298e-05
1.30709e-05
1.29633e-05
1.33712e-05
1.45057e-05
1.6543e-05
1.94434e-05
2.23837e-05
2.40574e-05
2.44142e-05
2.45184e-05
2.53678e-05
2.70214e-05
2.8691e-05
3.01616e-05
3.13828e-05
3.23294e-05
3.31154e-05
3.38932e-05
3.22286e-05
3.19287e-05
3.159e-05
3.12103e-05
3.07885e-05
3.03238e-05
2.98146e-05
2.92594e-05
2.86581e-05
2.80097e-05
2.73133e-05
2.6568e-05
2.57733e-05
2.49285e-05
2.40336e-05
2.30891e-05
2.20968e-05
2.1056e-05
1.99694e-05
1.88452e-05
1.76988e-05
1.65544e-05
1.54529e-05
1.44358e-05
1.3522e-05
1.2749e-05
1.21724e-05
1.18862e-05
1.20371e-05
1.28436e-05
1.45427e-05
1.72292e-05
2.05105e-05
2.29934e-05
2.39132e-05
2.4117e-05
2.48108e-05
2.64719e-05
2.82833e-05
2.98664e-05
3.12146e-05
3.22728e-05
3.31426e-05
3.39881e-05
3.13597e-05
3.10633e-05
3.07294e-05
3.0356e-05
2.99419e-05
2.94863e-05
2.89878e-05
2.84451e-05
2.7858e-05
2.72256e-05
2.65471e-05
2.58215e-05
2.50482e-05
2.42265e-05
2.33559e-05
2.24362e-05
2.14685e-05
2.04518e-05
1.93875e-05
1.82825e-05
1.71498e-05
1.60109e-05
1.49001e-05
1.38569e-05
1.29123e-05
1.20914e-05
1.14306e-05
1.10071e-05
1.09424e-05
1.1442e-05
1.27803e-05
1.51605e-05
1.84406e-05
2.15983e-05
2.32286e-05
2.36803e-05
2.42692e-05
2.58702e-05
2.78332e-05
2.95271e-05
3.09976e-05
3.21717e-05
3.31262e-05
3.4039e-05
3.04981e-05
3.02065e-05
2.98783e-05
2.9512e-05
2.91064e-05
2.86607e-05
2.81738e-05
2.76444e-05
2.70723e-05
2.64567e-05
2.57968e-05
2.50918e-05
2.43408e-05
2.3543e-05
2.26977e-05
2.18042e-05
2.0863e-05
1.98728e-05
1.88343e-05
1.77531e-05
1.66406e-05
1.5516e-05
1.44088e-05
1.33535e-05
1.23829e-05
1.15256e-05
1.08103e-05
1.0288e-05
1.00541e-05
1.02872e-05
1.12647e-05
1.32854e-05
1.63526e-05
1.99074e-05
2.23167e-05
2.31774e-05
2.37437e-05
2.52266e-05
2.73379e-05
2.9148e-05
3.07329e-05
3.20265e-05
3.30672e-05
3.40465e-05
2.96465e-05
2.93602e-05
2.90384e-05
2.86798e-05
2.82833e-05
2.78482e-05
2.73734e-05
2.68578e-05
2.63012e-05
2.57028e-05
2.5062e-05
2.43778e-05
2.36495e-05
2.28762e-05
2.20567e-05
2.11902e-05
2.02766e-05
1.93146e-05
1.83042e-05
1.72501e-05
1.61623e-05
1.5058e-05
1.39633e-05
1.29089e-05
1.1924e-05
1.10368e-05
1.02789e-05
9.68993e-06
9.33341e-06
9.35076e-06
9.99707e-06
1.162e-05
1.43942e-05
1.8022e-05
2.1154e-05
2.25739e-05
2.32244e-05
2.45587e-05
2.67916e-05
2.87335e-05
3.04227e-05
3.1838e-05
3.29667e-05
3.40112e-05
2.90538e-05
2.88066e-05
2.85259e-05
2.8211e-05
2.78606e-05
2.74736e-05
2.70494e-05
2.6587e-05
2.60856e-05
2.55447e-05
2.49637e-05
2.43421e-05
2.36789e-05
2.29734e-05
2.22246e-05
2.14311e-05
2.0592e-05
1.97064e-05
1.87737e-05
1.77929e-05
1.6768e-05
1.57079e-05
1.46281e-05
1.3552e-05
1.25071e-05
1.15201e-05
1.06152e-05
9.82156e-06
9.17971e-06
8.73913e-06
8.59591e-06
8.96016e-06
1.01875e-05
1.25982e-05
1.60813e-05
1.97452e-05
2.18337e-05
2.26904e-05
2.38884e-05
2.61885e-05
2.82869e-05
3.00695e-05
3.16063e-05
3.28259e-05
3.39339e-05
2.82217e-05
2.79794e-05
2.77048e-05
2.73971e-05
2.70551e-05
2.66779e-05
2.62648e-05
2.5815e-05
2.53278e-05
2.48026e-05
2.42391e-05
2.36365e-05
2.29943e-05
2.23114e-05
2.15869e-05
2.08194e-05
2.00076e-05
1.91504e-05
1.82473e-05
1.72969e-05
1.63025e-05
1.52719e-05
1.42194e-05
1.3166e-05
1.21366e-05
1.11558e-05
1.02449e-05
9.42875e-06
8.74222e-06
8.23604e-06
7.98051e-06
8.12579e-06
8.98852e-06
1.09802e-05
1.42115e-05
1.81268e-05
2.09263e-05
2.2114e-05
2.32313e-05
2.55259e-05
2.78094e-05
2.96766e-05
3.13318e-05
3.26461e-05
3.38154e-05
2.7403e-05
2.71659e-05
2.68977e-05
2.65973e-05
2.62639e-05
2.58966e-05
2.54947e-05
2.50575e-05
2.45844e-05
2.40749e-05
2.35286e-05
2.29449e-05
2.23232e-05
2.16626e-05
2.09621e-05
2.02202e-05
1.94354e-05
1.86066e-05
1.77331e-05
1.68133e-05
1.58501e-05
1.48502e-05
1.38267e-05
1.27986e-05
1.17888e-05
1.082e-05
9.91135e-06
9.08454e-06
8.36803e-06
7.80551e-06
7.46645e-06
7.4526e-06
8.01254e-06
9.57142e-06
1.24685e-05
1.63833e-05
1.98356e-05
2.14772e-05
2.25889e-05
2.4809e-05
2.72996e-05
2.92479e-05
3.1015e-05
3.24284e-05
3.36567e-05
2.65984e-05
2.63667e-05
2.61048e-05
2.5812e-05
2.54872e-05
2.51298e-05
2.47391e-05
2.43144e-05
2.38553e-05
2.33612e-05
2.28319e-05
2.22667e-05
2.16652e-05
2.10264e-05
2.03493e-05
1.96324e-05
1.88743e-05
1.80734e-05
1.72292e-05
1.634e-05
1.5408e-05
1.44394e-05
1.34458e-05
1.24448e-05
1.14573e-05
1.05046e-05
9.60395e-06
8.77488e-06
8.04137e-06
7.43842e-06
7.0273e-06
6.89996e-06
7.22715e-06
8.38565e-06
1.08697e-05
1.46228e-05
1.85623e-05
2.07587e-05
2.19533e-05
2.40516e-05
2.67525e-05
2.87878e-05
3.06566e-05
3.21737e-05
3.34586e-05
2.58082e-05
2.55819e-05
2.53265e-05
2.50412e-05
2.47251e-05
2.43775e-05
2.39978e-05
2.35855e-05
2.31401e-05
2.26612e-05
2.21484e-05
2.16014e-05
2.10194e-05
2.04019e-05
1.97476e-05
1.90552e-05
1.8323e-05
1.75496e-05
1.67342e-05
1.58751e-05
1.49743e-05
1.40369e-05
1.30737e-05
1.21007e-05
1.11374e-05
1.02036e-05
9.31521e-06
8.48987e-06
7.7485e-06
7.12013e-06
6.65288e-06
6.43339e-06
6.59096e-06
7.41977e-06
9.44095e-06
1.29361e-05
1.71261e-05
1.99344e-05
2.13129e-05
2.32733e-05
2.61604e-05
2.83006e-05
3.02578e-05
3.18829e-05
3.32222e-05
2.50324e-05
2.48116e-05
2.45627e-05
2.42849e-05
2.39774e-05
2.36395e-05
2.32707e-05
2.28705e-05
2.24385e-05
2.19744e-05
2.14778e-05
2.09483e-05
2.03855e-05
1.97885e-05
1.91564e-05
1.84877e-05
1.77808e-05
1.70341e-05
1.62468e-05
1.54174e-05
1.45471e-05
1.36407e-05
1.27079e-05
1.17636e-05
1.08255e-05
9.91267e-06
9.03965e-06
8.2225e-06
7.47981e-06
6.83654e-06
6.33189e-06
6.03461e-06
6.06671e-06
6.63712e-06
8.21841e-06
1.13517e-05
1.55708e-05
1.89896e-05
2.06448e-05
2.24935e-05
2.55139e-05
2.77902e-05
2.98204e-05
3.15562e-05
3.29486e-05
2.44597e-05
2.42709e-05
2.40556e-05
2.38132e-05
2.35428e-05
2.32437e-05
2.29154e-05
2.25573e-05
2.2169e-05
2.17501e-05
2.13003e-05
2.08194e-05
2.0307e-05
1.97626e-05
1.91856e-05
1.85749e-05
1.79292e-05
1.72467e-05
1.6526e-05
1.57661e-05
1.49655e-05
1.41252e-05
1.32493e-05
1.23466e-05
1.1431e-05
1.05191e-05
9.6286e-06
8.77326e-06
7.96768e-06
7.22857e-06
6.57789e-06
6.04881e-06
5.69478e-06
5.62238e-06
6.00038e-06
7.21031e-06
9.88277e-06
1.39738e-05
1.79195e-05
1.99388e-05
2.1726e-05
2.48052e-05
2.72595e-05
2.93464e-05
3.11939e-05
3.26389e-05
2.37075e-05
2.35233e-05
2.33136e-05
2.30775e-05
2.28144e-05
2.25237e-05
2.22047e-05
2.1857e-05
2.14803e-05
2.10741e-05
2.06383e-05
2.01726e-05
1.96767e-05
1.91503e-05
1.85925e-05
1.80025e-05
1.73789e-05
1.67202e-05
1.60246e-05
1.52913e-05
1.45186e-05
1.37075e-05
1.28614e-05
1.19884e-05
1.11015e-05
1.02159e-05
9.34892e-06
8.51304e-06
7.72167e-06
6.98992e-06
6.33739e-06
5.79304e-06
5.40011e-06
5.24159e-06
5.47508e-06
6.38497e-06
8.57869e-06
1.24143e-05
1.67289e-05
1.91883e-05
2.0975e-05
2.40326e-05
2.67095e-05
2.88387e-05
3.07956e-05
3.22942e-05
2.29689e-05
2.27892e-05
2.2585e-05
2.23552e-05
2.20993e-05
2.18167e-05
2.15069e-05
2.11694e-05
2.0804e-05
2.04102e-05
1.99879e-05
1.95369e-05
1.9057e-05
1.85478e-05
1.80086e-05
1.74386e-05
1.68364e-05
1.62005e-05
1.55292e-05
1.48215e-05
1.4076e-05
1.32931e-05
1.2476e-05
1.16322e-05
1.07736e-05
9.91467e-06
9.07182e-06
8.25677e-06
7.48171e-06
6.76032e-06
6.11023e-06
5.55727e-06
5.13775e-06
4.91603e-06
5.02978e-06
5.70875e-06
7.46887e-06
1.09428e-05
1.54302e-05
1.83837e-05
2.02356e-05
2.32039e-05
2.61386e-05
2.83002e-05
3.0361e-05
3.19158e-05
2.22431e-05
2.20681e-05
2.18692e-05
2.16456e-05
2.13968e-05
2.11222e-05
2.08213e-05
2.04938e-05
2.01392e-05
1.97575e-05
1.93483e-05
1.89116e-05
1.84471e-05
1.79546e-05
1.74333e-05
1.68825e-05
1.6301e-05
1.56871e-05
1.50392e-05
1.43562e-05
1.36369e-05
1.28814e-05
1.20925e-05
1.1277e-05
1.04465e-05
9.61409e-06
8.79591e-06
8.00279e-06
7.24575e-06
6.53714e-06
5.89292e-06
5.3364e-06
4.89898e-06
4.63254e-06
4.64637e-06
5.14961e-06
6.54785e-06
9.57169e-06
1.40425e-05
1.75143e-05
1.94998e-05
2.23367e-05
2.55421e-05
2.77342e-05
2.98895e-05
3.15045e-05
2.15297e-05
2.13592e-05
2.11655e-05
2.0948e-05
2.07062e-05
2.04393e-05
2.01472e-05
1.98293e-05
1.94854e-05
1.91153e-05
1.87189e-05
1.8296e-05
1.78464e-05
1.73699e-05
1.6866e-05
1.63337e-05
1.5772e-05
1.51793e-05
1.4554e-05
1.38949e-05
1.32009e-05
1.24719e-05
1.17102e-05
1.09223e-05
1.01192e-05
9.31333e-06
8.52017e-06
7.74984e-06
7.01224e-06
6.31845e-06
5.68288e-06
5.12675e-06
4.67779e-06
4.37938e-06
4.31739e-06
4.67818e-06
5.78596e-06
8.32892e-06
1.26218e-05
1.65715e-05
1.8756e-05
2.1452e-05
2.49122e-05
2.71443e-05
2.93806e-05
3.10614e-05
2.08277e-05
2.06616e-05
2.04732e-05
2.02617e-05
2.00266e-05
1.97674e-05
1.94837e-05
1.91753e-05
1.88417e-05
1.8483e-05
1.80989e-05
1.76893e-05
1.72541e-05
1.67932e-05
1.63059e-05
1.57915e-05
1.52489e-05
1.46767e-05
1.40731e-05
1.34371e-05
1.27674e-05
1.20639e-05
1.13286e-05
1.05675e-05
9.79132e-06
9.01171e-06
8.24382e-06
7.497e-06
6.78003e-06
6.10278e-06
5.47818e-06
4.92565e-06
4.46997e-06
4.14857e-06
4.03157e-06
4.27199e-06
5.15415e-06
7.2505e-06
1.12328e-05
1.55511e-05
1.7988e-05
2.05678e-05
2.42391e-05
2.65337e-05
2.88343e-05
3.05872e-05
2.02769e-05
2.01363e-05
1.99746e-05
1.97913e-05
1.95856e-05
1.93572e-05
1.91054e-05
1.88301e-05
1.85308e-05
1.82073e-05
1.78595e-05
1.74874e-05
1.70907e-05
1.66695e-05
1.62236e-05
1.57524e-05
1.52553e-05
1.47312e-05
1.41786e-05
1.3596e-05
1.29822e-05
1.23359e-05
1.1657e-05
1.09472e-05
1.02121e-05
9.46226e-06
8.70869e-06
7.96624e-06
7.24355e-06
6.54826e-06
5.88902e-06
5.27738e-06
4.73108e-06
4.27248e-06
3.93459e-06
3.77695e-06
3.92214e-06
4.62471e-06
6.34665e-06
9.92037e-06
1.44556e-05
1.7194e-05
1.96959e-05
2.35116e-05
2.59057e-05
2.82506e-05
3.00821e-05
1.95914e-05
1.94545e-05
1.92972e-05
1.91189e-05
1.8919e-05
1.8697e-05
1.84525e-05
1.81853e-05
1.78949e-05
1.75813e-05
1.72442e-05
1.68836e-05
1.64995e-05
1.60918e-05
1.56604e-05
1.52048e-05
1.47243e-05
1.42181e-05
1.36845e-05
1.31222e-05
1.25297e-05
1.19061e-05
1.1251e-05
1.05657e-05
9.85576e-06
9.13164e-06
8.40386e-06
7.68698e-06
6.98896e-06
6.31626e-06
5.67636e-06
5.07938e-06
4.54154e-06
4.08308e-06
3.73358e-06
3.54542e-06
3.62009e-06
4.17161e-06
5.59083e-06
8.71643e-06
1.32928e-05
1.63731e-05
1.88409e-05
2.27208e-05
2.52629e-05
2.76302e-05
2.95463e-05
1.89147e-05
1.87814e-05
1.86283e-05
1.8455e-05
1.82607e-05
1.80451e-05
1.78078e-05
1.75484e-05
1.72668e-05
1.69627e-05
1.6636e-05
1.62867e-05
1.59148e-05
1.55202e-05
1.51028e-05
1.46623e-05
1.4198e-05
1.3709e-05
1.31938e-05
1.2651e-05
1.20792e-05
1.14775e-05
1.08452e-05
1.01837e-05
9.49809e-06
8.79909e-06
8.09684e-06
7.40567e-06
6.73282e-06
6.08357e-06
5.46415e-06
4.88332e-06
4.35583e-06
3.90006e-06
3.54275e-06
3.33127e-06
3.35289e-06
3.78069e-06
4.957e-06
7.6276e-06
1.20764e-05
1.55205e-05
1.79997e-05
2.18634e-05
2.4607e-05
2.69745e-05
2.89793e-05
1.82455e-05
1.81158e-05
1.7967e-05
1.77985e-05
1.76097e-05
1.74004e-05
1.717e-05
1.69184e-05
1.66453e-05
1.63505e-05
1.6034e-05
1.56957e-05
1.53356e-05
1.49538e-05
1.45501e-05
1.41242e-05
1.36756e-05
1.32033e-05
1.27059e-05
1.2182e-05
1.16301e-05
1.10496e-05
1.04395e-05
9.80087e-06
9.13876e-06
8.46429e-06
7.78732e-06
7.12199e-06
6.47481e-06
5.84979e-06
5.25193e-06
4.68857e-06
4.17305e-06
3.72207e-06
3.36001e-06
3.13058e-06
3.11148e-06
3.44416e-06
4.42033e-06
6.67054e-06
1.08369e-05
1.46302e-05
1.71654e-05
2.09449e-05
2.39378e-05
2.62849e-05
2.838e-05
1.75828e-05
1.74566e-05
1.73119e-05
1.71482e-05
1.69649e-05
1.67617e-05
1.65382e-05
1.62942e-05
1.60294e-05
1.57437e-05
1.54371e-05
1.51096e-05
1.47611e-05
1.43917e-05
1.40013e-05
1.35897e-05
1.31563e-05
1.27002e-05
1.222e-05
1.17145e-05
1.1182e-05
1.06219e-05
1.00332e-05
9.41678e-06
8.77744e-06
8.12692e-06
7.47502e-06
6.8357e-06
6.21468e-06
5.61466e-06
5.03933e-06
4.49462e-06
3.99245e-06
3.54804e-06
3.18376e-06
2.94049e-06
2.88945e-06
3.15005e-06
3.95863e-06
5.85834e-06
9.62177e-06
1.36982e-05
1.63309e-05
1.99806e-05
2.32535e-05
2.55634e-05
2.7747e-05
1.69252e-05
1.68025e-05
1.66619e-05
1.65029e-05
1.6325e-05
1.61278e-05
1.59111e-05
1.56745e-05
1.54179e-05
1.51412e-05
1.48443e-05
1.45273e-05
1.41901e-05
1.38329e-05
1.34556e-05
1.30578e-05
1.26392e-05
1.21989e-05
1.17356e-05
1.12478e-05
1.07342e-05
1.0194e-05
9.62597e-06
9.03105e-06
8.41376e-06
7.78664e-06
7.15964e-06
6.54654e-06
5.95222e-06
5.37795e-06
4.82607e-06
4.30105e-06
3.81344e-06
3.3771e-06
3.0127e-06
2.75891e-06
2.68231e-06
2.88729e-06
3.56078e-06
5.1712e-06
8.49028e-06
1.27237e-05
1.54894e-05
1.89913e-05
2.255e-05
2.48122e-05
2.70782e-05
1.62714e-05
1.61522e-05
1.60157e-05
1.58614e-05
1.56888e-05
1.54976e-05
1.52875e-05
1.50582e-05
1.48097e-05
1.45418e-05
1.42545e-05
1.39478e-05
1.36217e-05
1.32763e-05
1.29118e-05
1.25277e-05
1.21236e-05
1.16987e-05
1.12517e-05
1.07813e-05
1.0286e-05
9.76518e-06
9.21733e-06
8.64326e-06
8.04734e-06
7.44311e-06
6.84089e-06
6.25432e-06
5.68727e-06
5.1395e-06
4.61193e-06
4.10753e-06
3.63551e-06
3.2085e-06
2.84576e-06
2.58421e-06
2.48688e-06
2.64804e-06
3.21734e-06
4.58512e-06
7.47609e-06
1.17102e-05
1.46303e-05
1.79969e-05
2.18211e-05
2.40334e-05
2.63711e-05
1.562e-05
1.55043e-05
1.53718e-05
1.52221e-05
1.50547e-05
1.48694e-05
1.46659e-05
1.44439e-05
1.42034e-05
1.39442e-05
1.36663e-05
1.33697e-05
1.30546e-05
1.27209e-05
1.23689e-05
1.19982e-05
1.16083e-05
1.11986e-05
1.07676e-05
1.03141e-05
9.83685e-06
9.3349e-06
8.80668e-06
8.25291e-06
7.67774e-06
7.09593e-06
6.51846e-06
5.95879e-06
5.41968e-06
4.89917e-06
4.39671e-06
3.91376e-06
3.45821e-06
3.04158e-06
2.682e-06
2.41507e-06
2.30085e-06
2.42667e-06
2.91464e-06
4.07868e-06
6.56905e-06
1.06655e-05
1.37451e-05
1.70112e-05
2.1059e-05
2.32291e-05
2.5623e-05
1.49694e-05
1.48571e-05
1.47286e-05
1.45835e-05
1.44214e-05
1.4242e-05
1.40449e-05
1.38302e-05
1.35975e-05
1.33469e-05
1.30783e-05
1.27918e-05
1.24875e-05
1.21654e-05
1.18258e-05
1.14682e-05
1.10924e-05
1.06975e-05
1.02823e-05
9.84538e-06
9.38584e-06
8.90241e-06
8.39339e-06
7.85945e-06
7.30449e-06
6.74467e-06
6.19201e-06
5.65973e-06
5.14929e-06
4.65683e-06
4.18026e-06
3.71948e-06
3.28111e-06
2.87573e-06
2.52062e-06
2.25039e-06
2.12246e-06
2.21916e-06
2.64225e-06
3.64105e-06
5.76273e-06
9.60014e-06
1.2834e-05
1.60408e-05
2.02548e-05
2.2401e-05
2.48308e-05
1.44116e-05
1.43178e-05
1.42089e-05
1.40844e-05
1.39439e-05
1.3787e-05
1.36134e-05
1.34229e-05
1.32153e-05
1.29905e-05
1.27485e-05
1.24891e-05
1.22126e-05
1.1919e-05
1.16084e-05
1.1281e-05
1.09365e-05
1.05745e-05
1.01944e-05
9.79473e-06
9.37423e-06
8.93208e-06
8.4669e-06
7.97674e-06
7.46225e-06
6.92701e-06
6.38883e-06
5.86115e-06
5.35691e-06
4.87597e-06
4.41238e-06
3.9624e-06
3.52442e-06
3.10381e-06
2.71038e-06
2.36084e-06
2.08922e-06
1.95036e-06
2.02262e-06
2.39258e-06
3.26156e-06
5.0638e-06
8.52922e-06
1.18976e-05
1.50858e-05
1.94004e-05
2.15507e-05
2.39918e-05
1.37541e-05
1.36632e-05
1.35578e-05
1.34373e-05
1.33015e-05
1.31498e-05
1.2982e-05
1.2798e-05
1.25976e-05
1.23806e-05
1.21471e-05
1.1897e-05
1.16305e-05
1.13475e-05
1.10484e-05
1.07332e-05
1.04017e-05
1.00534e-05
9.68789e-06
9.30364e-06
8.89948e-06
8.47456e-06
8.02744e-06
7.55589e-06
7.06057e-06
6.54468e-06
6.02786e-06
5.52546e-06
5.05008e-06
4.5996e-06
4.1657e-06
3.74295e-06
3.32828e-06
2.92588e-06
2.54494e-06
2.20196e-06
1.93069e-06
1.78345e-06
1.83492e-06
2.16004e-06
2.92499e-06
4.45286e-06
7.48699e-06
1.09359e-05
1.41399e-05
1.84899e-05
2.06792e-05
2.31035e-05
1.30915e-05
1.30035e-05
1.29016e-05
1.27852e-05
1.2654e-05
1.25075e-05
1.23457e-05
1.21682e-05
1.1975e-05
1.17659e-05
1.15409e-05
1.13e-05
1.10435e-05
1.07713e-05
1.04836e-05
1.01806e-05
9.86203e-06
9.52756e-06
9.1766e-06
8.80767e-06
8.41986e-06
8.0121e-06
7.58294e-06
7.12987e-06
6.65356e-06
6.15675e-06
5.6611e-06
5.18448e-06
4.73897e-06
4.32001e-06
3.91665e-06
3.52171e-06
3.13072e-06
2.74683e-06
2.37883e-06
2.04327e-06
1.77406e-06
1.62082e-06
1.65447e-06
1.94054e-06
2.62028e-06
3.91813e-06
6.50775e-06
9.94931e-06
1.31939e-05
1.75218e-05
1.97869e-05
2.21639e-05
1.24212e-05
1.23362e-05
1.22378e-05
1.21255e-05
1.1999e-05
1.18578e-05
1.17019e-05
1.1531e-05
1.13451e-05
1.11439e-05
1.09276e-05
1.06961e-05
1.04496e-05
1.01881e-05
9.91196e-06
9.62125e-06
9.31578e-06
8.99514e-06
8.65882e-06
8.30521e-06
7.93387e-06
7.54331e-06
7.13214e-06
6.69755e-06
6.24023e-06
5.76237e-06
5.28784e-06
4.83771e-06
4.42332e-06
4.03707e-06
3.66506e-06
3.29838e-06
2.93132e-06
2.56612e-06
2.21139e-06
1.88411e-06
1.61862e-06
1.46173e-06
1.48007e-06
1.73111e-06
2.33849e-06
3.45387e-06
5.60875e-06
8.93657e-06
1.22338e-05
1.64998e-05
1.88735e-05
2.11724e-05
1.17403e-05
1.16583e-05
1.15635e-05
1.14554e-05
1.13337e-05
1.11979e-05
1.10481e-05
1.08839e-05
1.07053e-05
1.05122e-05
1.03047e-05
1.00826e-05
9.8463e-06
9.59579e-06
9.33129e-06
9.05303e-06
8.76077e-06
8.45412e-06
8.13257e-06
7.79441e-06
7.4398e-06
7.0666e-06
6.6736e-06
6.25763e-06
5.81944e-06
5.36057e-06
4.90726e-06
4.4846e-06
4.10285e-06
3.7506e-06
3.41069e-06
3.07261e-06
2.72957e-06
2.38311e-06
2.04192e-06
1.72382e-06
1.46378e-06
1.30563e-06
1.31088e-06
1.52987e-06
2.07285e-06
3.04254e-06
4.79081e-06
7.90032e-06
1.12494e-05
1.5433e-05
1.79377e-05
2.01295e-05
1.10453e-05
1.09665e-05
1.08754e-05
1.07716e-05
1.06547e-05
1.05245e-05
1.03809e-05
1.02235e-05
1.00525e-05
9.86761e-06
9.66903e-06
9.45664e-06
9.23077e-06
8.99141e-06
8.73884e-06
8.47327e-06
8.1945e-06
7.90209e-06
7.59557e-06
7.27323e-06
6.93562e-06
6.5801e-06
6.2056e-06
5.80857e-06
5.38987e-06
4.95025e-06
4.5185e-06
4.12464e-06
3.77731e-06
3.4604e-06
3.15325e-06
2.8439e-06
2.52479e-06
2.19702e-06
1.86967e-06
1.56176e-06
1.3091e-06
1.15213e-06
1.14637e-06
1.33549e-06
1.81857e-06
2.66939e-06
4.05404e-06
6.85481e-06
1.02425e-05
1.43328e-05
1.69773e-05
1.90375e-05
1.03322e-05
1.02567e-05
1.01694e-05
1.007e-05
9.95823e-06
9.83374e-06
9.69645e-06
9.54616e-06
9.38291e-06
9.20652e-06
9.01717e-06
8.81474e-06
8.59959e-06
8.37172e-06
8.13141e-06
7.8789e-06
7.61398e-06
7.3362e-06
7.04508e-06
6.73912e-06
6.41897e-06
6.08163e-06
5.72615e-06
5.34861e-06
4.95003e-06
4.53019e-06
4.12066e-06
3.75734e-06
3.44648e-06
3.16623e-06
2.89227e-06
2.61157e-06
2.31615e-06
2.00694e-06
1.69381e-06
1.39741e-06
1.15435e-06
1.00118e-06
9.86419e-07
1.14727e-06
1.57261e-06
2.32329e-06
3.40268e-06
5.82348e-06
9.21798e-06
1.321e-05
1.59888e-05
1.79005e-05
9.59608e-06
9.5239e-06
9.44065e-06
9.34584e-06
9.23939e-06
9.12084e-06
8.9902e-06
8.84727e-06
8.69211e-06
8.52454e-06
8.34479e-06
8.15271e-06
7.94871e-06
7.73278e-06
7.50521e-06
7.26627e-06
7.01572e-06
6.7531e-06
6.47791e-06
6.18911e-06
5.88709e-06
5.56865e-06
5.23297e-06
4.87577e-06
4.49826e-06
4.09914e-06
3.71292e-06
3.38236e-06
3.11021e-06
2.86776e-06
2.62713e-06
2.37471e-06
2.10258e-06
1.81181e-06
1.51355e-06
1.23048e-06
9.99668e-07
8.53152e-07
8.31497e-07
9.65397e-07
1.33365e-06
1.99455e-06
2.83289e-06
4.82641e-06
8.18066e-06
1.20716e-05
1.49677e-05
1.67241e-05
8.83086e-06
8.76228e-06
8.68326e-06
8.59334e-06
8.49247e-06
8.38019e-06
8.25656e-06
8.12137e-06
7.97473e-06
7.81644e-06
7.64678e-06
7.46559e-06
7.27331e-06
7.06992e-06
6.85574e-06
6.63104e-06
6.39559e-06
6.14885e-06
5.89045e-06
5.61976e-06
5.33681e-06
5.03829e-06
4.72353e-06
4.3879e-06
4.03287e-06
3.65596e-06
3.29474e-06
2.99966e-06
2.76844e-06
2.56451e-06
2.35691e-06
2.13211e-06
1.88275e-06
1.61048e-06
1.32827e-06
1.06112e-06
8.45812e-07
7.09098e-07
6.82862e-07
7.91217e-07
1.10243e-06
1.67731e-06
2.32832e-06
3.8808e-06
7.13366e-06
1.09183e-05
1.39075e-05
1.55147e-05
8.02926e-06
7.96456e-06
7.89009e-06
7.80541e-06
7.71052e-06
7.60495e-06
7.48881e-06
7.36189e-06
7.22434e-06
7.07596e-06
6.91706e-06
6.74747e-06
6.56769e-06
6.37766e-06
6.17775e-06
5.96822e-06
5.74882e-06
5.51894e-06
5.27866e-06
5.02727e-06
4.76469e-06
4.48751e-06
4.19521e-06
3.88291e-06
3.55239e-06
3.19992e-06
2.86623e-06
2.60967e-06
2.4212e-06
2.25583e-06
2.08039e-06
1.88226e-06
1.65517e-06
1.40192e-06
1.13787e-06
8.90319e-07
6.94507e-07
5.71043e-07
5.42815e-07
6.27501e-07
8.82157e-07
1.3705e-06
1.87627e-06
3.00851e-06
6.08106e-06
9.74568e-06
1.27987e-05
1.42775e-05
7.18256e-06
7.12211e-06
7.05264e-06
6.9737e-06
6.88533e-06
6.78708e-06
6.6791e-06
6.56118e-06
6.43351e-06
6.29589e-06
6.14868e-06
5.99168e-06
5.82545e-06
5.64992e-06
5.46547e-06
5.27236e-06
5.07031e-06
4.85867e-06
4.63828e-06
4.40784e-06
4.16741e-06
3.91352e-06
3.64584e-06
3.35935e-06
3.05619e-06
2.7314e-06
2.42873e-06
2.21365e-06
2.06874e-06
1.94085e-06
1.79603e-06
1.62344e-06
1.41849e-06
1.18572e-06
9.43431e-07
7.20557e-07
5.48865e-07
4.42186e-07
4.14734e-07
4.7836e-07
6.78491e-07
1.07865e-06
1.46956e-06
2.23546e-06
5.03313e-06
8.54598e-06
1.16278e-05
1.30121e-05
6.28092e-06
6.22529e-06
6.16145e-06
6.08895e-06
6.00789e-06
5.91782e-06
5.81894e-06
5.71105e-06
5.59437e-06
5.46872e-06
5.33447e-06
5.19146e-06
5.04025e-06
4.88078e-06
4.71345e-06
4.5385e-06
4.35556e-06
4.16444e-06
3.96605e-06
3.75884e-06
3.54297e-06
3.31506e-06
3.07491e-06
2.81764e-06
2.54568e-06
2.25311e-06
1.98588e-06
1.81423e-06
1.71173e-06
1.61872e-06
1.5024e-06
1.35437e-06
1.1723e-06
9.63235e-07
7.48361e-07
5.56489e-07
4.13596e-07
3.26678e-07
3.02554e-07
3.48432e-07
4.98456e-07
8.11249e-07
1.10937e-06
1.58401e-06
4.01041e-06
7.3133e-06
1.03763e-05
1.17074e-05
5.31535e-06
5.26538e-06
5.20809e-06
5.14307e-06
5.07046e-06
4.98984e-06
4.90142e-06
4.80504e-06
4.70095e-06
4.58898e-06
4.46955e-06
4.34247e-06
4.20836e-06
4.06715e-06
3.91924e-06
3.76481e-06
3.60351e-06
3.43596e-06
3.26243e-06
3.08149e-06
2.89339e-06
2.69498e-06
2.48621e-06
2.26258e-06
2.02673e-06
1.77222e-06
1.54528e-06
1.41665e-06
1.35244e-06
1.28986e-06
1.19961e-06
1.07591e-06
9.19312e-07
7.39648e-07
5.59724e-07
4.05218e-07
2.94428e-07
2.28653e-07
2.09576e-07
2.41349e-07
3.4813e-07
5.79529e-07
8.0199e-07
1.06794e-06
3.04507e-06
6.05019e-06
9.0235e-06
1.03365e-05
4.28394e-06
4.24086e-06
4.19148e-06
4.13546e-06
4.07296e-06
4.0036e-06
3.92761e-06
3.84487e-06
3.75563e-06
3.65977e-06
3.5577e-06
3.44927e-06
3.3351e-06
3.21512e-06
3.08969e-06
2.95886e-06
2.82306e-06
2.68256e-06
2.53748e-06
2.38659e-06
2.23016e-06
2.06549e-06
1.89264e-06
1.7078e-06
1.51357e-06
1.3038e-06
1.12149e-06
1.0318e-06
9.9807e-07
9.5954e-07
8.93183e-07
7.95163e-07
6.68948e-07
5.26319e-07
3.88532e-07
2.7503e-07
1.96413e-07
1.50735e-07
1.3719e-07
1.5833e-07
2.30292e-07
3.91602e-07
5.51715e-07
6.8666e-07
2.17823e-06
4.7765e-06
7.55532e-06
8.85877e-06
3.20763e-06
3.17307e-06
3.13344e-06
3.08841e-06
3.03819e-06
2.98244e-06
2.92141e-06
2.855e-06
2.78348e-06
2.70673e-06
2.62517e-06
2.53868e-06
2.44783e-06
2.35255e-06
2.2531e-06
2.14984e-06
2.04341e-06
1.93365e-06
1.8207e-06
1.70362e-06
1.58267e-06
1.45575e-06
1.32301e-06
1.1816e-06
1.0338e-06
8.74671e-07
7.39492e-07
6.81157e-07
6.66997e-07
6.46374e-07
6.00772e-07
5.3083e-07
4.40271e-07
3.40227e-07
2.46823e-07
1.72328e-07
1.21914e-07
9.30256e-08
8.44501e-08
9.78605e-08
1.43637e-07
2.493e-07
3.59064e-07
4.24468e-07
1.45076e-06
3.53841e-06
5.98225e-06
7.23783e-06
2.17756e-06
2.15665e-06
2.13207e-06
2.10376e-06
2.0715e-06
2.03546e-06
1.99538e-06
1.95149e-06
1.90371e-06
1.85228e-06
1.79714e-06
1.7386e-06
1.67662e-06
1.61164e-06
1.54361e-06
1.47271e-06
1.39983e-06
1.32494e-06
1.24797e-06
1.16904e-06
1.08753e-06
1.00367e-06
9.16056e-07
8.24864e-07
7.28328e-07
6.28141e-07
5.21139e-07
4.31599e-07
3.95915e-07
3.90665e-07
3.8167e-07
3.54342e-07
3.11523e-07
2.56568e-07
1.96766e-07
1.41915e-07
9.87739e-08
6.98007e-08
5.32729e-08
4.84487e-08
5.64947e-08
8.38103e-08
1.48524e-07
2.19359e-07
2.50549e-07
8.93928e-07
2.41077e-06
4.36722e-06
5.48252e-06
1.26933e-06
1.25687e-06
1.24208e-06
1.22493e-06
1.20527e-06
1.18321e-06
1.1586e-06
1.1316e-06
1.10216e-06
1.07044e-06
1.03641e-06
1.00031e-06
9.62098e-07
9.22091e-07
8.80189e-07
8.36926e-07
7.92583e-07
7.47127e-07
7.00541e-07
6.52911e-07
6.03906e-07
5.53675e-07
5.01465e-07
4.47416e-07
3.90635e-07
3.32172e-07
2.7042e-07
2.18997e-07
1.98764e-07
1.96679e-07
1.93339e-07
1.79756e-07
1.58013e-07
1.30547e-07
1.00557e-07
7.29428e-08
5.11091e-08
3.63442e-08
2.78914e-08
2.55143e-08
3.00145e-08
4.51187e-08
8.17832e-08
1.24214e-07
1.39206e-07
5.06516e-07
1.47962e-06
2.8478e-06
3.70498e-06
6.25432e-07
6.1929e-07
6.11908e-07
6.03274e-07
5.93312e-07
5.82083e-07
5.69506e-07
5.55667e-07
5.40547e-07
5.24234e-07
5.06718e-07
4.88124e-07
4.68444e-07
4.4784e-07
4.26339e-07
4.04241e-07
3.81611e-07
3.58444e-07
3.34745e-07
3.10565e-07
2.85761e-07
2.60416e-07
2.34199e-07
2.07198e-07
1.79048e-07
1.50281e-07
1.2024e-07
9.51363e-08
8.49245e-08
8.3847e-08
8.27299e-08
7.72294e-08
6.82554e-08
5.7013e-08
4.4536e-08
3.27952e-08
2.33194e-08
1.67917e-08
1.30191e-08
1.20273e-08
1.4318e-08
2.18889e-08
4.07167e-08
6.38111e-08
7.11127e-08
2.60685e-07
8.01911e-07
1.6057e-06
2.14202e-06
2.54377e-07
2.51875e-07
2.48838e-07
2.4526e-07
2.41113e-07
2.3642e-07
2.31148e-07
2.25336e-07
2.18975e-07
2.12105e-07
2.04722e-07
1.96881e-07
1.88583e-07
1.79896e-07
1.70882e-07
1.61617e-07
1.52132e-07
1.42429e-07
1.32515e-07
1.22415e-07
1.12082e-07
1.01551e-07
9.07084e-08
7.95982e-08
6.8101e-08
5.64385e-08
4.43945e-08
3.42463e-08
2.98814e-08
2.92832e-08
2.89354e-08
2.71718e-08
2.42611e-08
2.05992e-08
1.64387e-08
1.23812e-08
8.99678e-09
6.59815e-09
5.1929e-09
4.86563e-09
5.88478e-09
9.19479e-09
1.76414e-08
2.86606e-08
3.21471e-08
1.18402e-07
3.73796e-07
7.58728e-07
1.02246e-06
8.07844e-08
7.99809e-08
7.89984e-08
7.7835e-08
7.64816e-08
7.49466e-08
7.32194e-08
7.13129e-08
6.92247e-08
6.69675e-08
6.45414e-08
6.19649e-08
5.9238e-08
5.63927e-08
5.34434e-08
5.04127e-08
4.73103e-08
4.41388e-08
4.09029e-08
3.76116e-08
3.42534e-08
3.08414e-08
2.73458e-08
2.37846e-08
2.01292e-08
1.64522e-08
1.27007e-08
9.50908e-09
8.04976e-09
7.78799e-09
7.69452e-09
7.28073e-09
6.5943e-09
5.72018e-09
4.69406e-09
3.64153e-09
2.72286e-09
2.04612e-09
1.64305e-09
1.56909e-09
1.93757e-09
3.11423e-09
6.2061e-09
1.0518e-08
1.20171e-08
4.46061e-08
1.41887e-07
2.85717e-07
3.84059e-07
1.75736e-08
1.73957e-08
1.71766e-08
1.69161e-08
1.66122e-08
1.6267e-08
1.58781e-08
1.54485e-08
1.49778e-08
1.44688e-08
1.39217e-08
1.33409e-08
1.2727e-08
1.20875e-08
1.1425e-08
1.07445e-08
1.00482e-08
9.33719e-09
8.61301e-09
7.87799e-09
7.13058e-09
6.3741e-09
5.60369e-09
4.82437e-09
4.03206e-09
3.24318e-09
2.44979e-09
1.76983e-09
1.44235e-09
1.37108e-09
1.35326e-09
1.2924e-09
1.19149e-09
1.06115e-09
9.00546e-10
7.24407e-10
5.6114e-10
4.34662e-10
3.58001e-10
3.50251e-10
4.44033e-10
7.39633e-10
1.54355e-09
2.74961e-09
3.24034e-09
1.21857e-08
3.85857e-08
7.59374e-08
1.00986e-07
1.95016e-09
1.93004e-09
1.90512e-09
1.87536e-09
1.84058e-09
1.80098e-09
1.75635e-09
1.70703e-09
1.65297e-09
1.5945e-09
1.53168e-09
1.465e-09
1.39464e-09
1.32138e-09
1.24553e-09
1.16769e-09
1.0881e-09
1.00694e-09
9.2446e-10
8.40956e-10
7.5637e-10
6.71127e-10
5.84873e-10
4.98288e-10
4.11146e-10
3.25349e-10
2.40373e-10
1.67379e-10
1.31081e-10
1.22274e-10
1.20537e-10
1.16201e-10
1.09069e-10
9.97956e-11
8.76655e-11
7.32224e-11
5.8856e-11
4.70723e-11
3.98318e-11
3.99956e-11
5.21702e-11
9.03517e-11
1.98098e-10
3.71891e-10
4.56106e-10
1.7426e-09
5.45143e-09
1.04107e-08
1.36389e-08
5.58948e-11
5.53142e-11
5.45934e-11
5.37314e-11
5.27233e-11
5.1575e-11
5.02804e-11
4.88494e-11
4.72808e-11
4.55842e-11
4.37617e-11
4.18275e-11
3.97872e-11
3.76635e-11
3.54652e-11
3.321e-11
3.09052e-11
2.8556e-11
2.61705e-11
2.3758e-11
2.13178e-11
1.88628e-11
1.63847e-11
1.39044e-11
1.14177e-11
8.97985e-12
6.57943e-12
4.51645e-12
3.48033e-12
3.22181e-12
3.17464e-12
3.07174e-12
2.90334e-12
2.68455e-12
2.3901e-12
2.02543e-12
1.65122e-12
1.33677e-12
1.14274e-12
1.1587e-12
1.5276e-12
2.6849e-12
5.99525e-12
1.14716e-11
1.43032e-11
5.4927e-11
1.70879e-10
3.22513e-10
4.19978e-10
)
;

boundaryField
{
    bottomWall
    {
        type            fixedValue;
        value           uniform 1e-15;
    }
    defaultFaces
    {
        type            empty;
    }
    inlet
    {
        type            cyclic;
    }
    outlet
    {
        type            cyclic;
    }
    topWall
    {
        type            fixedValue;
        value           uniform 1e-15;
    }
    procBoundary0to2
    {
        type            processor;
        value           nonuniform List<scalar> 
175
(
1.24658e-09
4.16974e-08
4.16974e-08
3.32639e-07
1.25284e-06
2.75303e-06
4.18651e-06
5.2521e-06
5.97155e-06
6.42148e-06
6.68242e-06
6.81968e-06
6.8802e-06
6.89581e-06
6.88604e-06
6.86161e-06
6.86161e-06
6.82465e-06
6.78179e-06
6.73619e-06
6.68935e-06
6.64258e-06
6.59729e-06
6.55502e-06
6.51753e-06
6.48676e-06
6.48676e-06
6.45499e-06
6.44682e-06
6.45188e-06
6.47176e-06
6.50782e-06
6.56107e-06
6.56107e-06
6.64601e-06
6.73983e-06
6.85203e-06
6.98249e-06
7.13095e-06
7.13095e-06
7.33115e-06
7.5188e-06
7.72348e-06
7.94496e-06
8.18305e-06
8.18305e-06
8.48955e-06
8.76487e-06
9.05695e-06
9.05695e-06
9.4267e-06
9.75727e-06
1.01056e-05
1.01056e-05
1.05405e-05
1.09297e-05
1.1338e-05
1.1338e-05
1.18395e-05
1.22905e-05
1.27613e-05
1.27613e-05
1.33259e-05
1.38378e-05
1.43683e-05
1.43683e-05
1.49818e-05
1.55449e-05
1.55449e-05
1.61706e-05
1.67544e-05
1.73453e-05
1.73453e-05
1.79601e-05
1.85472e-05
1.85472e-05
1.91222e-05
1.96877e-05
1.96877e-05
2.021e-05
2.07429e-05
2.07429e-05
2.12171e-05
2.17207e-05
2.22163e-05
2.22163e-05
2.26892e-05
2.32169e-05
2.32169e-05
2.38056e-05
2.44546e-05
2.44546e-05
2.52511e-05
2.60822e-05
2.60822e-05
2.71151e-05
2.81425e-05
2.92629e-05
2.92629e-05
3.06237e-05
3.19116e-05
3.19116e-05
3.33762e-05
3.46569e-05
3.46569e-05
3.60278e-05
3.71144e-05
3.80391e-05
3.80391e-05
3.89936e-05
3.95467e-05
3.98834e-05
3.98834e-05
4.02693e-05
4.02023e-05
3.99328e-05
3.99328e-05
3.97852e-05
3.9191e-05
3.84655e-05
3.84655e-05
3.79751e-05
3.71301e-05
3.62736e-05
3.62736e-05
3.57151e-05
3.48499e-05
3.39773e-05
3.31023e-05
3.31023e-05
3.24907e-05
3.16191e-05
3.07541e-05
2.98984e-05
2.98984e-05
2.92692e-05
2.84331e-05
2.76102e-05
2.68011e-05
2.60063e-05
2.52259e-05
2.52259e-05
2.46232e-05
2.38671e-05
2.31246e-05
2.2395e-05
2.16778e-05
2.0972e-05
2.0972e-05
2.03972e-05
1.97087e-05
1.9029e-05
1.83568e-05
1.76911e-05
1.70306e-05
1.63739e-05
1.57196e-05
1.50661e-05
1.50661e-05
1.44908e-05
1.38309e-05
1.31659e-05
1.24932e-05
1.18097e-05
1.11122e-05
1.03964e-05
9.65749e-06
8.88929e-06
8.08447e-06
7.2342e-06
6.3285e-06
5.35815e-06
4.32085e-06
3.23719e-06
3.23719e-06
)
;
    }
    procBoundary0to3
    {
        type            processor;
        value           nonuniform List<scalar> 8(2.19494e-06 1.27954e-06 6.30386e-07 2.56366e-07 8.14154e-08 1.77119e-08 1.96563e-09 5.63393e-11);
    }
    procBoundary0to5throughinlet
    {
        type            processorCyclic;
        value           nonuniform List<scalar> 
149
(
1.23194e-09
3.99935e-08
2.92196e-07
1.02781e-06
2.23826e-06
3.50655e-06
4.5288e-06
5.2899e-06
5.83276e-06
6.21434e-06
6.48405e-06
6.67789e-06
6.81968e-06
6.92405e-06
6.99855e-06
7.04803e-06
7.07569e-06
7.0838e-06
7.07419e-06
7.0486e-06
7.00886e-06
6.95709e-06
6.89573e-06
6.82754e-06
6.75556e-06
6.68301e-06
6.6132e-06
6.54939e-06
6.49463e-06
6.45167e-06
6.42288e-06
6.41014e-06
6.41485e-06
6.43794e-06
6.47988e-06
6.5408e-06
6.6205e-06
6.71856e-06
6.83439e-06
6.96731e-06
7.11661e-06
7.28155e-06
7.46143e-06
7.65557e-06
7.86336e-06
8.08424e-06
8.31773e-06
8.5634e-06
8.82087e-06
9.08983e-06
9.37005e-06
9.66133e-06
9.96354e-06
1.02766e-05
1.06006e-05
1.09355e-05
1.12814e-05
1.16387e-05
1.20077e-05
1.23887e-05
1.27822e-05
1.31889e-05
1.36095e-05
1.40447e-05
1.44952e-05
1.49621e-05
1.5446e-05
1.59477e-05
1.6468e-05
1.70073e-05
1.7566e-05
1.81441e-05
1.87414e-05
1.93574e-05
1.99912e-05
2.06415e-05
2.13066e-05
2.19846e-05
2.26729e-05
2.33688e-05
2.40694e-05
2.47713e-05
2.54711e-05
2.6165e-05
2.68494e-05
2.75205e-05
2.81745e-05
2.88079e-05
2.9417e-05
2.99984e-05
3.05492e-05
3.10662e-05
3.15471e-05
3.19894e-05
3.23914e-05
3.27515e-05
3.30684e-05
3.33414e-05
3.357e-05
3.37539e-05
3.38932e-05
3.39881e-05
3.4039e-05
3.40465e-05
3.40112e-05
3.39339e-05
3.38154e-05
3.36567e-05
3.34586e-05
3.32222e-05
3.29486e-05
3.26389e-05
3.22942e-05
3.19158e-05
3.15045e-05
3.10614e-05
3.05872e-05
3.00821e-05
2.95463e-05
2.89793e-05
2.838e-05
2.7747e-05
2.70782e-05
2.63711e-05
2.5623e-05
2.48308e-05
2.39918e-05
2.31035e-05
2.21639e-05
2.11724e-05
2.01295e-05
1.90375e-05
1.79005e-05
1.67241e-05
1.55147e-05
1.42775e-05
1.30121e-05
1.17074e-05
1.03365e-05
8.85877e-06
7.23783e-06
5.48252e-06
3.70498e-06
2.14202e-06
1.02246e-06
3.84059e-07
1.00986e-07
1.36389e-08
4.19978e-10
)
;
    }
}


// ************************************************************************* //
