0.00102579 	5.87398e-07 	1.76252e-09 	0 	2.3145e-09 	0 	5.21372e-07
0.00227828 	8.98183e-07 	2.69515e-09 	0 	3.63798e-09 	0 	7.97194e-07
0.0035979 	1.39485e-06 	4.19376e-09 	0 	6.1111e-09 	0 	1.23776e-06
0.00628381 	2.61255e-06 	8.36584e-09 	0 	2.74464e-08 	0 	2.31617e-06
0.0097908 	4.54011e-06 	1.35675e-08 	0 	9.39257e-08 	0 	4.02231e-06
0.0138067 	6.7936e-06 	1.25593e-08 	0 	2.22317e-07 	0 	6.02565e-06
0.0182759 	8.95141e-06 	-7.97465e-09 	0 	4.38634e-07 	0 	7.978e-06
0.0231526 	1.07676e-05 	-6.11989e-08 	0 	7.62712e-07 	0 	9.68445e-06
0.0284024 	1.21916e-05 	-1.48426e-07 	0 	1.18426e-06 	0 	1.1102e-05
0.0340013 	1.32682e-05 	-2.65982e-07 	0 	1.68838e-06 	0 	1.2263e-05
0.0399337 	1.40477e-05 	-4.09808e-07 	0 	2.25963e-06 	0 	1.3191e-05
0.0461911 	1.4603e-05 	-5.75069e-07 	0 	2.87928e-06 	0 	1.39199e-05
0.0527704 	1.50055e-05 	-7.58295e-07 	0 	3.53101e-06 	0 	1.44873e-05
0.0596722 	1.53143e-05 	-9.56889e-07 	0 	4.2005e-06 	0 	1.49266e-05
0.0669001 	1.55751e-05 	-1.16892e-06 	0 	4.87592e-06 	0 	1.52662e-05
0.0744602 	1.58215e-05 	-1.39232e-06 	0 	5.54907e-06 	0 	1.55336e-05
0.0823599 	1.60763e-05 	-1.62575e-06 	0 	6.21439e-06 	0 	1.57509e-05
0.0906081 	1.63544e-05 	-1.86831e-06 	0 	6.86855e-06 	0 	1.59316e-05
0.0992145 	1.6663e-05 	-2.11937e-06 	0 	7.51044e-06 	0 	1.60841e-05
0.108189 	1.70021e-05 	-2.37849e-06 	0 	8.14144e-06 	0 	1.62186e-05
0.117544 	1.73708e-05 	-2.64609e-06 	0 	8.76266e-06 	0 	1.63416e-05
0.127289 	1.77667e-05 	-2.9222e-06 	0 	9.37537e-06 	0 	1.64591e-05
0.137436 	1.81906e-05 	-3.20706e-06 	0 	9.97957e-06 	0 	1.65778e-05
0.147997 	1.86503e-05 	-3.50322e-06 	0 	1.05793e-05 	0 	1.67013e-05
0.158985 	1.91495e-05 	-3.81234e-06 	0 	1.11771e-05 	0 	1.68309e-05
0.17041 	1.96836e-05 	-4.1348e-06 	0 	1.17751e-05 	0 	1.69706e-05
0.182286 	2.02525e-05 	-4.47185e-06 	0 	1.23752e-05 	0 	1.71281e-05
0.194623 	2.08611e-05 	-4.82326e-06 	0 	1.29777e-05 	0 	1.73101e-05
0.207435 	2.15147e-05 	-5.18689e-06 	0 	1.35828e-05 	0 	1.75143e-05
0.220732 	2.22144e-05 	-5.56063e-06 	0 	1.41929e-05 	0 	1.77306e-05
0.234527 	2.29549e-05 	-5.94228e-06 	0 	1.48119e-05 	0 	1.79634e-05
0.248831 	2.37221e-05 	-6.33482e-06 	0 	1.54428e-05 	0 	1.82295e-05
0.263656 	2.45129e-05 	-6.74305e-06 	0 	1.60869e-05 	0 	1.85363e-05
0.279011 	2.53424e-05 	-7.17078e-06 	0 	1.67455e-05 	0 	1.88778e-05
0.294908 	2.62326e-05 	-7.62094e-06 	0 	1.74187e-05 	0 	1.92803e-05
0.311357 	2.71892e-05 	-8.09173e-06 	0 	1.8109e-05 	0 	1.97472e-05
0.328368 	2.82118e-05 	-8.58176e-06 	0 	1.88257e-05 	0 	2.02403e-05
0.34595 	2.92961e-05 	-9.09356e-06 	0 	1.95744e-05 	0 	2.07403e-05
0.364111 	3.04233e-05 	-9.63293e-06 	0 	2.03513e-05 	0 	2.12683e-05
0.38286 	3.15648e-05 	-1.02015e-05 	0 	2.11501e-05 	0 	2.18335e-05
0.402204 	3.27395e-05 	-1.08043e-05 	0 	2.19686e-05 	0 	2.24491e-05
0.422149 	3.3966e-05 	-1.14412e-05 	0 	2.28086e-05 	0 	2.31373e-05
0.442701 	3.52398e-05 	-1.21005e-05 	0 	2.36746e-05 	0 	2.39039e-05
0.463865 	3.65585e-05 	-1.27885e-05 	0 	2.4579e-05 	0 	2.47203e-05
0.485646 	3.79381e-05 	-1.35086e-05 	0 	2.5508e-05 	0 	2.55728e-05
0.508046 	3.94388e-05 	-1.42569e-05 	0 	2.64476e-05 	0 	2.65105e-05
0.531067 	4.10458e-05 	-1.50332e-05 	0 	2.74114e-05 	0 	2.75522e-05
0.554711 	4.26644e-05 	-1.58301e-05 	0 	2.84111e-05 	0 	2.86832e-05
0.578978 	4.43214e-05 	-1.66842e-05 	0 	2.94701e-05 	0 	2.98654e-05
0.603865 	4.60612e-05 	-1.75937e-05 	0 	3.05896e-05 	0 	3.10979e-05
0.629372 	4.7856e-05 	-1.85485e-05 	0 	3.17461e-05 	0 	3.23878e-05
0.655494 	4.97462e-05 	-1.95669e-05 	0 	3.29087e-05 	0 	3.3775e-05
0.682226 	5.16706e-05 	-2.05929e-05 	0 	3.4032e-05 	0 	3.51655e-05
0.709562 	5.35273e-05 	-2.15957e-05 	0 	3.51189e-05 	0 	3.64146e-05
0.737495 	5.52933e-05 	-2.2563e-05 	0 	3.61463e-05 	0 	3.75701e-05
0.766016 	5.70007e-05 	-2.34649e-05 	0 	3.70606e-05 	0 	3.86733e-05
0.795114 	5.85622e-05 	-2.42557e-05 	0 	3.78364e-05 	0 	3.96326e-05
0.824778 	6.02307e-05 	-2.49753e-05 	0 	3.84876e-05 	0 	4.03713e-05
0.854995 	6.18931e-05 	-2.56307e-05 	0 	3.89544e-05 	0 	4.10803e-05
0.88575 	6.32417e-05 	-2.61575e-05 	0 	3.91815e-05 	0 	4.17033e-05
0.917028 	6.42828e-05 	-2.65388e-05 	0 	3.92221e-05 	0 	4.18972e-05
0.948812 	6.50797e-05 	-2.66927e-05 	0 	3.89968e-05 	0 	4.16884e-05
0.981083 	6.54284e-05 	-2.65727e-05 	0 	3.83833e-05 	0 	4.12943e-05
1.01382 	6.51329e-05 	-2.60773e-05 	0 	3.74901e-05 	0 	4.06624e-05
1.047 	6.41424e-05 	-2.52163e-05 	0 	3.63369e-05 	0 	3.99376e-05
1.08061 	6.23324e-05 	-2.41184e-05 	0 	3.49485e-05 	0 	3.89166e-05
1.11462 	5.99005e-05 	-2.27584e-05 	0 	3.32895e-05 	0 	3.75952e-05
1.149 	5.69706e-05 	-2.11615e-05 	0 	3.14777e-05 	0 	3.59041e-05
1.18372 	5.36419e-05 	-1.9377e-05 	0 	2.95835e-05 	0 	3.40202e-05
1.21877 	4.99443e-05 	-1.75442e-05 	0 	2.7696e-05 	0 	3.19985e-05
1.25411 	4.59921e-05 	-1.57614e-05 	0 	2.58867e-05 	0 	2.99342e-05
1.28971 	4.21949e-05 	-1.40276e-05 	0 	2.42024e-05 	0 	2.78915e-05
1.32555 	3.86136e-05 	-1.24533e-05 	0 	2.27112e-05 	0 	2.59124e-05
1.36158 	3.53312e-05 	-1.10618e-05 	0 	2.14385e-05 	0 	2.41104e-05
1.39779 	3.24472e-05 	-9.89125e-06 	0 	2.03832e-05 	0 	2.24593e-05
1.43413 	3.01121e-05 	-8.98512e-06 	0 	1.9499e-05 	0 	2.09557e-05
1.47057 	2.82362e-05 	-8.28211e-06 	0 	1.87803e-05 	0 	1.96644e-05
1.50709 	2.67158e-05 	-7.75635e-06 	0 	1.81961e-05 	0 	1.85072e-05
1.54363 	2.54738e-05 	-7.38917e-06 	0 	1.77041e-05 	0 	1.74787e-05
1.58018 	2.44693e-05 	-7.13164e-06 	0 	1.72893e-05 	0 	1.66408e-05
1.61669 	2.36328e-05 	-6.96358e-06 	0 	1.69211e-05 	0 	1.59551e-05
1.65314 	2.29646e-05 	-6.83779e-06 	0 	1.65617e-05 	0 	1.53295e-05
1.68948 	2.24288e-05 	-6.71648e-06 	0 	1.62076e-05 	0 	1.47724e-05
1.72569 	2.19861e-05 	-6.60652e-06 	0 	1.58665e-05 	0 	1.42592e-05
1.76172 	2.15929e-05 	-6.50981e-06 	0 	1.55263e-05 	0 	1.38346e-05
1.79755 	2.12272e-05 	-6.41216e-06 	0 	1.51634e-05 	0 	1.34401e-05
1.83314 	2.08885e-05 	-6.30329e-06 	0 	1.47789e-05 	0 	1.31082e-05
1.86846 	2.05171e-05 	-6.17755e-06 	0 	1.43942e-05 	0 	1.28068e-05
1.90347 	2.01121e-05 	-6.02513e-06 	0 	1.40183e-05 	0 	1.25112e-05
1.93816 	1.96924e-05 	-5.86397e-06 	0 	1.36388e-05 	0 	1.22169e-05
1.97249 	1.92685e-05 	-5.69044e-06 	0 	1.32571e-05 	0 	1.19243e-05
2.00642 	1.88229e-05 	-5.50233e-06 	0 	1.28729e-05 	0 	1.16276e-05
2.03994 	1.83498e-05 	-5.30547e-06 	0 	1.24829e-05 	0 	1.1342e-05
2.07301 	1.78716e-05 	-5.09403e-06 	0 	1.20908e-05 	0 	1.1043e-05
2.10562 	1.73785e-05 	-4.87798e-06 	0 	1.17059e-05 	0 	1.07558e-05
2.13774 	1.68857e-05 	-4.66102e-06 	0 	1.13251e-05 	0 	1.0499e-05
2.16934 	1.63923e-05 	-4.43611e-06 	0 	1.09444e-05 	0 	1.02592e-05
2.20042 	1.58813e-05 	-4.20428e-06 	0 	1.05701e-05 	0 	1.00233e-05
2.23094 	1.53419e-05 	-3.96607e-06 	0 	1.02059e-05 	0 	9.76022e-06
2.2609 	1.47997e-05 	-3.724e-06 	0 	9.85064e-06 	0 	9.49425e-06
2.29028 	1.42776e-05 	-3.48343e-06 	0 	9.50007e-06 	0 	9.24027e-06
2.31906 	1.37677e-05 	-3.24307e-06 	0 	9.1592e-06 	0 	9.00047e-06
2.34723 	1.32678e-05 	-3.00154e-06 	0 	8.82845e-06 	0 	8.78501e-06
2.37479 	1.27737e-05 	-2.7596e-06 	0 	8.50818e-06 	0 	8.58792e-06
2.40172 	1.22923e-05 	-2.51924e-06 	0 	8.1982e-06 	0 	8.40822e-06
2.42802 	1.18458e-05 	-2.28126e-06 	0 	7.89983e-06 	0 	8.2445e-06
2.45368 	1.14291e-05 	-2.04427e-06 	0 	7.61357e-06 	0 	8.10014e-06
2.47869 	1.10451e-05 	-1.81235e-06 	0 	7.33422e-06 	0 	7.97505e-06
2.50307 	1.06949e-05 	-1.59022e-06 	0 	7.06026e-06 	0 	7.86662e-06
2.5268 	1.03821e-05 	-1.3779e-06 	0 	6.79166e-06 	0 	7.77467e-06
2.54988 	1.00961e-05 	-1.17286e-06 	0 	6.53222e-06 	0 	7.69199e-06
2.57232 	9.82764e-06 	-9.7417e-07 	0 	6.28425e-06 	0 	7.61704e-06
2.59412 	9.58335e-06 	-7.8218e-07 	0 	6.04756e-06 	0 	7.55127e-06
2.61529 	9.36857e-06 	-5.9717e-07 	0 	5.82265e-06 	0 	7.49699e-06
2.63582 	9.18161e-06 	-4.21591e-07 	0 	5.60938e-06 	0 	7.45609e-06
2.65573 	9.01742e-06 	-2.56792e-07 	0 	5.40604e-06 	0 	7.42878e-06
2.67502 	8.87718e-06 	-1.02067e-07 	0 	5.21027e-06 	0 	7.41325e-06
2.6937 	8.76242e-06 	4.36386e-08 	0 	5.02065e-06 	0 	7.40516e-06
2.71178 	8.67424e-06 	1.79158e-07 	0 	4.83642e-06 	0 	7.40567e-06
2.72926 	8.61035e-06 	3.03504e-07 	0 	4.65663e-06 	0 	7.41667e-06
2.74617 	8.56725e-06 	4.17284e-07 	0 	4.48033e-06 	0 	7.43875e-06
2.7625 	8.54517e-06 	5.22318e-07 	0 	4.30599e-06 	0 	7.47312e-06
2.77827 	8.55086e-06 	6.20071e-07 	0 	4.13225e-06 	0 	7.51808e-06
2.79349 	8.59342e-06 	7.11277e-07 	0 	3.95832e-06 	0 	7.57107e-06
2.80818 	8.67874e-06 	7.97172e-07 	0 	3.78362e-06 	0 	7.62959e-06
2.82234 	8.81007e-06 	8.793e-07 	0 	3.60769e-06 	0 	7.69258e-06
2.83599 	8.98811e-06 	9.58887e-07 	0 	3.4305e-06 	0 	7.76123e-06
2.84914 	9.21558e-06 	1.03687e-06 	0 	3.25269e-06 	0 	7.8333e-06
2.8618 	9.50017e-06 	1.11391e-06 	0 	3.07488e-06 	0 	7.90302e-06
2.87399 	9.85444e-06 	1.19022e-06 	0 	2.89717e-06 	0 	7.96518e-06
2.88571 	1.02949e-05 	1.26623e-06 	0 	2.71904e-06 	0 	8.01584e-06
2.89699 	1.08397e-05 	1.34249e-06 	0 	2.53963e-06 	0 	8.05027e-06
2.90784 	1.1506e-05 	1.4185e-06 	0 	2.35809e-06 	0 	8.06265e-06
2.91826 	1.2309e-05 	1.4929e-06 	0 	2.17362e-06 	0 	8.04648e-06
2.92827 	1.32641e-05 	1.56397e-06 	0 	1.98567e-06 	0 	7.99409e-06
2.93788 	1.43784e-05 	1.62907e-06 	0 	1.79445e-06 	0 	7.89783e-06
2.94711 	1.56498e-05 	1.68449e-06 	0 	1.60063e-06 	0 	7.74979e-06
2.95595 	1.7064e-05 	1.72471e-06 	0 	1.40493e-06 	0 	7.53982e-06
2.96444 	1.85738e-05 	1.74222e-06 	0 	1.20894e-06 	0 	7.25859e-06
2.97256 	2.00796e-05 	1.72765e-06 	0 	1.01542e-06 	0 	6.89926e-06
2.98034 	2.14032e-05 	1.6678e-06 	0 	8.27856e-07 	0 	6.45104e-06
2.98777 	2.22721e-05 	1.54956e-06 	0 	6.50391e-07 	0 	5.90565e-06
2.99486 	2.23443e-05 	1.36728e-06 	0 	4.87633e-07 	0 	5.2673e-06
3.00161 	2.12493e-05 	1.12472e-06 	0 	3.44144e-07 	0 	4.54675e-06
3.00801 	1.87205e-05 	8.40246e-07 	0 	2.2395e-07 	0 	3.75952e-06
3.01404 	1.48388e-05 	5.50801e-07 	0 	1.30262e-07 	0 	2.92893e-06
3.0197 	1.01944e-05 	3.01827e-07 	0 	6.44476e-08 	0 	2.08875e-06
3.02494 	5.69715e-06 	1.26438e-07 	0 	2.45223e-08 	0 	1.28517e-06
3.0292 	2.67051e-06 	4.05168e-08 	0 	6.92753e-09 	0 	6.89097e-07
3.03147 	1.45207e-06 	1.5415e-08 	0 	2.22816e-09 	0 	4.15683e-07
3.034 	8.63967e-07 	7.00445e-09 	0 	8.21661e-10 	0 	2.60758e-07
