/*--------------------------------*- C++ -*----------------------------------*\
| =========                 |                                                 |
| \\      /  F ield         | OpenFOAM: The Open Source CFD Toolbox           |
|  \\    /   O peration     | Version:  2.4.0                                 |
|   \\  /    A nd           | Web:      www.OpenFOAM.org                      |
|    \\/     M anipulation  |                                                 |
\*---------------------------------------------------------------------------*/
FoamFile
{
    version     2.0;
    format      ascii;
    class       volVectorField;
    location    "0";
    object      wallShearStress;
}
// * * * * * * * * * * * * * * * * * * * * * * * * * * * * * * * * * * * * * //

dimensions      [0 2 -2 0 0 0 0];

internalField   uniform (0 0 0);

boundaryField
{
    inlet
    {
        type            cyclic;
    }
    outlet
    {
        type            cyclic;
    }
    top
    {
        type            calculated;
        value           nonuniform List<vector> 
120
(
(-0.00026465737 0 0)
(-0.00026452922 -1.7427141e-22 0)
(-0.00026372854 0 0)
(-0.00026168941 1.72403e-22 0)
(-0.00025816378 0 0)
(-0.00025347081 0 0)
(-0.00024818313 0 0)
(-0.00024269518 -1.5989843e-22 0)
(-0.00023722916 0 0)
(-0.00023191938 0 0)
(-0.00022685522 0 0)
(-0.00022206941 -1.463081e-22 0)
(-0.00021754397 1.4332605e-22 0)
(-0.00021324971 0 0)
(-0.00020915955 0 0)
(-0.00020524853 0 0)
(-0.0002014999 0 0)
(-0.00019791908 1.3039488e-22 0)
(-0.00019452928 0 0)
(-0.0001913577 0 0)
(-0.00018843612 0 0)
(-0.00018580378 1.2241048e-22 0)
(-0.00018349639 0 0)
(-0.00018153643 0 0)
(-0.00017994216 0 0)
(-0.00017873342 -1.1774973e-22 0)
(-0.00017792968 1.1721988e-22 0)
(-0.00017754598 0 0)
(-0.00017746046 0 0)
(-0.00017746046 0 0)
(-0.00017746046 0 0)
(-0.00017746046 0 0)
(-0.00017746046 0 0)
(-0.00017746046 0 0)
(-0.00017746046 0 0)
(-0.00017746046 0 0)
(-0.00017746046 0 0)
(-0.00017746046 0 0)
(-0.00017746046 0 0)
(-0.00017746046 0 0)
(-0.00017746046 0 0)
(-0.00017746046 0 0)
(-0.00017746046 0 0)
(-0.00017746046 0 0)
(-0.00017746046 0 0)
(-0.00017746046 0 0)
(-0.00017746046 0 0)
(-0.00017746046 0 0)
(-0.00017746046 0 0)
(-0.00017746046 0 0)
(-0.00017746046 0 0)
(-0.00017746046 0 0)
(-0.00017746046 0 0)
(-0.00017746046 0 0)
(-0.00017746046 0 0)
(-0.00017746046 0 0)
(-0.00017746046 0 0)
(-0.00017746046 0 0)
(-0.00017746046 0 0)
(-0.00017746046 0 0)
(-0.00017746046 0 0)
(-0.00017746046 0 0)
(-0.00017746046 0 0)
(-0.00017746046 0 0)
(-0.00017746046 0 0)
(-0.00017746046 0 0)
(-0.00017746046 0 0)
(-0.00017746046 0 0)
(-0.00017746046 0 0)
(-0.00017746046 0 0)
(-0.00017746046 0 0)
(-0.00017746046 0 0)
(-0.00017746046 0 0)
(-0.00017746046 0 0)
(-0.00017746046 0 0)
(-0.00017746046 0 0)
(-0.00017746046 0 0)
(-0.00017746046 0 0)
(-0.00017746046 0 0)
(-0.00017746046 0 0)
(-0.00017746046 0 0)
(-0.00017746046 0 0)
(-0.00017746046 0 0)
(-0.00017746046 0 0)
(-0.00017746046 0 0)
(-0.00017746046 0 0)
(-0.00017746046 0 0)
(-0.00017746046 0 0)
(-0.00017746046 0 0)
(-0.00017746046 0 0)
(-0.00017746046 0 0)
(-0.00017746046 0 0)
(-0.00017754598 0 0)
(-0.00017792968 -1.1721988e-22 0)
(-0.00017873342 1.1774973e-22 0)
(-0.00017994216 0 0)
(-0.00018153643 0 0)
(-0.00018349639 0 0)
(-0.00018580378 -1.2241048e-22 0)
(-0.00018843612 0 0)
(-0.00019135769 0 0)
(-0.00019452928 0 0)
(-0.00019791908 -1.3039488e-22 0)
(-0.0002014999 0 0)
(-0.00020524853 0 0)
(-0.00020915956 0 0)
(-0.00021324971 0 0)
(-0.00021754397 -1.4332605e-22 0)
(-0.00022206941 1.463081e-22 0)
(-0.00022685522 0 0)
(-0.00023191938 0 0)
(-0.00023722916 0 0)
(-0.00024269518 1.5989843e-22 0)
(-0.00024818313 0 0)
(-0.00025347081 0 0)
(-0.00025816378 0 0)
(-0.00026168941 -1.72403e-22 0)
(-0.00026372854 0 0)
(-0.00026452922 1.7427141e-22 0)
(-0.00026465737 0 0)
)
;
    }
    hills
    {
        type            calculated;
        value           nonuniform List<vector> 
120
(
(-0.00026466251 3.9800137e-07 2.1065129e-26)
(-0.00026474758 -2.5709674e-06 -9.7930148e-25)
(-0.00026741977 -1.1023196e-05 -1.8559152e-23)
(-0.00027929594 -2.3811732e-05 8.8901126e-23)
(-0.00030461636 -3.7129885e-05 -3.0937812e-23)
(-0.00032967163 -4.5349453e-05 3.2269065e-22)
(-0.00034570991 -4.9308308e-05 9.0211345e-23)
(-0.00035248069 -5.0768276e-05 -8.2695799e-23)
(-0.00035150893 -5.0726247e-05 -1.3185579e-22)
(-0.0003439266 -4.9639451e-05 -2.6691938e-22)
(-0.0003313644 -4.7809032e-05 -3.5013841e-22)
(-0.00031871023 -4.5935237e-05 2.6807268e-22)
(-0.00030761597 -4.4274111e-05 -3.5745303e-22)
(-0.00029791886 -4.2815289e-05 -4.2401569e-22)
(-0.00028947388 -4.1548078e-05 -5.6845567e-22)
(-0.00028215378 -4.0461201e-05 3.238375e-22)
(-0.00027521559 -3.9428745e-05 2.3148687e-22)
(-0.00026695266 -3.8134923e-05 7.6182424e-23)
(-0.0002572463 -3.6514685e-05 -5.3092277e-22)
(-0.00024627745 -3.4519482e-05 3.7833054e-22)
(-0.00023424657 -3.2052742e-05 4.5039276e-23)
(-0.00022152727 -2.8983404e-05 9.9176163e-24)
(-0.0002094732 -2.544245e-05 -1.9721768e-23)
(-0.00019892691 -2.1541797e-05 3.542507e-23)
(-0.0001901405 -1.7246181e-05 -4.9764892e-23)
(-0.000183412 -1.2547146e-05 3.5692588e-23)
(-0.00017906356 -7.4787587e-06 -2.5855637e-24)
(-0.00017739257 -2.1591742e-06 -5.1687665e-25)
(-0.00017746184 5.3553536e-12 2.4464027e-33)
(-0.00017746184 0 0)
(-0.00017746184 0 0)
(-0.00017746184 0 0)
(-0.00017746184 0 0)
(-0.00017746184 0 0)
(-0.00017746184 0 0)
(-0.00017746184 0 0)
(-0.00017746184 0 0)
(-0.00017746184 0 0)
(-0.00017746184 0 0)
(-0.00017746184 0 0)
(-0.00017746184 0 0)
(-0.00017746184 0 0)
(-0.00017746184 0 0)
(-0.00017746184 0 0)
(-0.00017746184 0 0)
(-0.00017746184 0 0)
(-0.00017746184 0 0)
(-0.00017746184 0 0)
(-0.00017746184 0 0)
(-0.00017746184 0 0)
(-0.00017746184 0 0)
(-0.00017746184 0 0)
(-0.00017746184 0 0)
(-0.00017746184 0 0)
(-0.00017746184 0 0)
(-0.00017746184 0 0)
(-0.00017746184 0 0)
(-0.00017746184 0 0)
(-0.00017746184 0 0)
(-0.00017746184 0 0)
(-0.00017746184 0 0)
(-0.00017746184 0 0)
(-0.00017746184 0 0)
(-0.00017746184 0 0)
(-0.00017746184 0 0)
(-0.00017746184 0 0)
(-0.00017746184 0 0)
(-0.00017746184 0 0)
(-0.00017746184 0 0)
(-0.00017746184 0 0)
(-0.00017746184 0 0)
(-0.00017746184 0 0)
(-0.00017746184 0 0)
(-0.00017746184 0 0)
(-0.00017746184 0 0)
(-0.00017746184 0 0)
(-0.00017746184 0 0)
(-0.00017746184 0 0)
(-0.00017746184 0 0)
(-0.00017746184 0 0)
(-0.00017746184 0 0)
(-0.00017746184 0 0)
(-0.00017746184 0 0)
(-0.00017746184 0 0)
(-0.00017746184 0 0)
(-0.00017746184 0 0)
(-0.00017746184 0 0)
(-0.00017746184 0 0)
(-0.00017746184 0 0)
(-0.00017746184 0 0)
(-0.00017746184 0 0)
(-0.00017746184 -5.3562474e-12 2.5383794e-33)
(-0.00017739257 2.1591688e-06 -6.1283169e-25)
(-0.00017906357 7.47876e-06 1.7699872e-24)
(-0.000183412 1.2547165e-05 1.2399432e-22)
(-0.00019014051 1.7246205e-05 2.6753954e-23)
(-0.00019892693 2.1541792e-05 -1.0490548e-22)
(-0.00020947334 2.5442456e-05 1.1664987e-22)
(-0.00022152741 2.8983406e-05 -1.9983164e-22)
(-0.00023424683 3.205279e-05 -3.5086728e-23)
(-0.00024627739 3.4519475e-05 -3.7169911e-22)
(-0.00025724561 3.6514573e-05 3.9795105e-22)
(-0.00026695253 3.8134922e-05 -6.9972573e-23)
(-0.00027521515 3.9428673e-05 1.7596333e-22)
(-0.00028215314 4.0461096e-05 -2.3096046e-22)
(-0.00028947452 4.1548187e-05 -5.9343245e-23)
(-0.00029791853 4.281523e-05 5.9322062e-23)
(-0.00030761643 4.4274187e-05 -2.4115084e-22)
(-0.00031870987 4.5935181e-05 3.2533504e-22)
(-0.00033136465 4.7809072e-05 -6.2080196e-23)
(-0.00034392634 4.9639412e-05 -8.0304134e-22)
(-0.00035150968 5.0726358e-05 -5.1008644e-22)
(-0.00035247984 5.0768149e-05 6.2702658e-23)
(-0.00034570925 4.9308196e-05 -1.6061174e-22)
(-0.00032967266 4.5349655e-05 -1.2736674e-22)
(-0.00030461661 3.7129888e-05 -6.5650107e-23)
(-0.00027929598 2.3811725e-05 3.0470057e-23)
(-0.00026741977 1.1023195e-05 -1.3981705e-23)
(-0.00026474759 2.5709675e-06 1.3048509e-24)
(-0.00026466251 -3.9800137e-07 -3.0403452e-26)
)
;
    }
    front
    {
        type            empty;
    }
    back
    {
        type            empty;
    }
}


// ************************************************************************* //
