-1.5969174e-09 	0 	0 	0 	0 	0 	0
0.0010637143 	0.0019439684 	0.00030284922 	1.2624332e-23 	0.0019389844 	-8.0591032e-23 	0.0019414508
0.0022067917 	0.0030548425 	0.00073126824 	-2.0003064e-24 	0.0030416163 	7.4389784e-22 	0.0030481815
0.0034351516 	0.0040921894 	0.0011571657 	-3.5106075e-23 	0.0040696846 	7.7311222e-22 	0.0040809317
0.0047551568 	0.0049528252 	0.0014238443 	4.5107744e-23 	0.0049243504 	-7.8065808e-22 	0.004938603
0.0061736447 	0.0056635976 	0.0015510263 	-2.0581715e-22 	0.0056337483 	3.3853189e-23 	0.0056486831
0.0076979629 	0.0062689361 	0.0015953173 	-4.1176227e-22 	0.0062422386 	2.3808541e-21 	0.0062555965
0.0093360072 	0.0068013444 	0.0015913045 	4.3414754e-22 	0.0067823098 	5.0380058e-23 	0.0067918386
0.011096262 	0.0072821346 	0.0015567626 	2.4703395e-22 	0.0072754331 	-1.5097689e-21 	0.0072787968
0.012987846 	0.0077253509 	0.0015009996 	-5.7232299e-22 	0.0077359302 	3.1296227e-23 	0.007730654
0.015020557 	0.0081404939 	0.0014291248 	5.9115871e-22 	0.0081736681 	-1.1977117e-21 	0.008157095
0.017204925 	0.0085341717 	0.0013440533 	-5.5425786e-22 	0.0085956908 	-5.3652939e-23 	0.0085649462
0.019552263 	0.0089111577 	0.0012474944 	1.1502521e-21 	0.0090072643 	3.9724097e-21 	0.0089592272
0.022074731 	0.0092750284 	0.0011404466 	1.6310572e-21 	0.0094125074 	1.0019896e-22 	0.0093437856
0.024785394 	0.009628533 	0.0010234661 	-2.0881311e-22 	0.0098147568 	-4.429868e-21 	0.0097216644
0.027698295 	0.009973835 	0.0008968222 	-7.785939e-22 	0.010216807 	1.2766037e-21 	0.010095343
0.03082852 	0.010312662 	0.00076058511 	-8.0737972e-22 	0.01062106 	4.1386621e-22 	0.010466886
0.034192285 	0.010646434 	0.00061468432 	-2.1689308e-22 	0.011029659 	-1.6640096e-21 	0.010838074
0.037807013 	0.010976358 	0.00045894325 	1.0111767e-22 	0.01144457 	1.534739e-21 	0.011210494
0.041691429 	0.011303465 	0.00029310828 	-1.3502626e-21 	0.011867631 	1.54182e-22 	0.011585583
0.045865651 	0.011628662 	0.00011685771 	1.5839282e-21 	0.01230059 	-5.1605078e-23 	0.011964666
0.050351304 	0.011952765 	-7.0198239e-05 	1.5373783e-21 	0.012745141 	-3.141178e-21 	0.012348997
0.055171622 	0.012276545 	-0.00026850983 	-2.2340526e-21 	0.01320296 	2.7834299e-21 	0.012739803
0.060351572 	0.012600759 	-0.00047859677 	2.968334e-21 	0.013675733 	3.575495e-21 	0.013138303
0.065917988 	0.012926149 	-0.00070104889 	-9.4104568e-22 	0.014165152 	-5.009295e-21 	0.013545715
0.071899702 	0.013253469 	-0.0009365267 	-5.1279212e-21 	0.014672929 	1.4140551e-21 	0.013963271
0.078327699 	0.013583497 	-0.001185778 	1.1127851e-22 	0.015200811 	2.0200927e-21 	0.014392236
0.085235274 	0.013917065 	-0.001449646 	3.4807895e-21 	0.015750588 	-1.8268007e-21 	0.014833919
0.092658209 	0.01425507 	-0.0017290655 	1.223067e-21 	0.016324107 	-1.820785e-22 	0.015289693
0.10063495 	0.01459849 	-0.0020250866 	-9.8184186e-22 	0.016923281 	2.0202024e-22 	0.015761003
0.10920682 	0.014948398 	-0.0023389212 	-1.4740964e-21 	0.017550106 	2.2239441e-22 	0.016249385
0.11841822 	0.015305998 	-0.0026719522 	-2.2157174e-22 	0.018206657 	-1.5276052e-23 	0.016756477
0.12831687 	0.015672646 	-0.0030257368 	7.1876352e-22 	0.018895089 	1.8669345e-23 	0.017284034
0.13895403 	0.01604988 	-0.0034020383 	-1.1070148e-22 	0.019617634 	5.1300789e-24 	0.017833941
0.1503848 	0.016439457 	-0.0038028526 	1.964088e-21 	0.020376598 	-2.0323233e-21 	0.01840823
0.1626684 	0.016843391 	-0.0042304281 	1.8824066e-21 	0.021174339 	-2.6572926e-21 	0.019009084
0.17586845 	0.017264012 	-0.00468729 	1.0085057e-21 	0.022013235 	4.918918e-21 	0.019638856
0.19005333 	0.017704026 	-0.0051762592 	-7.1772273e-22 	0.022895628 	3.2761596e-21 	0.020300068
0.20529651 	0.018166607 	-0.0057004622 	-1.5965822e-21 	0.023823739 	-6.8657367e-21 	0.02099541
0.22167695 	0.018655499 	-0.0062633297 	-1.4153636e-22 	0.024799522 	1.4448008e-21 	0.021727727
0.23927951 	0.019175159 	-0.0068685809 	-3.5064331e-21 	0.02582442 	6.0811586e-21 	0.022499982
0.25819535 	0.019730927 	-0.0075201719 	-2.4916705e-21 	0.02689902 	-2.5560025e-21 	0.023315184
0.27852246 	0.020329273 	-0.0082221088 	4.0659661e-21 	0.028023182 	-7.9282628e-22 	0.024176267
0.30036613 	0.020978932 	-0.0089754888 	-1.4573422e-21 	0.029193712 	3.2205469e-21 	0.025085878
0.32383951 	0.02169261 	-0.0097776733 	-2.4974709e-21 	0.030400906 	-5.4892189e-21 	0.026046083
0.34906419 	0.022482355 	-0.010629129 	2.8456422e-21 	0.031634596 	-8.0518487e-21 	0.027058009
0.37617083 	0.023357632 	-0.011534618 	1.2805311e-21 	0.032886401 	9.9422351e-21 	0.028121209
0.40529983 	0.024328436 	-0.012494041 	-8.1058278e-21 	0.034140125 	1.3791791e-20 	0.029232573
0.43660209 	0.025403681 	-0.013498893 	3.7113792e-22 	0.035370984 	-6.2220343e-22 	0.030384747
0.47023974 	0.026588053 	-0.014533257 	-3.3738001e-21 	0.036547382 	-3.8899095e-21 	0.031564038
0.50638702 	0.027877912 	-0.015571595 	-4.3863538e-21 	0.037627867 	-6.1572445e-21 	0.032747764
0.54523117 	0.029255836 	-0.016576272 	1.2492404e-20 	0.038560774 	-3.8849633e-21 	0.033901341
0.5869734 	0.030684516 	-0.01749618 	1.3826096e-20 	0.039285573 	1.5642742e-21 	0.034975911
0.63182992 	0.032101948 	-0.018268906 	1.5225553e-20 	0.039737981 	-4.4294825e-22 	0.035908019
0.6800331 	0.033415405 	-0.018820688 	-3.7405744e-21 	0.039850141 	2.8949881e-21 	0.036617792
0.73183261 	0.034516909 	-0.019077395 	-2.4281795e-20 	0.039567146 	5.8619387e-21 	0.037024813
0.78749677 	0.035322324 	-0.018993321 	-3.1146176e-20 	0.038886188 	4.9587351e-21 	0.037084832
0.8473139 	0.035760505 	-0.01854805 	-2.0124207e-20 	0.037842785 	5.6813483e-22 	0.036780426
0.91159387 	0.035796126 	-0.017762866 	-5.8431536e-21 	0.036508516 	-6.5649151e-21 	0.036130207
0.98066963 	0.0354755 	-0.016718881 	-2.764062e-20 	0.035000072 	1.5766183e-22 	0.035214908
1.054899 	0.034891672 	-0.015522622 	-4.1681912e-20 	0.03343393 	7.252664e-21 	0.034139582
1.1346664 	0.034137829 	-0.014278763 	-4.3996355e-20 	0.031887857 	8.025489e-21 	0.032989777
1.166856 	0.033810365 	-0.01382196 	-6.3761054e-20 	0.031319713 	9.8053191e-21 	0.032542129
1.2204494 	0.033264244 	-0.013063058 	-8.9872762e-20 	0.030374685 	1.2506307e-20 	0.031798589
1.3126654 	0.032272793 	-0.01190727 	-1.6003299e-19 	0.028846668 	6.7092401e-21 	0.030542489
1.4117494 	0.031120718 	-0.010809095 	-8.6763285e-20 	0.027232495 	-6.7370635e-21 	0.029161809
1.5182117 	0.029742892 	-0.0097631928 	9.6084385e-20 	0.025505896 	-1.3031067e-20 	0.027611639
1.6246594 	0.028167972 	-0.0087993037 	1.4452808e-19 	0.023747593 	-3.66356e-21 	0.025948416
1.7237033 	0.026524651 	-0.0079360498 	7.7695373e-20 	0.022045996 	3.7231383e-21 	0.024278097
1.8158592 	0.024893922 	-0.0071434767 	4.6186147e-20 	0.02042232 	-5.1423505e-21 	0.022652145
1.9016069 	0.023309863 	-0.006391461 	6.8085465e-20 	0.01889191 	-1.2281979e-20 	0.021096349
1.9813925 	0.021798383 	-0.0056676385 	9.8437833e-20 	0.017470826 	2.6038992e-22 	0.019631137
2.0556311 	0.020378496 	-0.0049679598 	-6.0365634e-20 	0.016168207 	1.5495275e-20 	0.018270726
2.1247088 	0.01906212 	-0.004291785 	-5.2333453e-20 	0.014988541 	4.4442898e-21 	0.017023361
2.1889848 	0.017854742 	-0.0036399911 	5.2994203e-20 	0.013932363 	-6.2065582e-21 	0.015892084
2.2487932 	0.016756612 	-0.0030140651 	9.4240276e-21 	0.01299699 	8.786166e-22 	0.014875715
2.3044449 	0.015764126 	-0.0024156986 	-2.03315e-20 	0.012177194 	6.6507266e-21 	0.013969855
2.356229 	0.014871144 	-0.001846541 	-2.8317396e-20 	0.011465832 	-6.1360827e-21 	0.013167884
2.4044145 	0.014070219 	-0.0013079975 	3.9473068e-20 	0.010854458 	-7.8813776e-21 	0.012461883
2.4492518 	0.013353611 	-0.00080114919 	4.1781847e-20 	0.010333885 	4.8602507e-21 	0.011843399
2.4909736 	0.012713985 	-0.00032668473 	-2.3412176e-20 	0.0098946944 	-1.7357682e-21 	0.011304062
2.5297965 	0.012144838 	0.00011520645 	3.7431649e-21 	0.0095276764 	-4.4698395e-21 	0.010836027
2.5659222 	0.011640708 	0.0005248761 	6.0775633e-20 	0.009224197 	1.2984075e-21 	0.010432258
2.5828761 	0.011417086 	0.00071569058 	2.5524442e-20 	0.0090992907 	3.1008169e-21 	0.010258006
2.5995508 	0.011197111 	0.00090341783 	-9.5631215e-21 	0.0089764465 	4.933424e-21 	0.010086612
2.6308527 	0.01081079 	0.0012521979 	-5.2260069e-20 	0.0087777915 	1.8991939e-21 	0.0097941447
2.659977 	0.010479391 	0.0015730116 	1.2988272e-20 	0.0086227877 	-3.3956716e-21 	0.0095509602
2.6870756 	0.010201115 	0.0018684105 	4.0948668e-20 	0.0085071779 	2.1866709e-21 	0.0093540299
2.7122895 	0.0099747014 	0.0021414286 	5.9438444e-21 	0.0084279241 	1.6640415e-22 	0.0092012086
2.7357501 	0.0097992973 	0.0023954736 	-3.8004252e-21 	0.008383159 	-3.0878206e-21 	0.0090911324
2.7575795 	0.0096745593 	0.0026343333 	-2.6056564e-21 	0.0083722369 	3.5051602e-21 	0.0090233031
2.7778912 	0.0095999746 	0.0028618169 	-9.6104301e-21 	0.0083951115 	1.522024e-21 	0.0089974551
2.7967909 	0.0095749988 	0.0030815812 	5.7173586e-21 	0.0084522762 	-3.0910475e-21 	0.0090135571
2.8143769 	0.0095993134 	0.0032970822 	4.236382e-21 	0.0085448261 	-2.3249319e-21 	0.0090719937
2.8307405 	0.009671988 	0.003511141 	9.1307808e-21 	0.0086736306 	-4.6607767e-23 	0.0091727376
2.8459669 	0.0097911715 	0.0037257622 	5.4597466e-21 	0.0088388861 	2.7252449e-21 	0.0093149608
2.8601351 	0.0099538555 	0.0039419712 	-4.9877083e-21 	0.0090397634 	1.9220636e-21 	0.0094967435
2.8733187 	0.010155639 	0.0041596519 	1.9102748e-21 	0.009274056 	-1.2891461e-21 	0.0097147834
2.8855863 	0.010390677 	0.0043775036 	-3.0508807e-21 	0.0095379496 	4.8060558e-22 	0.0099642595
2.8970015 	0.010651898 	0.0045934403 	-1.2920156e-20 	0.0098260462 	-3.5790044e-22 	0.010238926
2.9076235 	0.010931237 	0.0048049737 	3.6674067e-21 	0.010131694 	-4.1672405e-21 	0.01053142
2.9175076 	0.011220053 	0.0050092166 	1.2660411e-20 	0.010447464 	3.6305974e-22 	0.010833718
2.9267051 	0.011509786 	0.0052031427 	-7.0966467e-21 	0.010765629 	4.0528445e-21 	0.011137672
2.9352636 	0.011792458 	0.0053839904 	-8.0903611e-21 	0.011078673 	-2.885123e-22 	0.011435535
2.9432275 	0.012061061 	0.0055494831 	6.6525456e-21 	0.011379743 	-1.3946637e-21 	0.011720376
2.9506383 	0.012309792 	0.0056979408 	-6.0551496e-22 	0.011662944 	1.0307249e-21 	0.011986346
2.9575343 	0.012534132 	0.0058282992 	-4.8978059e-21 	0.011923489 	-1.9831407e-21 	0.012228791
2.9639513 	0.012730793 	0.0059400623 	4.6975493e-21 	0.012157707 	-1.5497864e-21 	0.012444233
2.9699226 	0.012897582 	0.0060332177 	2.4363141e-21 	0.012362958 	2.3882643e-21 	0.012630256
2.9754792 	0.013033209 	0.0061081275 	-4.4557224e-21 	0.01253749 	1.0013861e-21 	0.012785337
2.9806499 	0.013137074 	0.0061654224 	1.7997053e-21 	0.012680249 	-5.317359e-22 	0.01290865
2.9854614 	0.013209036 	0.006205879 	9.7500337e-22 	0.012790667 	1.1086296e-22 	0.012999842
2.9899388 	0.013249233 	0.0062303299 	-8.5960686e-22 	0.012868508 	-5.2426782e-22 	0.013058863
2.9941053 	0.013257969 	0.0062396228 	2.0825915e-21 	0.012913753 	-4.707535e-22 	0.013085855
2.9979824 	0.013235483 	0.0062345063 	-6.7435168e-22 	0.012926381 	8.6121783e-22 	0.013080926
3.0015902 	0.013181769 	0.0062155446 	-2.0352997e-21 	0.01290618 	1.9896363e-22 	0.013043969
3.0049475 	0.013096483 	0.0061830869 	5.8818138e-22 	0.012852654 	-1.6144191e-22 	0.012974564
3.0080717 	0.012978802 	0.0061371862 	2.2944646e-22 	0.012764867 	-2.0341272e-22 	0.01287183
3.0109789 	0.012827235 	0.0060775026 	-1.6753155e-22 	0.01264126 	-3.5973005e-22 	0.012734245
3.0136843 	0.01263943 	0.0060031868 	4.7733934e-22 	0.012479442 	1.9344679e-22 	0.012559433
3.0162017 	0.012411891 	0.0059127038 	7.0314739e-24 	0.012275906 	2.605121e-22 	0.012343895
3.0185444 	0.012139597 	0.005803557 	-2.4802125e-22 	0.012025644 	2.467421e-22 	0.012082618
3.0207244 	0.01181546 	0.0056718535 	-3.9138007e-22 	0.011721594 	-1.9290182e-22 	0.011768524
3.022753 	0.011429512 	0.0055115814 	-4.1405978e-23 	0.011353821 	-2.7664691e-22 	0.011391663
3.0246408 	0.010967688 	0.0053133501 	1.6217782e-22 	0.010908293 	1.9684782e-23 	0.010937988
3.0263975 	0.010410012 	0.0050621038 	1.1152139e-22 	0.010365061 	1.667789e-22 	0.010387532
3.0280322 	0.0097280447 	0.0047328477 	-6.884053e-23 	0.0096956926 	1.2650725e-22 	0.0097118628
3.0295534 	0.0088822712 	0.0042829753 	-2.4881498e-23 	0.0088606354 	-1.1312523e-22 	0.0088714465
3.030969 	0.0078245646 	0.0036433576 	-1.2688997e-23 	0.0078116433 	-5.3570027e-23 	0.0078181005
3.0322862 	0.0065309807 	0.0027450305 	4.7687566e-24 	0.0065245445 	2.3151701e-23 	0.0065277654
3.0335121 	0.0051386759 	0.0016895098 	2.6030888e-24 	0.0051362491 	3.3584216e-24 	0.0051374732
3.0346528 	0.0041898352 	0.00087123348 	-5.7630842e-26 	0.0041892268 	-3.2799169e-25 	0.0041895351
3.0357143 	0 	0 	0 	0 	0 	0
