0 	0 	0 	0 	0 	0 	0
0.0010637159 	0.0024602757 	3.1944974e-05 	2.8502034e-27 	0.0024658345 	4.7261387e-25 	0.0024630235
0.0022067933 	0.004435873 	5.7394493e-05 	2.8943053e-26 	0.0044623418 	1.0969352e-24 	0.004449059
0.0034351532 	0.005867035 	4.3554345e-05 	1.1986261e-26 	0.0059341393 	1.6348624e-24 	0.0059006544
0.0047551584 	0.0069294327 	1.5463986e-06 	-1.8928693e-25 	0.0070540736 	-3.6120704e-25 	0.0069919144
0.0061736463 	0.0077764273 	-5.3447682e-05 	-1.5211316e-25 	0.0079729187 	-4.1294385e-24 	0.007874786
0.0076979646 	0.0084896148 	-0.00011657248 	-9.2985935e-26 	0.0087706699 	-3.5375591e-24 	0.0086301937
0.0093360089 	0.0091132248 	-0.00018641806 	-3.0222505e-25 	0.0094909493 	3.1934099e-24 	0.0093021124
0.011096264 	0.0096732119 	-0.00026262495 	2.317278e-25 	0.010159674 	5.3754427e-24 	0.00991646
0.012987848 	0.010185952 	-0.00034523821 	2.5531163e-25 	0.010793417 	-5.9745646e-24 	0.010489698
0.015020559 	0.010662408 	-0.00043449757 	-8.9570251e-25 	0.011403464 	-9.3288374e-24 	0.011032946
0.017204926 	0.011110282 	-0.00053075631 	-1.259263e-24 	0.011997921 	2.0056721e-24 	0.011554109
0.019552264 	0.011535209 	-0.00063444626 	-1.4907029e-24 	0.012582883 	4.1181554e-24 	0.012059051
0.022074732 	0.011941461 	-0.00074606162 	-1.4696535e-24 	0.013163109 	-9.7420832e-24 	0.012552289
0.024785396 	0.012332384 	-0.00086615155 	-5.1353414e-25 	0.013742442 	-1.8991519e-23 	0.013037417
0.027698296 	0.012710684 	-0.00099531665 	1.2689723e-24 	0.01432407 	4.8169289e-24 	0.01351738
0.030828522 	0.01307862 	-0.0011342173 	-3.3188811e-25 	0.014910703 	-1.1273563e-24 	0.013994664
0.034192287 	0.013438133 	-0.0012835799 	-4.3993553e-25 	0.015504697 	-1.5064809e-23 	0.014471418
0.037807015 	0.01379095 	-0.0014441809 	3.140459e-24 	0.016108138 	3.194777e-23 	0.014949547
0.04169143 	0.014138653 	-0.0016168423 	2.3972111e-24 	0.016722894 	2.8658274e-23 	0.015430775
0.045865653 	0.014482743 	-0.0018024385 	1.0963294e-24 	0.017350654 	-1.047173e-23 	0.0159167
0.050351306 	0.014824688 	-0.0020018987 	-5.3503992e-24 	0.017992961 	5.5710267e-24 	0.016408826
0.055171623 	0.015165962 	-0.002216207 	-5.5568631e-24 	0.018651223 	3.8605802e-24 	0.016908594
0.060351574 	0.01550808 	-0.0024463997 	3.5028659e-24 	0.01932673 	1.8702922e-23 	0.017417406
0.06591799 	0.015852626 	-0.0026936905 	1.6628705e-23 	0.020020657 	6.4997911e-23 	0.017936641
0.071899704 	0.016201281 	-0.0029595193 	3.4482095e-23 	0.02073406 	-3.0892118e-23 	0.018467671
0.078327701 	0.016555855 	-0.003245325 	2.5122481e-23 	0.021467881 	-8.2836473e-23 	0.019011868
0.085235276 	0.016918291 	-0.0035524989 	2.1832567e-23 	0.022222943 	1.3797741e-22 	0.019570615
0.092658211 	0.01729068 	-0.0038824923 	-7.2810752e-23 	0.022999947 	1.9448068e-22 	0.020145309
0.10063495 	0.017675277 	-0.004236819 	-8.2394607e-23 	0.02379945 	-2.1045365e-22 	0.020737357
0.10920683 	0.01807456 	-0.004617049 	5.9295459e-24 	0.024621802 	-2.5409856e-22 	0.021348177
0.11841823 	0.018491258 	-0.0050247958 	-1.7357508e-23 	0.025467119 	1.1628771e-23 	0.021979185
0.12831687 	0.018928306 	-0.0054617034 	-2.1701015e-23 	0.026335267 	3.880821e-25 	0.022631784
0.13895403 	0.019388844 	-0.0059294267 	-9.8229815e-23 	0.027225842 	9.3561494e-23 	0.02330734
0.1503848 	0.019876194 	-0.0064295998 	-2.1929377e-22 	0.028138113 	-6.845132e-24 	0.024007151
0.1626684 	0.020393833 	-0.0069637943 	1.5836415e-22 	0.029070975 	-2.3011463e-22 	0.024732402
0.17586845 	0.020945353 	-0.0075334685 	2.56465e-22 	0.03002287 	1.4459574e-22 	0.025484109
0.19005333 	0.021534386 	-0.0081399013 	-1.7134244e-22 	0.030991702 	4.4612738e-22 	0.026263042
0.20529651 	0.022164528 	-0.0087841099 	6.27987e-23 	0.031974723 	2.0494435e-22 	0.027069623
0.22167696 	0.022839211 	-0.0094667433 	2.3159977e-22 	0.032968397 	-1.1675903e-23 	0.027903802
0.23927951 	0.023561557 	-0.010187948 	4.0593931e-22 	0.033968232 	-1.0037598e-22 	0.028764892
0.25819535 	0.024334182 	-0.010947201 	4.6623697e-22 	0.034968569 	-2.0061191e-22 	0.029651372
0.27852246 	0.025158938 	-0.011743102 	9.1025541e-22 	0.035962326 	2.7178553e-22 	0.030560628
0.30036613 	0.026036614 	-0.012573107 	4.7488814e-22 	0.036940699 	-1.1722828e-22 	0.031488652
0.32383951 	0.026966561 	-0.013433213 	-9.4120352e-22 	0.037892825 	-1.86588e-21 	0.032429689
0.34906419 	0.027946216 	-0.014317585 	1.2031886e-21 	0.038805389 	-1.3340067e-21 	0.0333758
0.37617083 	0.028970535 	-0.015218085 	1.7992376e-21 	0.039662217 	6.884648e-22 	0.034316377
0.40529983 	0.03003132 	-0.016123735 	-7.8874089e-22 	0.040443876 	2.3223495e-21 	0.035237607
0.43660209 	0.03111643 	-0.017020129 	1.1770815e-21 	0.041127352 	1.573842e-21 	0.036121911
0.47023974 	0.032208908 	-0.017888776 	2.7207909e-21 	0.041685888 	-1.4611654e-21 	0.036947426
0.50638702 	0.03328605 	-0.018706476 	7.9351409e-21 	0.042089085 	-2.8704985e-21 	0.037687598
0.54523117 	0.034318535 	-0.019445239 	6.6702364e-21 	0.042303373 	-1.6232352e-21 	0.038311055
0.5869734 	0.035268469 	-0.020070777 	-4.5176654e-21 	0.04229152 	-3.8063058e-21 	0.03878015
0.63182993 	0.036090054 	-0.020541801 	-1.9500765e-22 	0.042016606 	-9.3074001e-21 	0.039053399
0.67506132 	0.036671753 	-0.020791447 	2.5471674e-20 	0.041514274 	-5.9121191e-21 	0.039093031
0.6800331 	0.036738585 	-0.020820054 	2.8349347e-20 	0.041456377 	-5.4817094e-21 	0.039097493
0.73183261 	0.037162393 	-0.020864451 	2.254781e-20 	0.040593596 	4.1673533e-21 	0.038877989
0.78749677 	0.03730684 	-0.020636114 	9.9828629e-21 	0.039420394 	2.1219996e-21 	0.03836354
0.84731391 	0.037131166 	-0.020112689 	-2.2523153e-20 	0.03795622 	6.2689168e-21 	0.037543554
0.91159388 	0.036615176 	-0.019291576 	-4.7262884e-20 	0.036247564 	9.6307193e-21 	0.03643114
0.98066963 	0.03576923 	-0.018198931 	-1.3117043e-20 	0.034367517 	-1.1711645e-21 	0.035068001
1.054899 	0.03463907 	-0.016892335 	1.0052673e-20 	0.032407003 	-5.3393402e-21 	0.03352258
1.1346664 	0.033297791 	-0.015452634 	-6.9363617e-21 	0.030455378 	-1.5445082e-21 	0.031876174
1.2203851 	0.031825545 	-0.013967146 	-8.3445609e-20 	0.028577021 	1.1888667e-20 	0.030201096
1.3124991 	0.030284481 	-0.01251032 	-1.0825576e-19 	0.026795121 	1.3443142e-20 	0.028539763
1.4114856 	0.028700741 	-0.011143247 	-1.5547655e-21 	0.025088458 	-4.4508897e-21 	0.026894538
1.5178571 	0.027084935 	-0.0099142321 	5.0801744e-20 	0.023422453 	-3.3427197e-21 	0.025253835
1.6242287 	0.025494258 	-0.0088478059 	-1.9627361e-21 	0.021820536 	9.2268584e-21 	0.02365768
1.7232152 	0.023984724 	-0.0079196297 	-6.9184594e-20 	0.020319174 	2.3681752e-21 	0.022152079
1.8153292 	0.022558847 	-0.0070843502 	-4.9789271e-20 	0.018912631 	-7.112205e-21 	0.020735786
1.9010479 	0.021211917 	-0.006311377 	-5.2719861e-21 	0.017594745 	1.1268997e-21 	0.01940337
1.9808153 	0.019945334 	-0.0055814182 	-8.8185436e-21 	0.01636816 	3.2737656e-21 	0.01815677
2.0550447 	0.018761831 	-0.0048835558 	-3.6336953e-21 	0.015237425 	-2.2874337e-21 	0.016999641
2.1241204 	0.017663262 	-0.0042125572 	1.824166e-20 	0.014206187 	1.2591726e-23 	0.01593473
2.1884004 	0.016649743 	-0.0035667112 	2.5085566e-21 	0.013275912 	1.4774516e-21 	0.014962826
2.2482175 	0.015719568 	-0.0029462692 	-1.7072245e-20 	0.012445627 	5.9603824e-22 	0.01408259
2.3038817 	0.014869531 	-0.0023523904 	1.3290621e-21 	0.011712138 	-2.0681725e-23 	0.01329082
2.3556812 	0.014095458 	-0.0017864586 	1.1093002e-20 	0.011070477 	5.3900771e-22 	0.012582949
2.4038844 	0.01339279 	-0.0012496554 	9.8605802e-21 	0.010514445 	9.2018405e-22 	0.011953595
2.4487409 	0.012757088 	-0.00074272092 	8.3528944e-21 	0.010037156 	-8.0247252e-22 	0.011397097
2.4904831 	0.012184445 	-0.0002658314 	1.074293e-20 	0.0096315384 	-1.6916352e-21 	0.010907967
2.5293273 	0.011671744 	0.00018144787 	-1.0543897e-21 	0.0092907839 	-2.3294064e-21 	0.010481242
2.5654745 	0.011216805 	0.00060015588 	-4.1981362e-21 	0.0090087167 	-2.5701772e-21 	0.010112742
2.5991122 	0.01081841 	0.00099190493 	-4.8734035e-22 	0.0087800962 	1.2163055e-21 	0.0097992403
2.6304145 	0.010476265 	0.0013588288 	-5.6887053e-21 	0.0086008422 	2.4735862e-21 	0.0095385457
2.6595435 	0.010190874 	0.0017035133 	4.3179366e-21 	0.0084681632 	1.9376993e-22 	0.0093295182
2.6866501 	0.009963374 	0.0020288624 	4.0847444e-21 	0.0083806038 	4.4588372e-22 	0.0091719963
2.7118748 	0.0097956221 	0.0023381153 	-2.0686817e-21 	0.0083382071 	1.8025481e-23 	0.0090669259
2.7353482 	0.0096892188 	0.0026345686 	-1.9228887e-21 	0.0083417369 	-5.9288157e-22 	0.0090154917
2.7571918 	0.0096446714 	0.0029211409 	-2.8199471e-22 	0.008391911 	7.8023618e-22 	0.0090183059
2.7775189 	0.0096620917 	0.0032004808 	8.9612308e-23 	0.0084897657 	8.2758633e-22 	0.0090759432
2.7964348 	0.0097403168 	0.0034745683 	-6.8608839e-23 	0.0086357158 	-2.6086877e-22 	0.0091880282
2.8140373 	0.0098757167 	0.0037442361 	-2.0818346e-21 	0.0088282704 	-2.9878352e-22 	0.0093520002
2.8304178 	0.010062191 	0.0040091664 	-3.5514975e-21 	0.0090637316 	1.1580273e-24 	0.0095629632
2.845661 	0.010291231 	0.0042678557 	-1.7613283e-21 	0.0093360227 	3.6805493e-23 	0.0098136247
2.8598458 	0.010552404 	0.0045178278 	-3.0434997e-22 	0.0096369494 	1.5431231e-23 	0.010094672
2.8730459 	0.010834177 	0.0047560174 	-1.4146349e-22 	0.0099568557 	6.2772915e-25 	0.010395511
2.8853295 	0.011124892 	0.0049792312 	3.9130777e-22 	0.0102855 	8.7693075e-23 	0.01070519
2.8967603 	0.011413667 	0.0051845789 	1.1607561e-21 	0.010612936 	1.6094907e-22 	0.011013297
2.9073974 	0.011691077 	0.0053697812 	1.5647895e-22 	0.010930234 	-2.1652923e-23 	0.011310651
2.9172961 	0.011949535 	0.005533331 	-5.2039859e-22 	0.011229935 	-1.7990212e-22 	0.011589732
2.9265075 	0.012183399 	0.0056745219 	1.225014e-22 	0.011506248 	-2.7147491e-22 	0.011844822
2.9350793 	0.012388857 	0.0057933705 	6.9697102e-22 	0.01175503 	-1.2983616e-22 	0.012071942
2.9430561 	0.012563683 	0.0058904864 	2.77691e-22 	0.011973622 	3.4812591e-22 	0.012268651
2.950479 	0.012706929 	0.0059669227 	-4.7385837e-22 	0.012160604 	2.3456303e-22 	0.012433766
2.9573866 	0.012818616 	0.0060240182 	-2.057757e-22 	0.012315529 	-1.0082927e-22 	0.012567073
2.9638146 	0.012899478 	0.0060633106 	-9.8703322e-23 	0.012438702 	3.5893335e-24 	0.01266909
2.9697963 	0.012950607 	0.0060863623 	-3.2119197e-22 	0.012530842 	2.1170013e-23 	0.012740724
2.9753627 	0.012973257 	0.0060946616 	-2.4295562e-22 	0.0125929 	-7.8985389e-23 	0.012783079
2.9805427 	0.012968879 	0.0060896899 	-3.3107802e-23 	0.012626082 	-7.5660311e-23 	0.012797481
2.985363 	0.012938824 	0.006072767 	-1.154105e-23 	0.012631559 	-2.462891e-23 	0.012785192
2.9898486 	0.012884192 	0.0060449975 	-1.4356445e-22 	0.012610311 	-2.6986946e-25 	0.012747252
2.9940229 	0.01280585 	0.0060073143 	-1.9994398e-22 	0.012563138 	2.7914037e-23 	0.012684494
2.9979073 	0.012704342 	0.0059604166 	-1.0027721e-22 	0.012490555 	3.9921631e-23 	0.012597449
3.001522 	0.012579808 	0.0059047538 	-2.8877454e-23 	0.012392719 	-1.4392092e-23 	0.012486264
3.0048858 	0.012431918 	0.0058404905 	-3.3268083e-23 	0.01226934 	-3.859789e-23 	0.012350629
3.008016 	0.012259779 	0.0057674661 	-3.6935094e-23 	0.01211959 	-1.9048241e-23 	0.012189684
3.0109289 	0.012061819 	0.0056851283 	-2.0566263e-24 	0.01194198 	8.0054338e-25 	0.012001899
3.0136396 	0.011835627 	0.0055924343 	-2.5906371e-23 	0.011734192 	1.2941866e-23 	0.01178491
3.016162 	0.011577725 	0.0054876982 	-2.8923177e-23 	0.011492852 	6.4350505e-24 	0.011535289
3.0185094 	0.011283239 	0.0053683439 	-6.7985678e-24 	0.011213191 	7.256205e-24 	0.011248215
3.0206937 	0.010945413 	0.0052305069 	3.3338518e-24 	0.010888555 	2.4343842e-25 	0.010916983
3.0227264 	0.01055488 	0.0050683643 	9.8765602e-24 	0.010509681 	-1.1356647e-23 	0.01053228
3.024618 	0.010098574 	0.0048729672 	7.684754e-24 	0.010063596 	-2.1021907e-24 	0.010081084
3.0263783 	0.0095580931 	0.0046301335 	-3.1494243e-24 	0.0095319792 	2.9741166e-24 	0.0095450344
3.0280163 	0.0089074256 	0.0043165532 	-3.0713174e-24 	0.0088888815 	-5.4052848e-24 	0.0088981508
3.0295406 	0.0081106679 	0.0038929372 	6.7070916e-25 	0.0080984295 	-4.9631467e-24 	0.0081045456
3.0309591 	0.007124412 	0.0032967581 	1.1449427e-24 	0.0071171969 	2.7734261e-24 	0.0071208032
3.0322791 	0.0059270746 	0.0024689344 	9.5250479e-26 	0.0059235231 	2.5441693e-24 	0.0059253008
3.0335075 	0.0046374559 	0.0015065422 	-1.164188e-25 	0.0046361288 	-5.6397427e-25 	0.004636799
3.0346506 	0.0037180195 	0.00076094959 	-5.0163207e-26 	0.0037176896 	-4.0622003e-25 	0.0037178572
3.0357143 	0 	0 	0 	0 	0 	0
