0 	0 	0 	0 	0 	0 	0
0.0010637159 	0.002357935 	-0.0003946337 	-6.2824339e-27 	0.0023584335 	-8.0100493e-26 	0.0023581829
0.0022067933 	0.0036469341 	-0.00095763688 	3.425719e-26 	0.0036496731 	-2.6480977e-25 	0.0036482926
0.0034351532 	0.0048530366 	-0.0015432078 	2.8164543e-26 	0.0048614658 	1.008827e-24 	0.0048572419
0.0047551584 	0.0058450407 	-0.0019530816 	-2.9523053e-25 	0.0058634799 	1.2309142e-24 	0.0058542699
0.0061736463 	0.0066568645 	-0.0022088328 	-1.8444111e-25 	0.0066897294 	-1.9475446e-24 	0.006673316
0.0076979646 	0.0073424518 	-0.0023766117 	5.4825926e-25 	0.0073940165 	-1.4831527e-24 	0.0073682498
0.0093360089 	0.0079406608 	-0.0024964687 	4.586726e-25 	0.008015101 	1.0517037e-24 	0.0079778912
0.011096264 	0.0084768024 	-0.0025891861 	3.7745055e-27 	0.0085783052 	1.5212049e-25 	0.0085275608
0.012987848 	0.0089675096 	-0.0026659605 	-6.3868282e-26 	0.0091003591 	-4.2684453e-25 	0.0090339394
0.015020559 	0.0094240739 	-0.0027332582 	-1.388211e-24 	0.0095927086 	-3.397853e-25 	0.009508395
0.017204926 	0.0098544384 	-0.0027950829 	2.4437331e-25 	0.010063493 	2.2703344e-24 	0.0099589687
0.019552264 	0.01026438 	-0.0028540811 	-1.2913739e-24 	0.010518718 	3.0137237e-24 	0.010391551
0.022074732 	0.01065823 	-0.002912112 	-2.2912623e-24 	0.010962967 	-2.071669e-24 	0.0108106
0.024785396 	0.011039324 	-0.0029705645 	-6.8958947e-25 	0.01139985 	-1.3020806e-24 	0.011219588
0.027698296 	0.011410294 	-0.0030305347 	2.3539521e-24 	0.011832291 	-8.2863657e-25 	0.011621294
0.030828522 	0.011773275 	-0.0030929329 	-1.1978963e-23 	0.012262722 	-6.6736728e-24 	0.012017999
0.034192287 	0.012130029 	-0.003158562 	-5.1679616e-24 	0.012693212 	-9.6189085e-24 	0.012411621
0.037807015 	0.012482051 	-0.0032281577 	1.336435e-23 	0.013125562 	-5.6888959e-24 	0.012803807
0.04169143 	0.012830638 	-0.0033024168 	-8.7692276e-25 	0.013561369 	1.2973117e-23 	0.013196004
0.045865653 	0.013176939 	-0.0033820278 	-1.3637086e-23 	0.014002075 	1.3275784e-23 	0.013589507
0.050351306 	0.013522005 	-0.0034676826 	-1.2145679e-23 	0.014449001 	-3.7982858e-24 	0.013985503
0.055171623 	0.013866814 	-0.0035600856 	-2.0688233e-23 	0.014903371 	5.8124218e-24 	0.014385092
0.060351574 	0.014212305 	-0.0036599673 	-1.6535414e-23 	0.015366332 	-2.0347518e-23 	0.014789318
0.06591799 	0.014559398 	-0.0037680955 	8.1479591e-24 	0.015838966 	-3.1355258e-23 	0.015199181
0.071899704 	0.014909017 	-0.0038852807 	6.4578106e-23 	0.016322298 	-8.1936496e-24 	0.015615657
0.078327701 	0.015262107 	-0.0040123805 	1.2416125e-22 	0.016817306 	-9.7860337e-24 	0.016039706
0.085235276 	0.015619654 	-0.0041503009 	7.5582079e-23 	0.017324914 	1.5481573e-23 	0.016472283
0.092658211 	0.015982697 	-0.0043000026 	4.4960681e-23 	0.017846001 	-5.9278011e-24 	0.016914348
0.10063495 	0.016352345 	-0.0044625098 	6.1903708e-23 	0.01838139 	1.3368764e-23 	0.017366866
0.10920683 	0.016729791 	-0.0046389064 	-8.1731975e-24 	0.018931848 	1.2155693e-22 	0.017830819
0.11841823 	0.017116322 	-0.0048303365 	-1.7575595e-22 	0.019498072 	1.04303e-22 	0.018307197
0.12831687 	0.017513334 	-0.0050380015 	-2.4136367e-22 	0.020080682 	-7.9101202e-23 	0.018797008
0.13895403 	0.017922336 	-0.0052631586 	6.0479076e-23 	0.020680202 	-1.5028652e-22 	0.019301269
0.1503848 	0.018344953 	-0.0055071145 	8.9188722e-23 	0.021297044 	-1.198212e-22 	0.019820999
0.1626684 	0.018782933 	-0.0057712095 	2.4842791e-22 	0.02193148 	-8.8913161e-23 	0.020357208
0.17586845 	0.019238139 	-0.0060568094 	3.7448844e-22 	0.022583619 	1.9275362e-22 	0.02091088
0.19005333 	0.019712536 	-0.0063652818 	-2.8779171e-22 	0.023253362 	4.0867924e-22 	0.021482952
0.20529651 	0.020208167 	-0.0066979617 	-5.9021223e-22 	0.023940366 	1.2577994e-22 	0.02207427
0.22167696 	0.020727126 	-0.0070561199 	-3.6279247e-22 	0.024643981 	-1.0423674e-23 	0.022685558
0.23927951 	0.021271496 	-0.0074409139 	-1.1389826e-21 	0.025363182 	-4.7851419e-23 	0.023317346
0.25819535 	0.021843289 	-0.0078533263 	-1.2248444e-22 	0.026096486 	-5.7961363e-22 	0.023969896
0.27852246 	0.022444344 	-0.008294083 	9.4751658e-22 	0.026841841 	-7.0732752e-22 	0.024643103
0.30036613 	0.023076202 	-0.0087635555 	1.3893922e-21 	0.0275965 	-1.7407428e-22 	0.025336363
0.32383951 	0.023739938 	-0.0092616376 	7.4655722e-22 	0.02835686 	7.5394199e-22 	0.026048413
0.34906419 	0.024435952 	-0.0097875976 	-7.302933e-22 	0.029118268 	7.0500057e-22 	0.026777126
0.37617083 	0.0251637 	-0.010339896 	-4.1272671e-22 	0.029874794 	5.0939412e-22 	0.027519266
0.40529983 	0.025921363 	-0.010915962 	-1.8176968e-21 	0.030618961 	2.2542653e-22 	0.028270184
0.43660209 	0.02670544 	-0.011511941 	-1.3037684e-21 	0.03134144 	-8.8331961e-22 	0.029023466
0.47023974 	0.027510263 	-0.012122384 	-2.8182893e-21 	0.032030715 	1.0842017e-22 	0.029770518
0.50638702 	0.028327426 	-0.0127399 	-7.5603602e-22 	0.032672724 	6.6694671e-22 	0.030500107
0.54523117 	0.029145137 	-0.013354779 	6.1758312e-22 	0.033250526 	4.8527152e-22 	0.031197867
0.5869734 	0.029947514 	-0.013954577 	-2.4117043e-21 	0.033744024 	3.6882519e-22 	0.031845805
0.63182993 	0.030713866 	-0.014523717 	-4.1968842e-21 	0.034129822 	-1.3132691e-21 	0.03242187
0.6800331 	0.031418045 	-0.015043388 	1.5807321e-24 	0.034381188 	2.5394545e-22 	0.032899675
0.73183261 	0.032027055 	-0.01549012 	-9.6407458e-22 	0.03446742 	3.0180168e-21 	0.033247311
0.78749677 	0.032503097 	-0.015837218 	-1.0558666e-20 	0.034357851 	1.0123438e-21 	0.033430485
0.84731391 	0.03280479 	-0.016056384 	-1.232444e-20 	0.034024456 	-1.220217e-21 	0.033414635
0.91159388 	0.032885072 	-0.016115988 	-3.7094684e-21 	0.033439544 	-7.9284515e-22 	0.033162337
0.98066963 	0.032695956 	-0.015984548 	-2.1423175e-21 	0.032581409 	1.2015162e-21 	0.032638674
1.054899 	0.032195697 	-0.015635445 	-8.2581718e-21 	0.031442095 	1.0558903e-21 	0.031818852
1.1346664 	0.03135513 	-0.015050878 	-2.4596078e-21 	0.030031678 	-1.7130434e-21 	0.030693309
1.2203851 	0.030166349 	-0.014228175 	6.074185e-21 	0.028382199 	-5.3886929e-22 	0.029274147
1.3124991 	0.028650389 	-0.013185101 	1.8740607e-21 	0.026548222 	1.2802916e-21 	0.027599101
1.4114856 	0.026859973 	-0.011968443 	8.8210639e-21 	0.024599964 	4.0397307e-22 	0.025729684
1.5178571 	0.024902587 	-0.010663072 	1.1669439e-20 	0.022632436 	1.2707914e-21 	0.023767426
1.6242287 	0.022975869 	-0.0093907017 	-1.369033e-20 	0.020795385 	1.8060368e-22 	0.021885753
1.7232152 	0.02123245 	-0.0082325201 	-1.046492e-20 	0.019182165 	-2.6503111e-21 	0.02020743
1.8153292 	0.019691046 	-0.0071948441 	-3.7789683e-21 	0.017774048 	-1.1803559e-22 	0.018732659
1.9010479 	0.01832812 	-0.0062613417 	-9.5380875e-21 	0.016531401 	2.2313652e-21 	0.017429861
1.9808153 	0.017118595 	-0.0054130051 	-5.2692336e-21 	0.015425044 	-4.2583882e-22 	0.016271901
2.0550447 	0.016040749 	-0.004633035 	-5.6297409e-21 	0.014434957 	-6.5402873e-22 	0.015237918
2.1241204 	0.015077179 	-0.0039084027 	-1.4125618e-21 	0.013547606 	1.3249365e-21 	0.014312441
2.1884004 	0.014214255 	-0.0032297099 	-7.7270499e-21 	0.012753452 	4.8403675e-22 	0.013483889
2.2482175 	0.013441245 	-0.0025904219 	-1.589317e-20 	0.012045252 	-1.0725092e-21 	0.012743273
2.3038817 	0.012749592 	-0.0019860214 	-3.9121904e-21 	0.011417042 	-1.4587755e-21 	0.012083333
2.3556812 	0.012132444 	-0.0014133012 	2.2144506e-21 	0.010863651 	-4.2417977e-22 	0.011498055
2.4038844 	0.0115844 	-0.00086984119 	4.3734016e-21 	0.01038053 	6.986888e-22 	0.010982465
2.4487409 	0.011101415 	-0.00035365391 	6.6312422e-21 	0.0099637645 	8.304214e-22 	0.010532586
2.4904831 	0.010680762 	0.00013703294 	-2.1226346e-21 	0.0096101879 	3.5567267e-22 	0.010145468
2.5293273 	0.010320994 	0.00060388616 	-5.4007408e-21 	0.0093175027 	-4.2323006e-22 	0.0098192416
2.5654745 	0.010021856 	0.0010485001 	-8.8189227e-22 	0.0090843699 	-5.647566e-22 	0.009553108
2.5991122 	0.0097840769 	0.001472368 	9.5741362e-22 	0.0089103928 	1.233915e-22 	0.0093472335
2.6304145 	0.0096090075 	0.0018767923 	-2.460645e-21 	0.0087959452 	4.9244825e-22 	0.0092024806
2.6595435 	0.009498214 	0.0022629152 	-2.870789e-21 	0.0087418926 	4.6641158e-23 	0.0091200622
2.6866501 	0.0094519955 	0.0026313633 	-1.6988409e-21 	0.0087483112 	-6.1251017e-22 	0.0091001637
2.7118748 	0.0094689726 	0.0029822434 	-6.0160112e-22 	0.0088140493 	-7.69525e-22 	0.0091415225
2.7353482 	0.0095457114 	0.0033151544 	2.1800715e-21 	0.0089362193 	-1.0217765e-23 	0.0092409768
2.7571918 	0.0096755793 	0.0036289229 	7.34108e-22 	0.0091089872 	3.8179795e-22 	0.0093922925
2.7775189 	0.0098490817 	0.0039218267 	-8.7111167e-22 	0.0093237012 	1.822305e-22 	0.0095863983
2.7964348 	0.010054612 	0.0041918281 	-7.3970063e-22 	0.0095694799 	-1.0991197e-23 	0.0098120505
2.8140373 	0.010279637 	0.0044369546 	-5.8029173e-22 	0.0098342811 	-2.4649532e-22 	0.010056963
2.8304178 	0.010511993 	0.0046556723 	-2.5104723e-22 	0.010106153 	-1.6774501e-22 	0.010309074
2.845661 	0.010741007 	0.0048472201 	-1.5153585e-22 	0.010374381 	8.5385658e-23 	0.010557693
2.8598458 	0.010958013 	0.0050116298 	4.9283502e-23 	0.010630051 	1.8243335e-22 	0.010794032
2.8730459 	0.011156595 	0.0051496871 	-7.1455228e-23 	0.010866361 	1.0706785e-23 	0.011011478
2.8853295 	0.011332634 	0.0052629018 	-5.7051655e-23 	0.011078758 	-4.5386206e-23 	0.011205697
2.8967603 	0.011483893 	0.0053532322 	4.2453938e-23 	0.011264583 	5.418456e-23 	0.011374238
2.9073974 	0.011609562 	0.0054228928 	-5.2601254e-23 	0.011422702 	6.192142e-23 	0.011516131
2.9172961 	0.011709903 	0.0054741688 	-8.1233903e-23 	0.011553123 	-1.1504444e-23 	0.011631512
2.9265075 	0.011785911 	0.0055092774 	-2.6487644e-22 	0.011656655 	-7.4918072e-23 	0.011721281
2.9350793 	0.011838997 	0.0055304133 	-2.1216515e-22 	0.011734623 	-5.2395395e-23 	0.011786808
2.9430561 	0.0118708 	0.005539589 	5.342312e-23 	0.011788625 	-3.8990705e-23 	0.011829712
2.950479 	0.01188302 	0.0055385531 	6.8321003e-23 	0.011820363 	1.235648e-23 	0.011851691
2.9573866 	0.011877286 	0.0055289643 	-2.8708044e-23 	0.011831529 	7.2645858e-23 	0.011854407
2.9638146 	0.011855068 	0.0055122197 	-9.8141069e-23 	0.011823717 	3.7559621e-23 	0.011839392
2.9697963 	0.011817644 	0.0054894014 	-1.1823298e-22 	0.011798346 	-2.4877082e-23 	0.011807995
2.9753627 	0.011766054 	0.0054614202 	-3.981866e-23 	0.011756636 	-3.3873805e-23 	0.011761345
2.9805427 	0.011701079 	0.0054289772 	-2.4709787e-23 	0.011699569 	-2.243599e-23 	0.011700323
2.985363 	0.011623228 	0.005392554 	1.8871681e-23 	0.011627869 	-1.9517836e-23 	0.011625548
2.9898486 	0.011532731 	0.0053524428 	5.686268e-23 	0.011541975 	4.7100771e-25 	0.011537353
2.9940229 	0.011429518 	0.0053087504 	-4.5246802e-24 	0.011442021 	8.327521e-24 	0.011435769
2.9979073 	0.011313194 	0.0052613947 	-1.9213965e-23 	0.011327808 	8.8412007e-24 	0.011320501
3.001522 	0.011183009 	0.00521009 	-1.798072e-24 	0.01119877 	7.7063176e-25 	0.011190889
3.0048858 	0.011037803 	0.0051543288 	-1.1505456e-26 	0.011053919 	-8.2701689e-24 	0.011045861
3.008016 	0.010875937 	0.0050933406 	1.1904281e-24 	0.010891768 	-2.4147402e-24 	0.010883852
3.0109289 	0.010695187 	0.0050260295 	3.996597e-24 	0.010710234 	-3.3542403e-24 	0.01070271
3.0136396 	0.010492595 	0.0049508793 	7.5403453e-24 	0.010506483 	-4.4633873e-24 	0.010499539
3.016162 	0.010264257 	0.0048658017 	7.6574159e-24 	0.010276722 	2.1444541e-24 	0.01027049
3.0185094 	0.010005013 	0.0047678977 	2.9180457e-24 	0.010015888 	6.6550216e-24 	0.01001045
3.0206937 	0.0097079941 	0.0046530689 	-3.2849408e-24 	0.0097171956 	3.1869922e-24 	0.009712595
3.0227264 	0.0093639554 	0.0045153751 	-2.0731183e-24 	0.0093714734 	6.3530456e-26 	0.0093677147
3.024618 	0.0089602801 	0.0043459233 	-4.6016038e-26 	0.0089661691 	1.2860576e-24 	0.008963225
3.0263783 	0.0084795367 	0.0041308901 	-3.7379029e-25 	0.0084839078 	1.7913337e-24 	0.0084817229
3.0280163 	0.0078975657 	0.0038479687 	-5.3478415e-25 	0.0079005824 	-4.4877298e-25 	0.007899075
3.0295406 	0.007181894 	0.0034604931 	5.281499e-26 	0.0071837704 	-1.2599845e-24 	0.0071828334
3.0309591 	0.0062953011 	0.0029129943 	1.2622565e-25 	0.006296301 	-8.6129961e-26 	0.0062958015
3.0322791 	0.0052251101 	0.0021616953 	5.9297652e-26 	0.005225533 	5.5533716e-25 	0.0052253205
3.0335075 	0.004087732 	0.0013093003 	-3.9373381e-26 	0.0040878615 	1.937749e-25 	0.0040877953
3.0346506 	0.0032862398 	0.00066232833 	-1.3666795e-26 	0.0032862659 	-1.6489698e-25 	0.0032862526
3.0357143 	0 	0 	0 	0 	0 	0
