8.000000000000000000e+00 4.526962900000000012e-01 5.302451737530625847e-02 4.100621001838411495e-02 1.354761628978663106e-03 7.948098479965210383e-04 1.035295843395897053e-03 3.105109558492292771e-03
8.000000000000000000e+00 4.836400699999999775e-01 2.690408109065191566e-01 1.989592387869709433e-01 1.786670029889424541e-02 1.073225250021365637e-02 1.082700596538128598e-02 4.851518672491593465e-02
8.000000000000000000e+00 4.526962900000000012e-01 5.302451737530625847e-02 4.100621001838411495e-02 1.354761628978663106e-03 7.948098479965210383e-04 1.035295843395897053e-03 3.105109558492292771e-03
8.000000000000000000e+00 4.836400699999999775e-01 2.690408109065191566e-01 1.989592387869709433e-01 1.786670029889424541e-02 1.073225250021365637e-02 1.082700596538128598e-02 4.851518672491593465e-02
8.000000000000000000e+00 4.588850400000000218e-01 1.394687942249155654e-01 1.070567027765831625e-01 7.803131953393585042e-03 4.375695322412916435e-03 5.722593356178913397e-03 1.791256664870006371e-02
8.000000000000000000e+00 4.836400699999999775e-01 2.690408109065191566e-01 1.989592387869709433e-01 1.786670029889424541e-02 1.073225250021365637e-02 1.082700596538128598e-02 4.851518672491593465e-02
8.000000000000000000e+00 4.588850400000000218e-01 1.394687942249155654e-01 1.070567027765831625e-01 7.803131953393585042e-03 4.375695322412916435e-03 5.722593356178913397e-03 1.791256664870006371e-02
8.000000000000000000e+00 4.898288299999999929e-01 2.811252554582489571e-01 2.057949643860179645e-01 1.834586662962624931e-02 1.133612865125875439e-02 1.038065785283989392e-02 5.093074354737767845e-02
8.000000000000000000e+00 4.588850400000000218e-01 1.394687942249155654e-01 1.070567027765831625e-01 7.803131953393585042e-03 4.375695322412916435e-03 5.722593356178913397e-03 1.791256664870006371e-02
8.000000000000000000e+00 4.898288299999999929e-01 2.811252554582489571e-01 2.057949643860179645e-01 1.834586662962624931e-02 1.133612865125875439e-02 1.038065785283989392e-02 5.093074354737767845e-02
8.000000000000000000e+00 4.650737899999999869e-01 1.956949904505834170e-01 1.489638557368386240e-01 1.291461136368415863e-02 7.197880179324222388e-03 9.109840346975064257e-03 3.095624848866030190e-02
8.000000000000000000e+00 4.898288299999999929e-01 2.811252554582489571e-01 2.057949643860179645e-01 1.834586662962624931e-02 1.133612865125875439e-02 1.038065785283989392e-02 5.093074354737767845e-02
8.000000000000000000e+00 4.650737899999999869e-01 1.956949904505834170e-01 1.489638557368386240e-01 1.291461136368415863e-02 7.197880179324222388e-03 9.109840346975064257e-03 3.095624848866030190e-02
8.000000000000000000e+00 4.960175800000000135e-01 2.909755770113445772e-01 2.108524323209937379e-01 1.869197398121075909e-02 1.185754165502352769e-02 9.802430397490749514e-03 5.263559245965894473e-02
8.000000000000000000e+00 4.650737899999999869e-01 1.956949904505834170e-01 1.489638557368386240e-01 1.291461136368415863e-02 7.197880179324222388e-03 9.109840346975064257e-03 3.095624848866030190e-02
8.000000000000000000e+00 4.960175800000000135e-01 2.909755770113445772e-01 2.108524323209937379e-01 1.869197398121075909e-02 1.185754165502352769e-02 9.802430397490749514e-03 5.263559245965894473e-02
8.000000000000000000e+00 4.712625400000000075e-01 2.305473139211415556e-01 1.738909603776473134e-01 1.567516651733617469e-02 8.896697036196995340e-03 1.060324428823926010e-02 3.950349751318604080e-02
8.000000000000000000e+00 5.022063300000000341e-01 2.992860727919748332e-01 2.148303413226596292e-01 1.898325440007738243e-02 1.235135585877514611e-02 9.182884823747676506e-03 5.392556336094517927e-02
8.000000000000000000e+00 4.712625400000000075e-01 2.305473139211415556e-01 1.738909603776473134e-01 1.567516651733617469e-02 8.896697036196995340e-03 1.060324428823926010e-02 3.950349751318604080e-02
8.000000000000000000e+00 5.022063300000000341e-01 2.992860727919748332e-01 2.148303413226596292e-01 1.898325440007738243e-02 1.235135585877514611e-02 9.182884823747676506e-03 5.392556336094517927e-02
8.000000000000000000e+00 4.774513200000000124e-01 2.531166508893379907e-01 1.890664139655942599e-01 1.708835819243750484e-02 9.968815523439058385e-03 1.099210203725342790e-02 4.494008398693831452e-02
8.000000000000000000e+00 5.083950799999999992e-01 3.065640076578936557e-01 2.180246430751097697e-01 1.924466358748247799e-02 1.281726576820346221e-02 8.543033646663700242e-03 5.490331028845926026e-02
8.000000000000000000e+00 4.774513200000000124e-01 2.531166508893379907e-01 1.890664139655942599e-01 1.708835819243750484e-02 9.968815523439058385e-03 1.099210203725342790e-02 4.494008398693831452e-02
8.000000000000000000e+00 5.083950799999999992e-01 3.065640076578936557e-01 2.180246430751097697e-01 1.924466358748247799e-02 1.281726576820346221e-02 8.543033646663700242e-03 5.490331028845926026e-02
8.000000000000000000e+00 4.836400699999999775e-01 2.690408109065191566e-01 1.989592387869709433e-01 1.786670029889424541e-02 1.073225250021365637e-02 1.082700596538128598e-02 4.851518672491593465e-02
8.000000000000000000e+00 5.145838299999999643e-01 3.131327667168962159e-01 2.206402881833636198e-01 1.949145101303187758e-02 1.325667210410690945e-02 7.898613409788261125e-03 5.563779582722596512e-02
8.000000000000000000e+00 4.836400699999999775e-01 2.690408109065191566e-01 1.989592387869709433e-01 1.786670029889424541e-02 1.073225250021365637e-02 1.082700596538128598e-02 4.851518672491593465e-02
8.000000000000000000e+00 5.145838299999999643e-01 3.131327667168962159e-01 2.206402881833636198e-01 1.949145101303187758e-02 1.325667210410690945e-02 7.898613409788261125e-03 5.563779582722596512e-02
8.000000000000000000e+00 4.898288299999999929e-01 2.811252554582489571e-01 2.057949643860179645e-01 1.834586662962624931e-02 1.133612865125875439e-02 1.038065785283989392e-02 5.093074354737767845e-02
8.000000000000000000e+00 5.207726400000000089e-01 3.191897012483626561e-01 2.228355122343041450e-01 1.973429338118601675e-02 1.367577657514335542e-02 7.261940796754451193e-03 5.618879970413271502e-02
8.000000000000000000e+00 4.960175800000000135e-01 2.909755770113445772e-01 2.108524323209937379e-01 1.869197398121075909e-02 1.185754165502352769e-02 9.802430397490749514e-03 5.263559245965894473e-02
8.000000000000000000e+00 5.207726400000000089e-01 3.191897012483626561e-01 2.228355122343041450e-01 1.973429338118601675e-02 1.367577657514335542e-02 7.261940796754451193e-03 5.618879970413271502e-02
8.000000000000000000e+00 4.960175800000000135e-01 2.909755770113445772e-01 2.108524323209937379e-01 1.869197398121075909e-02 1.185754165502352769e-02 9.802430397490749514e-03 5.263559245965894473e-02
8.000000000000000000e+00 5.269613899999999740e-01 3.248476716948704435e-01 2.246986339908802477e-01 1.997759581163470119e-02 1.407599752584906896e-02 6.639676261977858415e-03 5.658749508256320782e-02
8.000000000000000000e+00 5.022063300000000341e-01 2.992860727919748332e-01 2.148303413226596292e-01 1.898325440007738243e-02 1.235135585877514611e-02 9.182884823747676506e-03 5.392556336094517927e-02
8.000000000000000000e+00 5.331501400000000501e-01 3.302137583029303158e-01 2.263123997026100509e-01 2.022455088403833645e-02 1.446010566049921349e-02 6.033794157272608441e-03 5.686853464844589950e-02
8.000000000000000000e+00 5.083950799999999992e-01 3.065640076578936557e-01 2.180246430751097697e-01 1.924466358748247799e-02 1.281726576820346221e-02 8.543033646663700242e-03 5.490331028845926026e-02
8.000000000000000000e+00 5.393388900000000152e-01 3.353467610207714888e-01 2.277315861567740796e-01 2.047924153177875170e-02 1.483231336271999962e-02 5.447229069491135549e-03 5.706029018797367791e-02
8.000000000000000000e+00 5.145838299999999643e-01 3.131327667168962159e-01 2.206402881833636198e-01 1.949145101303187758e-02 1.325667210410690945e-02 7.898613409788261125e-03 5.563779582722596512e-02
8.000000000000000000e+00 5.393388900000000152e-01 3.353467610207714888e-01 2.277315861567740796e-01 2.047924153177875170e-02 1.483231336271999962e-02 5.447229069491135549e-03 5.706029018797367791e-02
8.000000000000000000e+00 5.207726400000000089e-01 3.191897012483626561e-01 2.228355122343041450e-01 1.973429338118601675e-02 1.367577657514335542e-02 7.261940796754451193e-03 5.618879970413271502e-02
8.000000000000000000e+00 5.455276399999999803e-01 3.402617001219878090e-01 2.289632862301357874e-01 2.074513039292852704e-02 1.519373634802992194e-02 4.883661135938645835e-03 5.716901274351849499e-02
8.000000000000000000e+00 5.269613899999999740e-01 3.248476716948704435e-01 2.246986339908802477e-01 1.997759581163470119e-02 1.407599752584906896e-02 6.639676261977858415e-03 5.658749508256320782e-02
8.000000000000000000e+00 5.517163899999999455e-01 3.450517674551386027e-01 2.300569121122225946e-01 2.101935086247173554e-02 1.554036806162818231e-02 4.336861662369686024e-03 5.719690021752582565e-02
8.000000000000000000e+00 5.331501400000000501e-01 3.302137583029303158e-01 2.263123997026100509e-01 2.022455088403833645e-02 1.446010566049921349e-02 6.033794157272608441e-03 5.686853464844589950e-02
8.000000000000000000e+00 5.579051400000000216e-01 3.497624117593133297e-01 2.310017797464918865e-01 2.130007196451937784e-02 1.586499822924145736e-02 3.805934942407720404e-03 5.712246517581720529e-02
8.000000000000000000e+00 5.393388900000000152e-01 3.353467610207714888e-01 2.277315861567740796e-01 2.047924153177875170e-02 1.483231336271999962e-02 5.447229069491135549e-03 5.706029018797367791e-02
8.000000000000000000e+00 5.640938899999999867e-01 3.543651418007472964e-01 2.318595203717793429e-01 2.158356468197154820e-02 1.618493546263663485e-02 3.292040257319274379e-03 5.701309065061494624e-02
8.000000000000000000e+00 5.455276399999999803e-01 3.402617001219878090e-01 2.289632862301357874e-01 2.074513039292852704e-02 1.519373634802992194e-02 4.883661135938645835e-03 5.716901274351849499e-02
8.000000000000000000e+00 5.702826399999999518e-01 3.588681532541692087e-01 2.326240542102962772e-01 2.187041760897586590e-02 1.650179000596034909e-02 2.795025325664372666e-03 5.687416712034919219e-02
8.000000000000000000e+00 5.517163899999999455e-01 3.450517674551386027e-01 2.300569121122225946e-01 2.101935086247173554e-02 1.554036806162818231e-02 4.336861662369686024e-03 5.719690021752582565e-02
8.000000000000000000e+00 5.764714499999999964e-01 3.632790460723360204e-01 2.333090456100910259e-01 2.216023588906511702e-02 1.681435863500062994e-02 2.315113628857493142e-03 5.671244109007855805e-02
8.000000000000000000e+00 5.579051400000000216e-01 3.497624117593133297e-01 2.310017797464918865e-01 2.130007196451937784e-02 1.586499822924145736e-02 3.805934942407720404e-03 5.712246517581720529e-02
8.000000000000000000e+00 5.888489500000000376e-01 3.718918870212005179e-01 2.344854773213883026e-01 2.274669341262577915e-02 1.743014909361402173e-02 1.396198883139977785e-03 5.634762342229160392e-02
8.000000000000000000e+00 5.640938899999999867e-01 3.543651418007472964e-01 2.318595203717793429e-01 2.158356468197154820e-02 1.618493546263663485e-02 3.292040257319274379e-03 5.701309065061494624e-02
8.000000000000000000e+00 5.950377000000000027e-01 3.761051901746547133e-01 2.349863052934684227e-01 2.304633527381486080e-02 1.773386827329995544e-02 9.553122484355212234e-04 5.615078653778959872e-02
8.000000000000000000e+00 5.764714499999999964e-01 3.632790460723360204e-01 2.333090456100910259e-01 2.216023588906511702e-02 1.681435863500062994e-02 2.315113628857493142e-03 5.671244109007855805e-02
8.000000000000000000e+00 6.012264499999999678e-01 3.802690512648945198e-01 2.354312688669050468e-01 2.335013082021459435e-02 1.803521257885841098e-02 5.279815431764555951e-04 5.594984065906782877e-02
8.000000000000000000e+00 5.826601999999999615e-01 3.676180554430452663e-01 2.339281888620875494e-01 2.245218315565840339e-02 1.712379799910231440e-02 1.849063889284066490e-03 5.653585115525390503e-02
8.000000000000000000e+00 6.136039500000000091e-01 3.884525600265217316e-01 2.362633348313300519e-01 2.397398466554401253e-02 1.864930431493469140e-02 -2.948485811697992495e-04 5.560631303758607757e-02
8.000000000000000000e+00 5.950377000000000027e-01 3.761051901746547133e-01 2.349863052934684227e-01 2.304633527381486080e-02 1.773386827329995544e-02 9.553122484355212234e-04 5.615078653778959872e-02
8.000000000000000000e+00 6.197926999999999742e-01 3.924940826300539753e-01 2.366511226112342492e-01 2.429015563016890741e-02 1.895793341992192682e-02 -6.942679883063234293e-04 5.545265972501155910e-02
8.000000000000000000e+00 6.012264499999999678e-01 3.802690512648945198e-01 2.354312688669050468e-01 2.335013082021459435e-02 1.803521257885841098e-02 5.279815431764555951e-04 5.594984065906782877e-02
8.000000000000000000e+00 6.321702599999999839e-01 4.005260766000000028e-01 2.373213023000000088e-01 2.491796574999999986e-02 1.956916972999999879e-02 -1.476559672000000035e-03 5.514530092000000105e-02
8.000000000000000000e+00 6.136039500000000091e-01 3.884525600265217316e-01 2.362633348313300519e-01 2.397398466554401253e-02 1.864930431493469140e-02 -2.948485811697992495e-04 5.560631303758607757e-02
8.000000000000000000e+00 6.445477600000000251e-01 4.084702428800395801e-01 2.378482073801731211e-01 2.553317879525853623e-02 2.017218058573738704e-02 -2.242115062228767532e-03 5.484852568183033739e-02
8.000000000000000000e+00 6.259814500000000503e-01 3.965184390349731358e-01 2.369987517943828725e-01 2.460481971491555384e-02 1.926495506503904040e-02 -1.087449251646845170e-03 5.529829860249421691e-02
8.000000000000000000e+00 6.507365099999999902e-01 4.124047750913955590e-01 2.380615621724203046e-01 2.583567794089689992e-02 2.047030624146224664e-02 -2.618123728394559924e-03 5.470797421816864237e-02
8.000000000000000000e+00 6.383590099999999490e-01 4.045099316712549298e-01 2.376028000909029270e-01 2.522694132001492701e-02 1.987187005021772562e-02 -1.861244078568267089e-03 5.499495566485865933e-02
8.000000000000000000e+00 6.631140100000000315e-01 4.201931050847110827e-01 2.383895813694751065e-01 2.643278420756904265e-02 2.106095098819310910e-02 -3.357136078822331188e-03 5.444811287672571276e-02
8.000000000000000000e+00 6.507365099999999902e-01 4.124047750913955590e-01 2.380615621724203046e-01 2.583567794089689992e-02 2.047030624146224664e-02 -2.618123728394559924e-03 5.470797421816864237e-02
8.000000000000000000e+00 6.754915099999999617e-01 4.279063034802658150e-01 2.385229020889309548e-01 2.702019355466122111e-02 2.162091799058201910e-02 -4.069633679892810905e-03 5.416316543367812736e-02
8.000000000000000000e+00 6.631140100000000315e-01 4.201931050847110827e-01 2.383895813694751065e-01 2.643278420756904265e-02 2.106095098819310910e-02 -3.357136078822331188e-03 5.444811287672571276e-02
8.000000000000000000e+00 6.940578200000000475e-01 4.392409609665665071e-01 2.383965105254844397e-01 2.788772237800130060e-02 2.241812636678061979e-02 -5.076006868888285201e-03 5.378488828116921583e-02
8.000000000000000000e+00 6.816802600000000378e-01 4.317130135082866693e-01 2.385165095021691828e-01 2.731137899119339199e-02 2.189003294868246269e-02 -4.411478411003407450e-03 5.402617533648421122e-02
8.000000000000000000e+00 7.064353199999999777e-01 4.466569407283462745e-01 2.381504774627862808e-01 2.844755897425382818e-02 2.292666759608735436e-02 -5.714458735938805940e-03 5.358677361274969547e-02
8.000000000000000000e+00 6.940578200000000475e-01 4.392409609665665071e-01 2.383965105254844397e-01 2.788772237800130060e-02 2.241812636678061979e-02 -5.076006868888285201e-03 5.378488828116921583e-02
8.000000000000000000e+00 7.188128200000000190e-01 4.539870898518145736e-01 2.377793790110011574e-01 2.899939179291552774e-02 2.341926270972560786e-02 -6.329248963280824890e-03 5.342002962189756898e-02
8.000000000000000000e+00 7.126240700000000539e-01 4.503335041177838893e-01 2.379875481789800740e-01 2.872355268621189922e-02 2.317494886964551956e-02 -6.025964242997537863e-03 5.349860344274053048e-02
8.000000000000000000e+00 7.373790700000000253e-01 4.648355222154016420e-01 2.370400877797772532e-01 2.983126212638130895e-02 2.413295380338961044e-02 -7.198284191750466306e-03 5.323251340491939876e-02
8.000000000000000000e+00 7.621341299999999652e-01 4.792349907251718943e-01 2.359138580443340405e-01 3.091067055339496994e-02 2.507179212306992477e-02 -8.321054065525858648e-03 5.309518429461716066e-02
8.000000000000000000e+00 7.311903199999999492e-01 4.612360872776238852e-01 2.373114527508398686e-01 2.955409866942339259e-02 2.389655806401629404e-02 -6.914130699928461646e-03 5.328522253983037499e-02
8.000000000000000000e+00 7.559453800000000001e-01 4.756573412925526601e-01 2.362288835197016434e-01 3.064428995552495247e-02 2.484367212239038322e-02 -8.044527641846651450e-03 5.312692376381266540e-02
8.000000000000000000e+00 7.807003900000000218e-01 4.898442054905788878e-01 2.347777930071222319e-01 3.168830666107676219e-02 2.571649863589859156e-02 -9.121777674833084562e-03 5.301739646556005020e-02
8.000000000000000000e+00 7.497566300000000350e-01 4.720713769487258071e-01 2.365310342775686359e-01 3.037683274605532807e-02 2.461316233854593874e-02 -7.766510634513793844e-03 5.315967279362069503e-02
8.000000000000000000e+00 7.745116399999999457e-01 4.863212135755098919e-01 2.351795282949051269e-01 3.143122811523638149e-02 2.550754339868949519e-02 -8.858269281119482072e-03 5.304177103148891709e-02
8.000000000000000000e+00 7.992666999999999966e-01 5.002878330247906291e-01 2.334358390710681297e-01 3.244023785557401812e-02 2.631706198297023916e-02 -9.892194694151477605e-03 5.295852197727728139e-02
8.000000000000000000e+00 7.683228899999999806e-01 4.827794461614561827e-01 2.355577644944163440e-01 3.117117679010004277e-02 2.529087307505176879e-02 -8.590162948607824381e-03 5.306886879810723129e-02
8.000000000000000000e+00 7.930779500000000315e-01 4.968283498036805135e-01 2.338978048790219533e-01 3.219382482121003336e-02 2.612195363556306382e-02 -9.639585566515130807e-03 5.297458915883637709e-02
8.000000000000000000e+00 8.178329500000000030e-01 5.105561035596147823e-01 2.317955192662852493e-01 3.314956289699894781e-02 2.686268472538379942e-02 -1.062241953714678118e-02 5.289605258684965811e-02
8.000000000000000000e+00 7.868891399999999869e-01 4.933472895624013144e-01 2.343658503823636274e-01 3.194299730022263917e-02 2.592170997589420336e-02 -9.381751704977457293e-03 5.299708618473251975e-02
8.000000000000000000e+00 8.116442000000000379e-01 5.071401019318935166e-01 2.324049320553512876e-01 3.291851295066852701e-02 2.669236073632542602e-02 -1.038907761196473760e-02 5.292274428490471166e-02
8.000000000000000000e+00 8.363992000000000093e-01 5.207262052013580389e-01 2.298190442375613873e-01 3.381727271373157623e-02 2.734413562776292703e-02 -1.128779360251480623e-02 5.282438173185784874e-02
8.000000000000000000e+00 8.116442000000000379e-01 5.071401019318935166e-01 2.324049320553512876e-01 3.291851295066852701e-02 2.669236073632542602e-02 -1.038907761196473760e-02 5.292274428490471166e-02
8.000000000000000000e+00 8.363992000000000093e-01 5.207262052013580389e-01 2.298190442375613873e-01 3.381727271373157623e-02 2.734413562776292703e-02 -1.128779360251480623e-02 5.282438173185784874e-02
8.000000000000000000e+00 8.611542599999999492e-01 5.340735325104324360e-01 2.269506302924896857e-01 3.465091070472647167e-02 2.791479419504622542e-02 -1.211277959293210506e-02 5.275196209711734141e-02
8.000000000000000000e+00 8.302104500000000442e-01 5.173510327725050484e-01 2.305082228993282356e-01 3.360009575474898896e-02 2.718982665732122550e-02 -1.107038846484853511e-02 5.284918843917744274e-02
8.000000000000000000e+00 8.549655099999999841e-01 5.307514081736011136e-01 2.276906368608542786e-01 3.444763279569271197e-02 2.777786743425021340e-02 -1.191240183475548650e-02 5.276661738526389200e-02
8.000000000000000000e+00 8.797205099999999556e-01 5.439867977778676256e-01 2.246558217839309535e-01 3.524606304870359086e-02 2.829465271809502094e-02 -1.268310009693612503e-02 5.273371562033968285e-02
