1.000000000000000000e+00 4.643702499999999844e-01 -4.074432884498953300e-02 3.263452867962630261e-02 6.037267044955061182e-03 3.619013378594450846e-03 -4.546980117745067981e-03 8.038412325561586358e-03
1.000000000000000000e+00 4.536418600000000079e-01 -1.117733479762430746e-02 8.750668623726517992e-03 9.006692836242368274e-04 5.391195839597927525e-04 -6.945496260360548447e-04 1.226020619679365087e-03
1.000000000000000000e+00 4.643702499999999844e-01 -4.074432884498953300e-02 3.263452867962630261e-02 6.037267044955061182e-03 3.619013378594450846e-03 -4.546980117745067981e-03 8.038412325561586358e-03
1.000000000000000000e+00 4.536418600000000079e-01 -1.117733479762430746e-02 8.750668623726517992e-03 9.006692836242368274e-04 5.391195839597927525e-04 -6.945496260360548447e-04 1.226020619679365087e-03
1.000000000000000000e+00 4.643702499999999844e-01 -4.074432884498953300e-02 3.263452867962630261e-02 6.037267044955061182e-03 3.619013378594450846e-03 -4.546980117745067981e-03 8.038412325561586358e-03
1.000000000000000000e+00 4.536418600000000079e-01 -1.117733479762430746e-02 8.750668623726517992e-03 9.006692836242368274e-04 5.391195839597927525e-04 -6.945496260360548447e-04 1.226020619679365087e-03
1.000000000000000000e+00 4.697344299999999806e-01 -5.395977498090583774e-02 4.365552155363401632e-02 8.277542763709132972e-03 5.001536492680268113e-03 -6.152758285194386695e-03 1.096053684657569138e-02
1.000000000000000000e+00 4.536418600000000079e-01 -1.117733479762430746e-02 8.750668623726517992e-03 9.006692836242368274e-04 5.391195839597927525e-04 -6.945496260360548447e-04 1.226020619679365087e-03
1.000000000000000000e+00 4.697344299999999806e-01 -5.395977498090583774e-02 4.365552155363401632e-02 8.277542763709132972e-03 5.001536492680268113e-03 -6.152758285194386695e-03 1.096053684657569138e-02
1.000000000000000000e+00 4.536418600000000079e-01 -1.117733479762430746e-02 8.750668623726517992e-03 9.006692836242368274e-04 5.391195839597927525e-04 -6.945496260360548447e-04 1.226020619679365087e-03
1.000000000000000000e+00 4.697344299999999806e-01 -5.395977498090583774e-02 4.365552155363401632e-02 8.277542763709132972e-03 5.001536492680268113e-03 -6.152758285194386695e-03 1.096053684657569138e-02
1.000000000000000000e+00 4.536418600000000079e-01 -1.117733479762430746e-02 8.750668623726517992e-03 9.006692836242368274e-04 5.391195839597927525e-04 -6.945496260360548447e-04 1.226020619679365087e-03
1.000000000000000000e+00 4.697344299999999806e-01 -5.395977498090583774e-02 4.365552155363401632e-02 8.277542763709132972e-03 5.001536492680268113e-03 -6.152758285194386695e-03 1.096053684657569138e-02
1.000000000000000000e+00 4.536418600000000079e-01 -1.117733479762430746e-02 8.750668623726517992e-03 9.006692836242368274e-04 5.391195839597927525e-04 -6.945496260360548447e-04 1.226020619679365087e-03
1.000000000000000000e+00 4.697344299999999806e-01 -5.395977498090583774e-02 4.365552155363401632e-02 8.277542763709132972e-03 5.001536492680268113e-03 -6.152758285194386695e-03 1.096053684657569138e-02
1.000000000000000000e+00 4.536418600000000079e-01 -1.117733479762430746e-02 8.750668623726517992e-03 9.006692836242368274e-04 5.391195839597927525e-04 -6.945496260360548447e-04 1.226020619679365087e-03
1.000000000000000000e+00 4.697344299999999806e-01 -5.395977498090583774e-02 4.365552155363401632e-02 8.277542763709132972e-03 5.001536492680268113e-03 -6.152758285194386695e-03 1.096053684657569138e-02
1.000000000000000000e+00 4.536418600000000079e-01 -1.117733479762430746e-02 8.750668623726517992e-03 9.006692836242368274e-04 5.391195839597927525e-04 -6.945496260360548447e-04 1.226020619679365087e-03
1.000000000000000000e+00 4.750986099999999768e-01 -6.567578037076172992e-02 5.362044663543769074e-02 1.000265872361041398e-02 6.110164819067277937e-03 -7.334128969096080815e-03 1.323470476199260434e-02
1.000000000000000000e+00 4.536418600000000079e-01 -1.117733479762430746e-02 8.750668623726517992e-03 9.006692836242368274e-04 5.391195839597927525e-04 -6.945496260360548447e-04 1.226020619679365087e-03
1.000000000000000000e+00 4.750986099999999768e-01 -6.567578037076172992e-02 5.362044663543769074e-02 1.000265872361041398e-02 6.110164819067277937e-03 -7.334128969096080815e-03 1.323470476199260434e-02
1.000000000000000000e+00 4.536418600000000079e-01 -1.117733479762430746e-02 8.750668623726517992e-03 9.006692836242368274e-04 5.391195839597927525e-04 -6.945496260360548447e-04 1.226020619679365087e-03
1.000000000000000000e+00 4.750986099999999768e-01 -6.567578037076172992e-02 5.362044663543769074e-02 1.000265872361041398e-02 6.110164819067277937e-03 -7.334128969096080815e-03 1.323470476199260434e-02
1.000000000000000000e+00 4.536418600000000079e-01 -1.117733479762430746e-02 8.750668623726517992e-03 9.006692836242368274e-04 5.391195839597927525e-04 -6.945496260360548447e-04 1.226020619679365087e-03
1.000000000000000000e+00 4.750986099999999768e-01 -6.567578037076172992e-02 5.362044663543769074e-02 1.000265872361041398e-02 6.110164819067277937e-03 -7.334128969096080815e-03 1.323470476199260434e-02
1.000000000000000000e+00 4.536418600000000079e-01 -1.117733479762430746e-02 8.750668623726517992e-03 9.006692836242368274e-04 5.391195839597927525e-04 -6.945496260360548447e-04 1.226020619679365087e-03
1.000000000000000000e+00 4.804627899999999729e-01 -7.590858720424800699e-02 6.249482629884187124e-02 1.126916435413912072e-02 6.972042905904141108e-03 -8.143910255302744955e-03 1.495084643931895996e-02
1.000000000000000000e+00 4.536418600000000079e-01 -1.117733479762430746e-02 8.750668623726517992e-03 9.006692836242368274e-04 5.391195839597927525e-04 -6.945496260360548447e-04 1.226020619679365087e-03
1.000000000000000000e+00 4.804627899999999729e-01 -7.590858720424800699e-02 6.249482629884187124e-02 1.126916435413912072e-02 6.972042905904141108e-03 -8.143910255302744955e-03 1.495084643931895996e-02
1.000000000000000000e+00 4.536418600000000079e-01 -1.117733479762430746e-02 8.750668623726517992e-03 9.006692836242368274e-04 5.391195839597927525e-04 -6.945496260360548447e-04 1.226020619679365087e-03
1.000000000000000000e+00 4.804627899999999729e-01 -7.590858720424800699e-02 6.249482629884187124e-02 1.126916435413912072e-02 6.972042905904141108e-03 -8.143910255302744955e-03 1.495084643931895996e-02
1.000000000000000000e+00 4.536418600000000079e-01 -1.117733479762430746e-02 8.750668623726517992e-03 9.006692836242368274e-04 5.391195839597927525e-04 -6.945496260360548447e-04 1.226020619679365087e-03
1.000000000000000000e+00 4.858270000000000088e-01 -8.475146599132539482e-02 7.031414798825968981e-02 1.217184414969920379e-02 7.636176527806943712e-03 -8.662122364183892642e-03 1.623095032613490127e-02
1.000000000000000000e+00 4.536418600000000079e-01 -1.117733479762430746e-02 8.750668623726517992e-03 9.006692836242368274e-04 5.391195839597927525e-04 -6.945496260360548447e-04 1.226020619679365087e-03
1.000000000000000000e+00 4.858270000000000088e-01 -8.475146599132539482e-02 7.031414798825968981e-02 1.217184414969920379e-02 7.636176527806943712e-03 -8.662122364183892642e-03 1.623095032613490127e-02
1.000000000000000000e+00 4.590060400000000040e-01 -2.629919728524206940e-02 2.083040295249671131e-02 3.385470344812643948e-03 2.021968936633954279e-03 -2.583258327274624670e-03 4.555979401990092187e-03
1.000000000000000000e+00 4.858270000000000088e-01 -8.475146599132539482e-02 7.031414798825968981e-02 1.217184414969920379e-02 7.636176527806943712e-03 -8.662122364183892642e-03 1.623095032613490127e-02
1.000000000000000000e+00 4.590060400000000040e-01 -2.629919728524206940e-02 2.083040295249671131e-02 3.385470344812643948e-03 2.021968936633954279e-03 -2.583258327274624670e-03 4.555979401990092187e-03
1.000000000000000000e+00 4.911911800000000050e-01 -9.236531130703559689e-02 7.718156435200543286e-02 1.280432578399301816e-02 8.152146930437543723e-03 -8.965363764920514580e-03 1.718740742773473482e-02
1.000000000000000000e+00 4.590060400000000040e-01 -2.629919728524206940e-02 2.083040295249671131e-02 3.385470344812643948e-03 2.021968936633954279e-03 -2.583258327274624670e-03 4.555979401990092187e-03
1.000000000000000000e+00 1.387010300000000029e+00 9.653435894885729063e-01 2.473213960346680364e-03 3.034924273587671223e-02 2.607833395350686242e-02 -8.360036736310123492e-03 4.317420518967537285e-02
1.000000000000000000e+00 1.365553599999999923e+00 9.622730587285407422e-01 2.341541116632665266e-03 3.106815808896752282e-02 2.600458630500752932e-02 -8.419994352217427189e-03 4.420336422930538911e-02
1.000000000000000000e+00 1.440652299999999997e+00 9.715535691265343443e-01 2.544149635091815832e-03 2.919992915155523311e-02 2.621383593517706903e-02 -8.400702023184526690e-03 4.125793143158945631e-02
1.000000000000000000e+00 1.424559700000000095e+00 9.698222266976751493e-01 2.523137704151808425e-03 2.950011029900604514e-02 2.618115765442385195e-02 -8.368139133111525407e-03 4.178603779127620238e-02
1.000000000000000000e+00 1.499658300000000111e+00 9.780261463106040276e-01 2.406326068820986968e-03 2.841647934741220113e-02 2.617610639940427114e-02 -8.612311278681830315e-03 3.976856636052109040e-02
1.000000000000000000e+00 1.478201499999999946e+00 9.754499782794546769e-01 2.445509902759161053e-03 2.865225275246793823e-02 2.621455118195008607e-02 -8.513051044418512917e-03 4.027170711177278234e-02
1.000000000000000000e+00 1.558664300000000003e+00 9.852557158265835557e-01 2.256691304910666933e-03 2.795472942765838201e-02 2.585113818499003985e-02 -8.854306282507768203e-03 3.862517740654442672e-02
1.000000000000000000e+00 1.542571799999999937e+00 9.833521865040534271e-01 2.300847763652741265e-03 2.807493493658563127e-02 2.599418342462407258e-02 -8.813908414458178353e-03 3.892827000960687178e-02
1.000000000000000000e+00 1.623034599999999994e+00 9.923589830123737965e-01 2.058410540336853920e-03 2.758038230271401062e-02 2.521719404718610752e-02 -8.968626138127296435e-03 3.761015081379473490e-02
1.000000000000000000e+00 1.606942099999999929e+00 9.907227201519893667e-01 2.103471080683621229e-03 2.757203207394229999e-02 2.546833203886896685e-02 -9.012039640467987139e-03 3.783717692322340759e-02
1.000000000000000000e+00 1.692769100000000027e+00 1.001478320347416684e+00 1.943353376041479516e-03 2.709749501033954094e-02 2.425077852421721886e-02 -9.037604566085049793e-03 3.631521677158627143e-02
1.000000000000000000e+00 1.676676499999999903e+00 9.994081243419308258e-01 1.963207050005440994e-03 2.720937328038734726e-02 2.450881730924172816e-02 -9.028380726093264419e-03 3.662978137182738847e-02
1.000000000000000000e+00 1.762503500000000001e+00 1.010500430355305124e+00 1.849764038600774756e-03 2.662298460070840200e-02 2.309934244506106280e-02 -9.011693302318723314e-03 3.506037602384096813e-02
1.000000000000000000e+00 1.751775000000000082e+00 1.009111281649320624e+00 1.874197798742984486e-03 2.671082337750043875e-02 2.328218935885081192e-02 -9.019393486300894200e-03 3.526198538973944474e-02
1.000000000000000000e+00 1.837601999999999958e+00 1.020542976436151772e+00 1.771658078487327488e-03 2.593742888366826205e-02 2.179203402421698438e-02 -8.826771821903505941e-03 3.362262659154571093e-02
1.000000000000000000e+00 1.821509499999999893e+00 1.018360855727678649e+00 1.770493229984597709e-03 2.609395030407462429e-02 2.207554282701210818e-02 -8.889328606600558139e-03 3.393901472431577748e-02
1.000000000000000000e+00 1.918064800000000014e+00 1.031546469536001487e+00 1.850589625277686973e-03 2.495692156023721769e-02 2.033827701135216409e-02 -8.393225455149803949e-03 3.184941113763575110e-02
1.000000000000000000e+00 1.907336499999999990e+00 1.030088547685965361e+00 1.840293094508457707e-03 2.510062009689953411e-02 2.053596588514682367e-02 -8.456799972671008928e-03 3.209473503506649061e-02
1.000000000000000000e+00 1.891243900000000089e+00 1.027898426218784467e+00 1.822227671080323521e-03 2.531556644165371128e-02 2.083184074574002953e-02 -8.551521423124153198e-03 3.246206497023296222e-02
1.000000000000000000e+00 1.982435100000000006e+00 1.040088653055269097e+00 1.854624365586484075e-03 2.399420190173761833e-02 1.913692070190484151e-02 -7.978203756125150023e-03 3.026725369714920733e-02
1.000000000000000000e+00 1.971706699999999923e+00 1.038648479644517453e+00 1.854396897246108050e-03 2.416391558244962781e-02 1.933837585403961820e-02 -8.053191320788971250e-03 3.053829380810361982e-02
1.000000000000000000e+00 1.960978399999999899e+00 1.037226678459153506e+00 1.857116231855002447e-03 2.433054317844965397e-02 1.953841352467661913e-02 -8.124006838921223744e-03 3.080905387162267278e-02
1.000000000000000000e+00 2.041441199999999956e+00 1.048029422733677052e+00 1.816319071716744355e-03 2.304956506251812018e-02 1.800233501930661312e-02 -7.549082409638153621e-03 2.876968687122589963e-02
1.000000000000000000e+00 2.030712799999999874e+00 1.046600813240606165e+00 1.830892221929990207e-03 2.322399872182305883e-02 1.821318167068728539e-02 -7.627603911548115796e-03 2.904447463605598634e-02
1.000000000000000000e+00 2.019984500000000072e+00 1.045159938154761603e+00 1.840356262349568959e-03 2.339497928742763702e-02 1.842103309284186946e-02 -7.705579861085114397e-03 2.931657951620980640e-02
1.000000000000000000e+00 2.100447200000000070e+00 1.055817368812703050e+00 1.761015605654699893e-03 2.197198712354793415e-02 1.685206177711517234e-02 -7.072296268269453144e-03 2.720421120218446606e-02
1.000000000000000000e+00 2.089718799999999987e+00 1.054417130515957313e+00 1.769861220682770195e-03 2.218141815906498476e-02 1.705931908698019028e-02 -7.164519442694719693e-03 2.749419077266647762e-02
1.000000000000000000e+00 2.078990500000000186e+00 1.053016072348455401e+00 1.778510248576442056e-03 2.239048214845709359e-02 1.726655955789610508e-02 -7.256615554156567102e-03 2.778399066124241645e-02
1.000000000000000000e+00 2.154089200000000037e+00 1.062424419570400014e+00 1.736864332166667508e-03 2.086804460387082366e-02 1.582623481840000901e-02 -6.582887958807293917e-03 2.573419953982917716e-02
1.000000000000000000e+00 2.143360599999999838e+00 1.061137555196254523e+00 1.739463541891211711e-03 2.109483847997252123e-02 1.603092467635647625e-02 -6.685703672512970097e-03 2.602945682476841618e-02
1.000000000000000000e+00 2.132632300000000036e+00 1.059843903320327962e+00 1.743640035022767966e-03 2.132226247311703668e-02 1.623596352812639934e-02 -6.788516000509217316e-03 2.632545185872386603e-02
1.000000000000000000e+00 2.202366800000000069e+00 1.067876335785368003e+00 1.748174654440028553e-03 1.982539210564173912e-02 1.492491324520968908e-02 -6.073120832302833852e-03 2.439279004538932177e-02
1.000000000000000000e+00 2.197002599999999806e+00 1.067281717547689635e+00 1.746776283629825587e-03 1.994296828630791676e-02 1.502391228056436726e-02 -6.131628131438567574e-03 2.454361457474943040e-02
1.000000000000000000e+00 2.186274300000000004e+00 1.066087962112716170e+00 1.747351954463517189e-03 2.017643094238618165e-02 1.522327475417230638e-02 -6.248641183930057040e-03 2.484460891943894578e-02
1.000000000000000000e+00 2.250644400000000100e+00 1.072993393400790918e+00 1.724526822057804304e-03 1.875478870607430112e-02 1.405092129569215226e-02 -5.527341308026230242e-03 2.302673768518008479e-02
1.000000000000000000e+00 2.245280300000000118e+00 1.072445157474957833e+00 1.732877868067436364e-03 1.886994691007718578e-02 1.414696159125481204e-02 -5.587064748446844524e-03 2.317397389675281485e-02
1.000000000000000000e+00 2.234551900000000035e+00 1.071320771265589666e+00 1.743539825389606168e-03 1.910624668437143139e-02 1.434085716650024267e-02 -5.709961137236808232e-03 2.347620223737716116e-02
1.000000000000000000e+00 2.298922099999999968e+00 1.077697161486021793e+00 1.646317716954591188e-03 1.774500415646040538e-02 1.319193306965290441e-02 -4.989690196343840242e-03 2.174445141783747093e-02
1.000000000000000000e+00 2.288193699999999886e+00 1.076693653713387100e+00 1.668098738003717186e-03 1.796973316161211420e-02 1.338294992372426016e-02 -5.110084113127038100e-03 2.202614776859828857e-02
1.000000000000000000e+00 2.341835699999999854e+00 1.081433292942021618e+00 1.561566336160604687e-03 1.682058988924404336e-02 1.243291581419045388e-02 -4.501530862401162750e-03 2.062330864242824593e-02
1.000000000000000000e+00 2.331107400000000052e+00 1.080540539843192649e+00 1.586121104956543905e-03 1.705373031499279185e-02 1.262289153983025408e-02 -4.626367914135956320e-03 2.090191411960938203e-02
1.000000000000000000e+00 2.379385000000000083e+00 1.084302187357015557e+00 1.477846747251104200e-03 1.599438291183198288e-02 1.178239836497972128e-02 -4.070010443322906804e-03 1.966135563498401864e-02
1.000000000000000000e+00 2.374020799999999820e+00 1.083918093930617443e+00 1.492552269025674205e-03 1.610988783229034063e-02 1.187381173562593491e-02 -4.133237237207086114e-03 1.979541816439681079e-02
1.000000000000000000e+00 2.416934299999999869e+00 1.086735966870526093e+00 1.387224289393316655e-03 1.517881625601098620e-02 1.115286457416445574e-02 -3.618626495336091375e-03 1.873813079746445079e-02
1.000000000000000000e+00 2.411570100000000050e+00 1.086415053675099607e+00 1.401373111146114910e-03 1.529772051934465832e-02 1.124180248576273425e-02 -3.684858911280665568e-03 1.886916837601129368e-02
1.000000000000000000e+00 2.454483499999999818e+00 1.088779091592381176e+00 1.286826709301735865e-03 1.438037230438742563e-02 1.053626663738467355e-02 -3.164732933955832338e-03 1.784886067276212837e-02
1.000000000000000000e+00 2.449119299999999999e+00 1.088536141436512006e+00 1.304887193768955759e-03 1.448431113783325321e-02 1.062411117409558028e-02 -3.227288952181795248e-03 1.796971143446074448e-02
1.000000000000000000e+00 2.486668599999999785e+00 1.090100169459931267e+00 1.183920142179269858e-03 1.378165348696460540e-02 1.000781335576581173e-02 -2.800365300996452561e-03 1.713642635675441048e-02
1.000000000000000000e+00 2.481304399999999966e+00 1.089902758742388178e+00 1.201993110584428058e-03 1.387797587569571112e-02 1.009606395516363456e-02 -2.859654448369246781e-03 1.725336179259222280e-02
1.000000000000000000e+00 2.518853899999999868e+00 1.090900539959665183e+00 1.051366458832536177e-03 1.321223290222523807e-02 9.477466394102702224e-03 -2.453482742311332513e-03 1.645027293209547214e-02
1.000000000000000000e+00 2.513489700000000049e+00 1.090828418469954153e+00 1.074311892837547704e-03 1.330561510709019069e-02 9.565265297417078691e-03 -2.511257552834740472e-03 1.656130377931484821e-02
1.000000000000000000e+00 2.551038999999999835e+00 1.091131686900883357e+00 9.187972511624842081e-04 1.266146883975269484e-02 8.956463691687403111e-03 -2.101565250456052282e-03 1.579549869730199549e-02
1.000000000000000000e+00 2.545674800000000015e+00 1.091124176997688711e+00 9.413734116411646372e-04 1.275200863684015917e-02 9.042353385078319428e-03 -2.161199471012946027e-03 1.590292344005540467e-02
1.000000000000000000e+00 2.577859899999999982e+00 1.090836643536578610e+00 8.152146865048520751e-04 1.223069770321034283e-02 8.538367835952836299e-03 -1.792426790840052258e-03 1.528022120517241733e-02
1.000000000000000000e+00 2.572495700000000163e+00 1.090952276978443436e+00 8.365968784139069317e-04 1.231183668487398179e-02 8.620762250639943391e-03 -1.855058351324155455e-03 1.537878064162644109e-02
1.000000000000000000e+00 2.604680800000000129e+00 1.090047716136697042e+00 7.088335895398700142e-04 1.183847398465531602e-02 8.129099966135150054e-03 -1.479052553093658127e-03 1.480248251326027852e-02
1.000000000000000000e+00 2.599316599999999866e+00 1.090245723889261553e+00 7.303450718694214127e-04 1.191449626748353197e-02 8.210517420466210969e-03 -1.541705417960556558e-03 1.489523047812947240e-02
1.000000000000000000e+00 2.631501699999999833e+00 1.088678835308259263e+00 5.952963875766072426e-04 1.148065894977395689e-02 7.725287316645951599e-03 -1.166077622625733912e-03 1.435933968032988665e-02
1.000000000000000000e+00 2.626137500000000014e+00 1.089006900694208690e+00 6.183684820943801492e-04 1.154806924716648281e-02 7.806062622708899099e-03 -1.228523149794184246e-03 1.444493226021868228e-02
1.000000000000000000e+00 2.652958400000000161e+00 1.087114095414929871e+00 4.977619631174290101e-04 1.123176135436747269e-02 7.401551480525004473e-03 -9.182287976359207373e-04 1.403188415759129559e-02
1.000000000000000000e+00 2.647594199999999898e+00 1.087558270952797335e+00 5.225862255477671092e-04 1.128987331032147053e-02 7.482413864133829855e-03 -9.795584819765673287e-04 1.411047504800603224e-02
1.000000000000000000e+00 2.674415100000000045e+00 1.085151316175517744e+00 3.932796859025993255e-04 1.101197686767813218e-02 7.079639185386087108e-03 -6.729680089767954608e-04 1.372726184640531144e-02
1.000000000000000000e+00 2.669050899999999782e+00 1.085676792109115718e+00 4.207723648880132804e-04 1.106458095495844313e-02 7.159827755596241509e-03 -7.343330234078897668e-04 1.380164779435860689e-02
1.000000000000000000e+00 2.695872099999999882e+00 1.082769031952887540e+00 2.838222237929759390e-04 1.082749642020642937e-02 6.762579078859696884e-03 -4.333387184969920091e-04 1.344840190658849570e-02
1.000000000000000000e+00 2.690507900000000063e+00 1.083407281691185275e+00 3.113772562948291067e-04 1.086956254373781794e-02 6.841563923031150803e-03 -4.923865734145751929e-04 1.351514445313557050e-02
1.000000000000000000e+00 2.717328800000000211e+00 1.079900978075625462e+00 1.561443619135222778e-04 1.068668805969078851e-02 6.447208853443459411e-03 -2.039071658001004263e-04 1.320140888132489629e-02
1.000000000000000000e+00 2.711964599999999947e+00 1.080665469985021332e+00 1.900104953131437769e-04 1.071809143148657467e-02 6.526056779918563457e-03 -2.600143930856182897e-04 1.326030593724892258e-02
1.000000000000000000e+00 2.733421299999999832e+00 1.077394847155561219e+00 5.463932538409161532e-05 1.060650230343328226e-02 6.209910765589248156e-03 -3.856530734364788104e-05 1.303488787438568559e-02
1.000000000000000000e+00 2.733421299999999832e+00 1.077394847155561219e+00 5.463932538409161532e-05 1.060650230343328226e-02 6.209910765589248156e-03 -3.856530734364788104e-05 1.303488787438568559e-02
1.000000000000000000e+00 2.754878000000000160e+00 1.073450573526602003e+00 -9.138561947154698220e-05 1.052042579483158935e-02 5.894884646060335846e-03 1.731800469114943208e-04 1.283239427338951112e-02
1.000000000000000000e+00 2.749513900000000177e+00 1.074490063217475422e+00 -5.315684234740947970e-05 1.054052063888396076e-02 5.973524831883816194e-03 1.203206804999527743e-04 1.288157203912197561e-02
1.000000000000000000e+00 2.770970600000000061e+00 1.070053693193718791e+00 -2.056221829761722226e-04 1.047309763143249722e-02 5.658766936370778627e-03 3.266405983174796028e-04 1.269581900431568031e-02
1.000000000000000000e+00 2.765606399999999798e+00 1.071234107626561238e+00 -1.668282568361585108e-04 1.048634388927280683e-02 5.737569692958472377e-03 2.760094362331115027e-04 1.273948049572719114e-02
1.000000000000000000e+00 2.787063100000000126e+00 1.066295867281701337e+00 -3.283828611342451301e-04 1.044652706674493482e-02 5.421053479160654193e-03 4.740845817143174456e-04 1.257388310030534834e-02
1.000000000000000000e+00 2.781698899999999863e+00 1.067583689935776903e+00 -2.871844031521485533e-04 1.045304822169753831e-02 5.500580340831866775e-03 4.257615049445583120e-04 1.261296992346817337e-02
1.000000000000000000e+00 2.797791500000000209e+00 1.063546413924662426e+00 -4.154587042880961102e-04 1.044409629310081959e-02 5.260991112250077741e-03 5.682677609875051196e-04 1.250272697703880970e-02
1.000000000000000000e+00 2.797791500000000209e+00 1.063546413924662426e+00 -4.154587042880961102e-04 1.044409629310081959e-02 5.260991112250077741e-03 5.682677609875051196e-04 1.250272697703880970e-02
1.000000000000000000e+00 2.813883999999999830e+00 1.059060340775813014e+00 -5.512681126841625055e-04 1.046257369099131730e-02 5.019526297669598888e-03 7.028725339383908987e-04 1.241269530812243518e-02
1.000000000000000000e+00 2.813883999999999830e+00 1.059060340775813014e+00 -5.512681126841625055e-04 1.046257369099131730e-02 5.019526297669598888e-03 7.028725339383908987e-04 1.241269530812243518e-02
1.000000000000000000e+00 2.824612399999999912e+00 1.055783265146227778e+00 -6.460613361715501985e-04 1.049630725777830030e-02 4.856473907730664112e-03 7.884232785442756540e-04 1.236998283835352187e-02
1.000000000000000000e+00 2.824612399999999912e+00 1.055783265146227778e+00 -6.460613361715501985e-04 1.049630725777830030e-02 4.856473907730664112e-03 7.884232785442756540e-04 1.236998283835352187e-02
1.000000000000000000e+00 2.840704899999999977e+00 1.050340062307080435e+00 -7.932369548200884522e-04 1.058536197435112729e-02 4.605351765940726358e-03 9.105017349206166342e-04 1.233115516407962825e-02
1.000000000000000000e+00 2.835340700000000158e+00 1.052219641842884412e+00 -7.432068837390966038e-04 1.055089736021214662e-02 4.689969249757139011e-03 8.705743848209171465e-04 1.234131129156036677e-02
1.000000000000000000e+00 2.851433300000000060e+00 1.046313395837928928e+00 -8.963575755282776744e-04 1.067020393051523047e-02 4.432208922610942486e-03 9.867577276958066062e-04 1.231898738710585431e-02
1.000000000000000000e+00 2.851433300000000060e+00 1.046313395837928928e+00 -8.963575755282776744e-04 1.067020393051523047e-02 4.432208922610942486e-03 9.867577276958066062e-04 1.231898738710585431e-02
1.000000000000000000e+00 2.862161899999999815e+00 1.041947473143403968e+00 -1.002768423970252587e-03 1.077281524183069245e-02 4.253796806472751220e-03 1.058425565262133316e-03 1.231470332188374685e-02
1.000000000000000000e+00 2.862161899999999815e+00 1.041947473143403968e+00 -1.002768423970252587e-03 1.077281524183069245e-02 4.253796806472751220e-03 1.058425565262133316e-03 1.231470332188374685e-02
1.000000000000000000e+00 2.872890200000000060e+00 1.037185565417791722e+00 -1.111356546767185106e-03 1.089497987536432524e-02 4.069137511363006207e-03 1.126334789522303757e-03 1.231741531537225084e-02
1.000000000000000000e+00 2.872890200000000060e+00 1.037185565417791722e+00 -1.111356546767185106e-03 1.089497987536432524e-02 4.069137511363006207e-03 1.126334789522303757e-03 1.231741531537225084e-02
1.000000000000000000e+00 2.883618600000000143e+00 1.031938549287501505e+00 -1.219476991663118745e-03 1.104630913952545437e-02 3.876571180507401224e-03 1.192184556714809230e-03 1.233088226705839063e-02
1.000000000000000000e+00 2.883618600000000143e+00 1.031938549287501505e+00 -1.219476991663118745e-03 1.104630913952545437e-02 3.876571180507401224e-03 1.192184556714809230e-03 1.233088226705839063e-02
1.000000000000000000e+00 2.894346999999999781e+00 1.026094288499542539e+00 -1.325137677228837565e-03 1.124257701910624796e-02 3.673864510845381397e-03 1.257350957528476391e-03 1.236230157057649146e-02
1.000000000000000000e+00 2.888982799999999962e+00 1.029093607903325935e+00 -1.272860828128719252e-03 1.113790326686094241e-02 3.776572826031263097e-03 1.224917523249458365e-03 1.234395438234789193e-02
1.000000000000000000e+00 2.899711100000000208e+00 1.022909303000304915e+00 -1.376792712847441612e-03 1.136316939059583281e-02 3.567794504769745533e-03 1.289706367981015723e-03 1.238695145294900664e-02
1.000000000000000000e+00 2.899711100000000208e+00 1.022909303000304915e+00 -1.376792712847441612e-03 1.136316939059583281e-02 3.567794504769745533e-03 1.289706367981015723e-03 1.238695145294900664e-02
1.000000000000000000e+00 2.910439499999999846e+00 1.015868180442508706e+00 -1.475801421060147795e-03 1.166274429913245758e-02 3.343963564284934895e-03 1.353653317108606318e-03 1.245950077377403278e-02
1.000000000000000000e+00 2.910439499999999846e+00 1.015868180442508706e+00 -1.475801421060147795e-03 1.166274429913245758e-02 3.343963564284934895e-03 1.353653317108606318e-03 1.245950077377403278e-02
1.000000000000000000e+00 2.915803700000000109e+00 1.011959768224963252e+00 -1.522923015864492908e-03 1.184699425850212207e-02 3.225524942546216436e-03 1.385307226607276464e-03 1.250943201582148390e-02
1.000000000000000000e+00 2.915803700000000109e+00 1.011959768224963252e+00 -1.522923015864492908e-03 1.184699425850212207e-02 3.225524942546216436e-03 1.385307226607276464e-03 1.250943201582148390e-02
1.000000000000000000e+00 2.926531999999999911e+00 1.003183271523796938e+00 -1.610682922460116538e-03 1.229815236457573041e-02 2.974476449634627043e-03 1.448388849694650683e-03 1.264156640807069867e-02
1.000000000000000000e+00 2.921167800000000092e+00 1.007747093267304273e+00 -1.568030378543983257e-03 1.205758181706532983e-02 3.102436645334095706e-03 1.416864277849526907e-03 1.256969887823882782e-02
1.000000000000000000e+00 2.931896200000000174e+00 9.981721137418595458e-01 -1.650633681523389030e-03 1.257641003126864013e-02 2.840911752992817622e-03 1.480330886453303744e-03 1.272744296990783487e-02
1.000000000000000000e+00 2.931896200000000174e+00 9.981721137418595458e-01 -1.650633681523389030e-03 1.257641003126864013e-02 2.840911752992817622e-03 1.480330886453303744e-03 1.272744296990783487e-02
1.000000000000000000e+00 2.937260399999999994e+00 9.926403636179905732e-01 -1.685536179113607475e-03 1.290165430239303100e-02 2.702181164876096831e-03 1.512523341300381829e-03 1.283215942946853289e-02
1.000000000000000000e+00 2.937260399999999994e+00 9.926403636179905732e-01 -1.685536179113607475e-03 1.290165430239303100e-02 2.702181164876096831e-03 1.512523341300381829e-03 1.283215942946853289e-02
1.000000000000000000e+00 2.942624599999999813e+00 9.865534512757061503e-01 -1.715826132124519164e-03 1.327343901582006026e-02 2.558262614665730156e-03 1.544855027533995843e-03 1.295381397616470788e-02
1.000000000000000000e+00 2.942624599999999813e+00 9.865534512757061503e-01 -1.715826132124519164e-03 1.327343901582006026e-02 2.558262614665730156e-03 1.544855027533995843e-03 1.295381397616470788e-02
1.000000000000000000e+00 2.947988699999999795e+00 9.798181672254970831e-01 -1.740937823609629842e-03 1.369492231983279219e-02 2.407836938109013652e-03 1.577824169833359855e-03 1.308984836735255231e-02
1.000000000000000000e+00 2.947988699999999795e+00 9.798181672254970831e-01 -1.740937823609629842e-03 1.369492231983279219e-02 2.407836938109013652e-03 1.577824169833359855e-03 1.308984836735255231e-02
1.000000000000000000e+00 2.953352900000000059e+00 9.721749227961777873e-01 -1.759053928438062114e-03 1.419204772510593467e-02 2.250364638972743563e-03 1.612014657532759732e-03 1.325151891611238593e-02
1.000000000000000000e+00 2.953352900000000059e+00 9.721749227961777873e-01 -1.759053928438062114e-03 1.419204772510593467e-02 2.250364638972743563e-03 1.612014657532759732e-03 1.325151891611238593e-02
1.000000000000000000e+00 2.958717099999999878e+00 9.634744654755983406e-01 -1.767102965995995430e-03 1.477888511480836102e-02 2.086336968625791821e-03 1.647305505368324178e-03 1.344420266263724080e-02
1.000000000000000000e+00 2.958717099999999878e+00 9.634744654755983406e-01 -1.767102965995995430e-03 1.477888511480836102e-02 2.086336968625791821e-03 1.647305505368324178e-03 1.344420266263724080e-02
1.000000000000000000e+00 2.964081300000000141e+00 9.535631853005128722e-01 -1.765024698610973778e-03 1.546739241420726912e-02 1.916029993349418863e-03 1.683145498226158504e-03 1.367239999743066932e-02
1.000000000000000000e+00 2.964081300000000141e+00 9.535631853005128722e-01 -1.765024698610973778e-03 1.546739241420726912e-02 1.916029993349418863e-03 1.683145498226158504e-03 1.367239999743066932e-02
1.000000000000000000e+00 2.969445499999999960e+00 9.420097222907924950e-01 -1.751247254742190063e-03 1.629026471847578109e-02 1.739155538985452231e-03 1.718725054088772464e-03 1.394780278867836960e-02
1.000000000000000000e+00 2.969445499999999960e+00 9.420097222907924950e-01 -1.751247254742190063e-03 1.629026471847578109e-02 1.739155538985452231e-03 1.718725054088772464e-03 1.394780278867836960e-02
1.000000000000000000e+00 2.974809599999999943e+00 9.283053883767495851e-01 -1.720483684549000900e-03 1.728156271429211188e-02 1.556123580717682026e-03 1.752712117206900889e-03 1.428243783794293925e-02
1.000000000000000000e+00 2.974809599999999943e+00 9.283053883767495851e-01 -1.720483684549000900e-03 1.728156271429211188e-02 1.556123580717682026e-03 1.752712117206900889e-03 1.428243783794293925e-02
1.000000000000000000e+00 2.980173800000000206e+00 9.120966385630782103e-01 -1.673813553208387860e-03 1.845222144587006785e-02 1.368420176788887966e-03 1.782794337193201618e-03 1.467945141569307679e-02
1.000000000000000000e+00 2.980173800000000206e+00 9.120966385630782103e-01 -1.673813553208387860e-03 1.845222144587006785e-02 1.368420176788887966e-03 1.782794337193201618e-03 1.467945141569307679e-02
1.000000000000000000e+00 2.980173800000000206e+00 9.120966385630782103e-01 -1.673813553208387860e-03 1.845222144587006785e-02 1.368420176788887966e-03 1.782794337193201618e-03 1.467945141569307679e-02
1.000000000000000000e+00 2.980173800000000206e+00 9.120966385630782103e-01 -1.673813553208387860e-03 1.845222144587006785e-02 1.368420176788887966e-03 1.782794337193201618e-03 1.467945141569307679e-02
1.000000000000000000e+00 2.985538000000000025e+00 8.918977009930693090e-01 -1.603483533666121659e-03 1.987268430117324416e-02 1.176572968586216085e-03 1.803628494696491932e-03 1.516177358050939741e-02
1.000000000000000000e+00 2.985538000000000025e+00 8.918977009930693090e-01 -1.603483533666121659e-03 1.987268430117324416e-02 1.176572968586216085e-03 1.803628494696491932e-03 1.516177358050939741e-02
1.000000000000000000e+00 2.990902199999999844e+00 8.670842349480314404e-01 -1.510192290275826207e-03 2.152223481804144828e-02 9.831656220126952939e-04 1.809989389903541223e-03 1.571799242939441593e-02
1.000000000000000000e+00 2.990902199999999844e+00 8.670842349480314404e-01 -1.510192290275826207e-03 2.152223481804144828e-02 9.831656220126952939e-04 1.809989389903541223e-03 1.571799242939441593e-02
1.000000000000000000e+00 2.990902199999999844e+00 8.670842349480314404e-01 -1.510192290275826207e-03 2.152223481804144828e-02 9.831656220126952939e-04 1.809989389903541223e-03 1.571799242939441593e-02
1.000000000000000000e+00 2.990902199999999844e+00 8.670842349480314404e-01 -1.510192290275826207e-03 2.152223481804144828e-02 9.831656220126952939e-04 1.809989389903541223e-03 1.571799242939441593e-02
1.000000000000000000e+00 2.996266400000000107e+00 8.350949531142985993e-01 -1.385126048651257697e-03 2.340973339099700415e-02 7.910960753622305920e-04 1.788140172779237227e-03 1.633644676250649644e-02
1.000000000000000000e+00 2.996266400000000107e+00 8.350949531142985993e-01 -1.385126048651257697e-03 2.340973339099700415e-02 7.910960753622305920e-04 1.788140172779237227e-03 1.633644676250649644e-02
1.000000000000000000e+00 3.001630500000000090e+00 7.931498827816116926e-01 -1.227368061448366092e-03 2.538387497871834667e-02 6.045268900485409238e-04 1.718986079140973327e-03 1.692841450392028671e-02
1.000000000000000000e+00 2.996266400000000107e+00 8.350949531142985993e-01 -1.385126048651257697e-03 2.340973339099700415e-02 7.910960753622305920e-04 1.788140172779237227e-03 1.633644676250649644e-02
1.000000000000000000e+00 3.001630500000000090e+00 7.931498827816116926e-01 -1.227368061448366092e-03 2.538387497871834667e-02 6.045268900485409238e-04 1.718986079140973327e-03 1.692841450392028671e-02
1.000000000000000000e+00 3.001630500000000090e+00 7.931498827816116926e-01 -1.227368061448366092e-03 2.538387497871834667e-02 6.045268900485409238e-04 1.718986079140973327e-03 1.692841450392028671e-02
1.000000000000000000e+00 3.006994699999999909e+00 7.374212255364454016e-01 -1.034491743950436424e-03 2.707118717079691136e-02 4.291304784417443452e-04 1.576377600048230404e-03 1.729287043939399873e-02
1.000000000000000000e+00 3.001630500000000090e+00 7.931498827816116926e-01 -1.227368061448366092e-03 2.538387497871834667e-02 6.045268900485409238e-04 1.718986079140973327e-03 1.692841450392028671e-02
1.000000000000000000e+00 3.006994699999999909e+00 7.374212255364454016e-01 -1.034491743950436424e-03 2.707118717079691136e-02 4.291304784417443452e-04 1.576377600048230404e-03 1.729287043939399873e-02
1.000000000000000000e+00 3.006994699999999909e+00 7.374212255364454016e-01 -1.034491743950436424e-03 2.707118717079691136e-02 4.291304784417443452e-04 1.576377600048230404e-03 1.729287043939399873e-02
1.000000000000000000e+00 3.006994699999999909e+00 7.374212255364454016e-01 -1.034491743950436424e-03 2.707118717079691136e-02 4.291304784417443452e-04 1.576377600048230404e-03 1.729287043939399873e-02
1.000000000000000000e+00 3.006994699999999909e+00 7.374212255364454016e-01 -1.034491743950436424e-03 2.707118717079691136e-02 4.291304784417443452e-04 1.576377600048230404e-03 1.729287043939399873e-02
1.000000000000000000e+00 3.012358900000000173e+00 6.613239617446051710e-01 -8.066155668238113047e-04 2.757919914118736951e-02 2.724145310605640248e-04 1.322112817601636637e-03 1.696315618586506646e-02
1.000000000000000000e+00 3.012358900000000173e+00 6.613239617446051710e-01 -8.066155668238113047e-04 2.757919914118736951e-02 2.724145310605640248e-04 1.322112817601636637e-03 1.696315618586506646e-02
1.000000000000000000e+00 3.012358900000000173e+00 6.613239617446051710e-01 -8.066155668238113047e-04 2.757919914118736951e-02 2.724145310605640248e-04 1.322112817601636637e-03 1.696315618586506646e-02
1.000000000000000000e+00 3.012358900000000173e+00 6.613239617446051710e-01 -8.066155668238113047e-04 2.757919914118736951e-02 2.724145310605640248e-04 1.322112817601636637e-03 1.696315618586506646e-02
1.000000000000000000e+00 3.017723099999999992e+00 5.561170300750503115e-01 -5.556738790543658832e-04 2.504597505101013519e-02 1.446400478719167689e-04 9.300754433066509789e-04 1.499271455678639897e-02
1.000000000000000000e+00 3.017723099999999992e+00 5.561170300750503115e-01 -5.556738790543658832e-04 2.504597505101013519e-02 1.446400478719167689e-04 9.300754433066509789e-04 1.499271455678639897e-02
1.000000000000000000e+00 3.017723099999999992e+00 5.561170300750503115e-01 -5.556738790543658832e-04 2.504597505101013519e-02 1.446400478719167689e-04 9.300754433066509789e-04 1.499271455678639897e-02
1.000000000000000000e+00 3.017723099999999992e+00 5.561170300750503115e-01 -5.556738790543658832e-04 2.504597505101013519e-02 1.446400478719167689e-04 9.300754433066509789e-04 1.499271455678639897e-02
1.000000000000000000e+00 3.017723099999999992e+00 5.561170300750503115e-01 -5.556738790543658832e-04 2.504597505101013519e-02 1.446400478719167689e-04 9.300754433066509789e-04 1.499271455678639897e-02
1.000000000000000000e+00 3.017723099999999992e+00 5.561170300750503115e-01 -5.556738790543658832e-04 2.504597505101013519e-02 1.446400478719167689e-04 9.300754433066509789e-04 1.499271455678639897e-02
1.000000000000000000e+00 3.023087299999999811e+00 4.157246531850915527e-01 -3.086541620908381505e-04 1.768153994128621176e-02 5.467070495324663943e-05 4.607423581869066090e-04 1.048891603441021864e-02
1.000000000000000000e+00 3.023087299999999811e+00 4.157246531850915527e-01 -3.086541620908381505e-04 1.768153994128621176e-02 5.467070495324663943e-05 4.607423581869066090e-04 1.048891603441021864e-02
1.000000000000000000e+00 3.023087299999999811e+00 4.157246531850915527e-01 -3.086541620908381505e-04 1.768153994128621176e-02 5.467070495324663943e-05 4.607423581869066090e-04 1.048891603441021864e-02
1.000000000000000000e+00 3.023087299999999811e+00 4.157246531850915527e-01 -3.086541620908381505e-04 1.768153994128621176e-02 5.467070495324663943e-05 4.607423581869066090e-04 1.048891603441021864e-02
1.000000000000000000e+00 3.023087299999999811e+00 4.157246531850915527e-01 -3.086541620908381505e-04 1.768153994128621176e-02 5.467070495324663943e-05 4.607423581869066090e-04 1.048891603441021864e-02
1.000000000000000000e+00 3.023087299999999811e+00 4.157246531850915527e-01 -3.086541620908381505e-04 1.768153994128621176e-02 5.467070495324663943e-05 4.607423581869066090e-04 1.048891603441021864e-02
1.000000000000000000e+00 3.023087299999999811e+00 4.157246531850915527e-01 -3.086541620908381505e-04 1.768153994128621176e-02 5.467070495324663943e-05 4.607423581869066090e-04 1.048891603441021864e-02
1.000000000000000000e+00 3.023087299999999811e+00 4.157246531850915527e-01 -3.086541620908381505e-04 1.768153994128621176e-02 5.467070495324663943e-05 4.607423581869066090e-04 1.048891603441021864e-02
1.000000000000000000e+00 3.028451399999999794e+00 2.412007732281387651e-01 -1.072091322349741740e-04 7.008617153883709566e-03 9.285090552713869919e-06 1.016067157233288185e-04 4.255601346847654246e-03
1.000000000000000000e+00 3.028451399999999794e+00 2.412007732281387651e-01 -1.072091322349741740e-04 7.008617153883709566e-03 9.285090552713869919e-06 1.016067157233288185e-04 4.255601346847654246e-03
1.000000000000000000e+00 3.028451399999999794e+00 2.412007732281387651e-01 -1.072091322349741740e-04 7.008617153883709566e-03 9.285090552713869919e-06 1.016067157233288185e-04 4.255601346847654246e-03
1.000000000000000000e+00 3.028451399999999794e+00 2.412007732281387651e-01 -1.072091322349741740e-04 7.008617153883709566e-03 9.285090552713869919e-06 1.016067157233288185e-04 4.255601346847654246e-03
1.000000000000000000e+00 3.028451399999999794e+00 2.412007732281387651e-01 -1.072091322349741740e-04 7.008617153883709566e-03 9.285090552713869919e-06 1.016067157233288185e-04 4.255601346847654246e-03
1.000000000000000000e+00 3.028451399999999794e+00 2.412007732281387651e-01 -1.072091322349741740e-04 7.008617153883709566e-03 9.285090552713869919e-06 1.016067157233288185e-04 4.255601346847654246e-03
1.000000000000000000e+00 3.028451399999999794e+00 2.412007732281387651e-01 -1.072091322349741740e-04 7.008617153883709566e-03 9.285090552713869919e-06 1.016067157233288185e-04 4.255601346847654246e-03
1.000000000000000000e+00 3.028451399999999794e+00 2.412007732281387651e-01 -1.072091322349741740e-04 7.008617153883709566e-03 9.285090552713869919e-06 1.016067157233288185e-04 4.255601346847654246e-03
1.000000000000000000e+00 3.028451399999999794e+00 2.412007732281387651e-01 -1.072091322349741740e-04 7.008617153883709566e-03 9.285090552713869919e-06 1.016067157233288185e-04 4.255601346847654246e-03
1.000000000000000000e+00 3.028451399999999794e+00 2.412007732281387651e-01 -1.072091322349741740e-04 7.008617153883709566e-03 9.285090552713869919e-06 1.016067157233288185e-04 4.255601346847654246e-03
1.000000000000000000e+00 3.033815600000000057e+00 4.489666639567121975e-02 -1.920385133780710724e-06 2.559936711623196637e-04 1.460881651511592967e-08 3.442989532552128730e-08 1.726931762133622830e-04
1.000000000000000000e+00 3.033815600000000057e+00 4.489666639567121975e-02 -1.920385133780710724e-06 2.559936711623196637e-04 1.460881651511592967e-08 3.442989532552128730e-08 1.726931762133622830e-04
1.000000000000000000e+00 3.033815600000000057e+00 4.489666639567121975e-02 -1.920385133780710724e-06 2.559936711623196637e-04 1.460881651511592967e-08 3.442989532552128730e-08 1.726931762133622830e-04
1.000000000000000000e+00 3.033815600000000057e+00 4.489666639567121975e-02 -1.920385133780710724e-06 2.559936711623196637e-04 1.460881651511592967e-08 3.442989532552128730e-08 1.726931762133622830e-04
1.000000000000000000e+00 3.033815600000000057e+00 4.489666639567121975e-02 -1.920385133780710724e-06 2.559936711623196637e-04 1.460881651511592967e-08 3.442989532552128730e-08 1.726931762133622830e-04
1.000000000000000000e+00 3.033815600000000057e+00 4.489666639567121975e-02 -1.920385133780710724e-06 2.559936711623196637e-04 1.460881651511592967e-08 3.442989532552128730e-08 1.726931762133622830e-04
1.000000000000000000e+00 3.033815600000000057e+00 4.489666639567121975e-02 -1.920385133780710724e-06 2.559936711623196637e-04 1.460881651511592967e-08 3.442989532552128730e-08 1.726931762133622830e-04
1.000000000000000000e+00 3.033815600000000057e+00 4.489666639567121975e-02 -1.920385133780710724e-06 2.559936711623196637e-04 1.460881651511592967e-08 3.442989532552128730e-08 1.726931762133622830e-04
1.000000000000000000e+00 3.033815600000000057e+00 4.489666639567121975e-02 -1.920385133780710724e-06 2.559936711623196637e-04 1.460881651511592967e-08 3.442989532552128730e-08 1.726931762133622830e-04
1.000000000000000000e+00 3.033815600000000057e+00 4.489666639567121975e-02 -1.920385133780710724e-06 2.559936711623196637e-04 1.460881651511592967e-08 3.442989532552128730e-08 1.726931762133622830e-04
1.000000000000000000e+00 3.033815600000000057e+00 4.489666639567121975e-02 -1.920385133780710724e-06 2.559936711623196637e-04 1.460881651511592967e-08 3.442989532552128730e-08 1.726931762133622830e-04
1.000000000000000000e+00 3.033815600000000057e+00 4.489666639567121975e-02 -1.920385133780710724e-06 2.559936711623196637e-04 1.460881651511592967e-08 3.442989532552128730e-08 1.726931762133622830e-04
