2.000000000000000000e+00 1.329454000000000052e-02 -1.239666910827690594e-01 1.963630479466534247e-03 1.380993295458106049e-02 4.376696683271631564e-04 1.763147780875935959e-05 1.337670498174109608e-02
2.000000000000000000e+00 1.948329600000000064e-02 -1.596978593452875739e-01 3.418577321980959590e-03 1.771673733374509035e-02 1.044272425396616973e-03 -9.719269648926460526e-05 1.761101359316124063e-02
2.000000000000000000e+00 1.948329600000000064e-02 -1.596978593452875739e-01 3.418577321980959590e-03 1.771673733374509035e-02 1.044272425396616973e-03 -9.719269648926460526e-05 1.761101359316124063e-02
2.000000000000000000e+00 1.948329600000000064e-02 -1.596978593452875739e-01 3.418577321980959590e-03 1.771673733374509035e-02 1.044272425396616973e-03 -9.719269648926460526e-05 1.761101359316124063e-02
2.000000000000000000e+00 1.948329600000000064e-02 -1.596978593452875739e-01 3.418577321980959590e-03 1.771673733374509035e-02 1.044272425396616973e-03 -9.719269648926460526e-05 1.761101359316124063e-02
2.000000000000000000e+00 1.948329600000000064e-02 -1.596978593452875739e-01 3.418577321980959590e-03 1.771673733374509035e-02 1.044272425396616973e-03 -9.719269648926460526e-05 1.761101359316124063e-02
2.000000000000000000e+00 1.948329600000000064e-02 -1.596978593452875739e-01 3.418577321980959590e-03 1.771673733374509035e-02 1.044272425396616973e-03 -9.719269648926460526e-05 1.761101359316124063e-02
2.000000000000000000e+00 2.567205399999999971e-02 -1.852514299335276671e-01 4.870724416773422952e-03 1.986405441451084830e-02 1.791347294557241437e-03 -2.778414373962942311e-04 2.035856249355856226e-02
2.000000000000000000e+00 2.567205399999999971e-02 -1.852514299335276671e-01 4.870724416773422952e-03 1.986405441451084830e-02 1.791347294557241437e-03 -2.778414373962942311e-04 2.035856249355856226e-02
2.000000000000000000e+00 2.567205399999999971e-02 -1.852514299335276671e-01 4.870724416773422952e-03 1.986405441451084830e-02 1.791347294557241437e-03 -2.778414373962942311e-04 2.035856249355856226e-02
2.000000000000000000e+00 2.567205399999999971e-02 -1.852514299335276671e-01 4.870724416773422952e-03 1.986405441451084830e-02 1.791347294557241437e-03 -2.778414373962942311e-04 2.035856249355856226e-02
2.000000000000000000e+00 3.186081000000000329e-02 -2.033170019873450085e-01 6.245666695771322045e-03 2.098660546272799327e-02 2.608049692211939549e-03 -4.941612219313237016e-04 2.218103972874964705e-02
2.000000000000000000e+00 3.186081000000000329e-02 -2.033170019873450085e-01 6.245666695771322045e-03 2.098660546272799327e-02 2.608049692211939549e-03 -4.941612219313237016e-04 2.218103972874964705e-02
2.000000000000000000e+00 3.186081000000000329e-02 -2.033170019873450085e-01 6.245666695771322045e-03 2.098660546272799327e-02 2.608049692211939549e-03 -4.941612219313237016e-04 2.218103972874964705e-02
2.000000000000000000e+00 3.186081000000000329e-02 -2.033170019873450085e-01 6.245666695771322045e-03 2.098660546272799327e-02 2.608049692211939549e-03 -4.941612219313237016e-04 2.218103972874964705e-02
2.000000000000000000e+00 3.186081000000000329e-02 -2.033170019873450085e-01 6.245666695771322045e-03 2.098660546272799327e-02 2.608049692211939549e-03 -4.941612219313237016e-04 2.218103972874964705e-02
2.000000000000000000e+00 3.186081000000000329e-02 -2.033170019873450085e-01 6.245666695771322045e-03 2.098660546272799327e-02 2.608049692211939549e-03 -4.941612219313237016e-04 2.218103972874964705e-02
2.000000000000000000e+00 3.804956699999999942e-02 -2.164303053617432637e-01 7.504172523356750224e-03 2.159816208157949724e-02 3.447889283504999847e-03 -7.264097619115280268e-04 2.349277761614205692e-02
2.000000000000000000e+00 3.804956699999999942e-02 -2.164303053617432637e-01 7.504172523356750224e-03 2.159816208157949724e-02 3.447889283504999847e-03 -7.264097619115280268e-04 2.349277761614205692e-02
2.000000000000000000e+00 3.804956699999999942e-02 -2.164303053617432637e-01 7.504172523356750224e-03 2.159816208157949724e-02 3.447889283504999847e-03 -7.264097619115280268e-04 2.349277761614205692e-02
2.000000000000000000e+00 3.804956699999999942e-02 -2.164303053617432637e-01 7.504172523356750224e-03 2.159816208157949724e-02 3.447889283504999847e-03 -7.264097619115280268e-04 2.349277761614205692e-02
2.000000000000000000e+00 4.423832500000000195e-02 -2.260029908751749195e-01 8.655730595924763029e-03 2.194748072814674961e-02 4.283766699636594802e-03 -9.652140934967734119e-04 2.449539672597863399e-02
2.000000000000000000e+00 4.423832500000000195e-02 -2.260029908751749195e-01 8.655730595924763029e-03 2.194748072814674961e-02 4.283766699636594802e-03 -9.652140934967734119e-04 2.449539672597863399e-02
2.000000000000000000e+00 5.042708299999999755e-02 -2.329515815560866121e-01 9.696085016555043914e-03 2.217157371198305235e-02 5.101739903959595646e-03 -1.206898715743077088e-03 2.530944347788180102e-02
2.000000000000000000e+00 5.042708299999999755e-02 -2.329515815560866121e-01 9.696085016555043914e-03 2.217157371198305235e-02 5.101739903959595646e-03 -1.206898715743077088e-03 2.530944347788180102e-02
2.000000000000000000e+00 5.042708299999999755e-02 -2.329515815560866121e-01 9.696085016555043914e-03 2.217157371198305235e-02 5.101739903959595646e-03 -1.206898715743077088e-03 2.530944347788180102e-02
2.000000000000000000e+00 5.042708299999999755e-02 -2.329515815560866121e-01 9.696085016555043914e-03 2.217157371198305235e-02 5.101739903959595646e-03 -1.206898715743077088e-03 2.530944347788180102e-02
2.000000000000000000e+00 5.661583700000000219e-02 -2.379102409441669341e-01 1.062926465078192599e-02 2.234689705214569500e-02 5.893864678855201614e-03 -1.449416278125748589e-03 2.600627951802481422e-02
2.000000000000000000e+00 5.661583700000000219e-02 -2.379102409441669341e-01 1.062926465078192599e-02 2.234689705214569500e-02 5.893864678855201614e-03 -1.449416278125748589e-03 2.600627951802481422e-02
2.000000000000000000e+00 5.661583700000000219e-02 -2.379102409441669341e-01 1.062926465078192599e-02 2.234689705214569500e-02 5.893864678855201614e-03 -1.449416278125748589e-03 2.600627951802481422e-02
2.000000000000000000e+00 5.661583700000000219e-02 -2.379102409441669341e-01 1.062926465078192599e-02 2.234689705214569500e-02 5.893864678855201614e-03 -1.449416278125748589e-03 2.600627951802481422e-02
2.000000000000000000e+00 6.280459500000000472e-02 -2.413269729293968657e-01 1.146334879365104240e-02 2.251288668024958861e-02 6.656257943521384779e-03 -1.691222553964351859e-03 2.662707496319705047e-02
2.000000000000000000e+00 6.280459500000000472e-02 -2.413269729293968657e-01 1.146334879365104240e-02 2.251288668024958861e-02 6.656257943521384779e-03 -1.691222553964351859e-03 2.662707496319705047e-02
2.000000000000000000e+00 6.899335199999999391e-02 -2.435514329741975126e-01 1.221375349756148761e-02 2.268908731003511925e-02 7.387242704659765027e-03 -1.931283609423546785e-03 2.719776515772509215e-02
2.000000000000000000e+00 6.899335199999999391e-02 -2.435514329741975126e-01 1.221375349756148761e-02 2.268908731003511925e-02 7.387242704659765027e-03 -1.931283609423546785e-03 2.719776515772509215e-02
2.000000000000000000e+00 7.518210999999999644e-02 -2.448032497858409207e-01 1.287917140247356838e-02 2.288344874780160951e-02 8.089019909062314384e-03 -2.170399061295405323e-03 2.773460372392791071e-02
2.000000000000000000e+00 7.518210999999999644e-02 -2.448032497858409207e-01 1.287917140247356838e-02 2.288344874780160951e-02 8.089019909062314384e-03 -2.170399061295405323e-03 2.773460372392791071e-02
2.000000000000000000e+00 8.137086799999999898e-02 -2.452551722935895628e-01 1.346886904785863162e-02 2.309980802802251085e-02 8.761981523865997740e-03 -2.408688896050611289e-03 2.824814805678874108e-02
2.000000000000000000e+00 8.137086799999999898e-02 -2.452551722935895628e-01 1.346886904785863162e-02 2.309980802802251085e-02 8.761981523865997740e-03 -2.408688896050611289e-03 2.824814805678874108e-02
2.000000000000000000e+00 8.755962600000000151e-02 -2.450662552458985621e-01 1.399516783699734750e-02 2.333623359041944387e-02 9.406378542202942228e-03 -2.645942633796299383e-03 2.874291691828975703e-02
2.000000000000000000e+00 8.755962600000000151e-02 -2.450662552458985621e-01 1.399516783699734750e-02 2.333623359041944387e-02 9.406378542202942228e-03 -2.645942633796299383e-03 2.874291691828975703e-02
2.000000000000000000e+00 8.755962600000000151e-02 -2.450662552458985621e-01 1.399516783699734750e-02 2.333623359041944387e-02 9.406378542202942228e-03 -2.645942633796299383e-03 2.874291691828975703e-02
2.000000000000000000e+00 8.755962600000000151e-02 -2.450662552458985621e-01 1.399516783699734750e-02 2.333623359041944387e-02 9.406378542202942228e-03 -2.645942633796299383e-03 2.874291691828975703e-02
2.000000000000000000e+00 9.374838300000000457e-02 -2.443829477242904225e-01 1.446244864338894730e-02 2.359413355083208805e-02 1.002781742790888504e-02 -2.883342086560845407e-03 2.922652101280868303e-02
2.000000000000000000e+00 9.374838300000000457e-02 -2.443829477242904225e-01 1.446244864338894730e-02 2.359413355083208805e-02 1.002781742790888504e-02 -2.883342086560845407e-03 2.922652101280868303e-02
2.000000000000000000e+00 1.061258900000000005e-01 -2.417455020872551208e-01 1.523654900922511400e-02 2.417973982131717617e-02 1.119986071826152042e-02 -3.356574523166832094e-03 3.016927642908949492e-02
2.000000000000000000e+00 1.061258900000000005e-01 -2.417455020872551208e-01 1.523654900922511400e-02 2.417973982131717617e-02 1.119986071826152042e-02 -3.356574523166832094e-03 3.016927642908949492e-02
2.000000000000000000e+00 1.123146500000000020e-01 -2.399482127357598360e-01 1.555191171854540012e-02 2.450223459014707478e-02 1.175679741575957026e-02 -3.592770122899136952e-03 3.063379609175731141e-02
2.000000000000000000e+00 1.123146500000000020e-01 -2.399482127357598360e-01 1.555191171854540012e-02 2.450223459014707478e-02 1.175679741575957026e-02 -3.592770122899136952e-03 3.063379609175731141e-02
2.000000000000000000e+00 1.185034100000000035e-01 -2.378989445721718665e-01 1.582503517897237977e-02 2.484063078185045140e-02 1.229555467767999566e-02 -3.828500759496699345e-03 3.109377461035285617e-02
2.000000000000000000e+00 1.185034100000000035e-01 -2.378989445721718665e-01 1.582503517897237977e-02 2.484063078185045140e-02 1.229555467767999566e-02 -3.828500759496699345e-03 3.109377461035285617e-02
2.000000000000000000e+00 1.246921599999999963e-01 -2.356640264889540703e-01 1.605979336309456759e-02 2.518984092172294603e-02 1.281919572770824113e-02 -4.064213317416035844e-03 3.154947203601394384e-02
2.000000000000000000e+00 1.246921599999999963e-01 -2.356640264889540703e-01 1.605979336309456759e-02 2.518984092172294603e-02 1.281919572770824113e-02 -4.064213317416035844e-03 3.154947203601394384e-02
2.000000000000000000e+00 1.370696700000000046e-01 -2.307240972426998493e-01 1.640677074278727721e-02 2.591707357317098864e-02 1.382424198595313090e-02 -4.534931765658514746e-03 3.244801594369828984e-02
2.000000000000000000e+00 1.370696700000000046e-01 -2.307240972426998493e-01 1.640677074278727721e-02 2.591707357317098864e-02 1.382424198595313090e-02 -4.534931765658514746e-03 3.244801594369828984e-02
2.000000000000000000e+00 1.432584399999999869e-01 -2.281035025149932838e-01 1.652747954723635115e-02 2.628910557001459466e-02 1.430808865135319886e-02 -4.769559578549081511e-03 3.289191442736323634e-02
2.000000000000000000e+00 1.432584399999999869e-01 -2.281035025149932838e-01 1.652747954723635115e-02 2.628910557001459466e-02 1.430808865135319886e-02 -4.769559578549081511e-03 3.289191442736323634e-02
2.000000000000000000e+00 1.556359499999999951e-01 -2.226834458811864093e-01 1.668506484935096748e-02 2.702898887731365954e-02 1.524599247247564182e-02 -5.235495868342997065e-03 3.376478681672048093e-02
2.000000000000000000e+00 1.556359499999999951e-01 -2.226834458811864093e-01 1.668506484935096748e-02 2.702898887731365954e-02 1.524599247247564182e-02 -5.235495868342997065e-03 3.376478681672048093e-02
2.000000000000000000e+00 1.618246999999999880e-01 -2.199190869293595196e-01 1.672636342864586290e-02 2.739676813983338635e-02 1.570059149494173328e-02 -5.462638916551767337e-03 3.419538937734951239e-02
2.000000000000000000e+00 1.618246999999999880e-01 -2.199190869293595196e-01 1.672636342864586290e-02 2.739676813983338635e-02 1.570059149494173328e-02 -5.462638916551767337e-03 3.419538937734951239e-02
2.000000000000000000e+00 1.742022199999999910e-01 -2.142805599982271492e-01 1.675066723622195899e-02 2.813539475813456314e-02 1.658505397037798521e-02 -5.910757044622191349e-03 3.505317502974570482e-02
2.000000000000000000e+00 1.742022199999999910e-01 -2.142805599982271492e-01 1.675066723622195899e-02 2.813539475813456314e-02 1.658505397037798521e-02 -5.910757044622191349e-03 3.505317502974570482e-02
2.000000000000000000e+00 1.865797299999999992e-01 -2.085277904132642746e-01 1.669372806580639995e-02 2.888089393253723616e-02 1.743785264006606633e-02 -6.354182812273244212e-03 3.590634809782390635e-02
2.000000000000000000e+00 1.865797299999999992e-01 -2.085277904132642746e-01 1.669372806580639995e-02 2.888089393253723616e-02 1.743785264006606633e-02 -6.354182812273244212e-03 3.590634809782390635e-02
2.000000000000000000e+00 1.989572500000000022e-01 -2.027057406636220138e-01 1.655760034213663370e-02 2.962635833001255048e-02 1.826243478237022169e-02 -6.798783800977817142e-03 3.675315160392745445e-02
2.000000000000000000e+00 1.989572500000000022e-01 -2.027057406636220138e-01 1.655760034213663370e-02 2.962635833001255048e-02 1.826243478237022169e-02 -6.798783800977817142e-03 3.675315160392745445e-02
2.000000000000000000e+00 2.113347700000000051e-01 -1.968454843588701986e-01 1.634414859973339768e-02 3.036711394807136907e-02 1.905773797381074552e-02 -7.243368958562149823e-03 3.758803043619859952e-02
2.000000000000000000e+00 2.113347700000000051e-01 -1.968454843588701986e-01 1.634414859973339768e-02 3.036711394807136907e-02 1.905773797381074552e-02 -7.243368958562149823e-03 3.758803043619859952e-02
2.000000000000000000e+00 2.237122800000000133e-01 -1.907898785961037180e-01 1.615630463651965623e-02 3.110739586599880688e-02 1.984007095454005595e-02 -7.704786475862011180e-03 3.842596707273723128e-02
2.000000000000000000e+00 2.237122800000000133e-01 -1.907898785961037180e-01 1.615630463651965623e-02 3.110739586599880688e-02 1.984007095454005595e-02 -7.704786475862011180e-03 3.842596707273723128e-02
2.000000000000000000e+00 2.360897999999999886e-01 -1.847078481294077423e-01 1.589192439080703081e-02 3.187239941397392723e-02 2.061362777558183729e-02 -8.175340643195444512e-03 3.928020253405409973e-02
2.000000000000000000e+00 2.360897999999999886e-01 -1.847078481294077423e-01 1.589192439080703081e-02 3.187239941397392723e-02 2.061362777558183729e-02 -8.175340643195444512e-03 3.928020253405409973e-02
2.000000000000000000e+00 2.546560500000000227e-01 -1.755659414527287743e-01 1.538036568158258031e-02 3.307911776554198907e-02 2.175994051051201306e-02 -8.889360478174953423e-03 4.060417810642349967e-02
2.000000000000000000e+00 2.546560500000000227e-01 -1.755659414527287743e-01 1.538036568158258031e-02 3.307911776554198907e-02 2.175994051051201306e-02 -8.889360478174953423e-03 4.060417810642349967e-02
2.000000000000000000e+00 2.670335799999999926e-01 -1.695473477233241655e-01 1.507045784971540285e-02 3.391407450888291042e-02 2.248230407772681266e-02 -9.344698041639518463e-03 4.151431866880851002e-02
2.000000000000000000e+00 2.670335799999999926e-01 -1.695473477233241655e-01 1.507045784971540285e-02 3.391407450888291042e-02 2.248230407772681266e-02 -9.344698041639518463e-03 4.151431866880851002e-02
2.000000000000000000e+00 2.855998599999999832e-01 -1.603507387773244475e-01 1.446291423701603733e-02 3.522947447923432257e-02 2.358265794349032052e-02 -1.003887700271236319e-02 4.294613767758018175e-02
2.000000000000000000e+00 2.855998599999999832e-01 -1.603507387773244475e-01 1.446291423701603733e-02 3.522947447923432257e-02 2.358265794349032052e-02 -1.003887700271236319e-02 4.294613767758018175e-02
2.000000000000000000e+00 3.041661099999999895e-01 -1.507340959513591983e-01 1.375429604551008621e-02 3.655589383808668935e-02 2.470207968702688509e-02 -1.075882284186188177e-02 4.443093775303027376e-02
2.000000000000000000e+00 3.041661099999999895e-01 -1.507340959513591983e-01 1.375429604551008621e-02 3.655589383808668935e-02 2.470207968702688509e-02 -1.075882284186188177e-02 4.443093775303027376e-02
2.000000000000000000e+00 3.227323899999999801e-01 -1.407318109506260351e-01 1.290451451416335660e-02 3.794428341660478765e-02 2.582480577891300630e-02 -1.147499963778502059e-02 4.600978278724657949e-02
2.000000000000000000e+00 3.227323899999999801e-01 -1.407318109506260351e-01 1.290451451416335660e-02 3.794428341660478765e-02 2.582480577891300630e-02 -1.147499963778502059e-02 4.600978278724657949e-02
2.000000000000000000e+00 3.412986700000000262e-01 -1.304165271740643228e-01 1.201512848689925694e-02 3.937840092128695735e-02 2.692259850414018343e-02 -1.218090766532438883e-02 4.764942828616994253e-02
2.000000000000000000e+00 3.412986700000000262e-01 -1.304165271740643228e-01 1.201512848689925694e-02 3.937840092128695735e-02 2.692259850414018343e-02 -1.218090766532438883e-02 4.764942828616994253e-02
2.000000000000000000e+00 3.660536999999999819e-01 -1.161869245328054079e-01 1.057868639485150253e-02 4.135348644757527725e-02 2.843347189522861876e-02 -1.315179093407958105e-02 4.990538578313751666e-02
2.000000000000000000e+00 1.269612200000000080e+00 8.828704404197248445e-01 -4.835356354178895616e-02 5.193797398593259784e-02 3.043980668971995804e-02 -1.721353226550638438e-02 5.929930039984271373e-02
2.000000000000000000e+00 1.269612200000000080e+00 8.828704404197248445e-01 -4.835356354178895616e-02 5.193797398593259784e-02 3.043980668971995804e-02 -1.721353226550638438e-02 5.929930039984271373e-02
2.000000000000000000e+00 1.350066100000000047e+00 9.261335278665802084e-01 -4.362344934540541425e-02 4.206404485112790609e-02 2.653078228298753893e-02 -1.314121533948445567e-02 4.971296735501644359e-02
2.000000000000000000e+00 1.350066100000000047e+00 9.261335278665802084e-01 -4.362344934540541425e-02 4.206404485112790609e-02 2.653078228298753893e-02 -1.314121533948445567e-02 4.971296735501644359e-02
2.000000000000000000e+00 1.430519899999999955e+00 9.533577456923790772e-01 -3.969727995470968829e-02 3.521502283110607145e-02 2.410012202970874401e-02 -1.051486290504403433e-02 4.288585382339060725e-02
2.000000000000000000e+00 1.430519899999999955e+00 9.533577456923790772e-01 -3.969727995470968829e-02 3.521502283110607145e-02 2.410012202970874401e-02 -1.051486290504403433e-02 4.288585382339060725e-02
