3.000000000000000000e+00 7.105783099999999665e-03 -9.166736905151047499e-02 -1.944733962230526245e-04 1.168787759874879810e-02 1.109796945230755345e-04 1.979828074451264156e-05 1.302625426040123109e-02
3.000000000000000000e+00 7.105783099999999665e-03 -9.166736905151047499e-02 -1.944733962230526245e-04 1.168787759874879810e-02 1.109796945230755345e-04 1.979828074451264156e-05 1.302625426040123109e-02
3.000000000000000000e+00 1.329454000000000052e-02 -1.344837372785558927e-01 -6.308350465219298093e-04 2.071190946965337926e-02 6.505109180872603808e-04 -8.900765645657071254e-05 2.375470227326154440e-02
3.000000000000000000e+00 1.329454000000000052e-02 -1.344837372785558927e-01 -6.308350465219298093e-04 2.071190946965337926e-02 6.505109180872603808e-04 -8.900765645657071254e-05 2.375470227326154440e-02
3.000000000000000000e+00 1.329454000000000052e-02 -1.344837372785558927e-01 -6.308350465219298093e-04 2.071190946965337926e-02 6.505109180872603808e-04 -8.900765645657071254e-05 2.375470227326154440e-02
3.000000000000000000e+00 1.329454000000000052e-02 -1.344837372785558927e-01 -6.308350465219298093e-04 2.071190946965337926e-02 6.505109180872603808e-04 -8.900765645657071254e-05 2.375470227326154440e-02
3.000000000000000000e+00 1.329454000000000052e-02 -1.344837372785558927e-01 -6.308350465219298093e-04 2.071190946965337926e-02 6.505109180872603808e-04 -8.900765645657071254e-05 2.375470227326154440e-02
3.000000000000000000e+00 1.329454000000000052e-02 -1.344837372785558927e-01 -6.308350465219298093e-04 2.071190946965337926e-02 6.505109180872603808e-04 -8.900765645657071254e-05 2.375470227326154440e-02
3.000000000000000000e+00 1.329454000000000052e-02 -1.344837372785558927e-01 -6.308350465219298093e-04 2.071190946965337926e-02 6.505109180872603808e-04 -8.900765645657071254e-05 2.375470227326154440e-02
3.000000000000000000e+00 1.329454000000000052e-02 -1.344837372785558927e-01 -6.308350465219298093e-04 2.071190946965337926e-02 6.505109180872603808e-04 -8.900765645657071254e-05 2.375470227326154440e-02
3.000000000000000000e+00 1.948329600000000064e-02 -1.568011335787760641e-01 -1.216073734087032938e-03 2.525342055323348545e-02 1.556376780725429124e-03 -3.570444446379426678e-04 2.999459372834748297e-02
3.000000000000000000e+00 1.948329600000000064e-02 -1.568011335787760641e-01 -1.216073734087032938e-03 2.525342055323348545e-02 1.556376780725429124e-03 -3.570444446379426678e-04 2.999459372834748297e-02
3.000000000000000000e+00 1.948329600000000064e-02 -1.568011335787760641e-01 -1.216073734087032938e-03 2.525342055323348545e-02 1.556376780725429124e-03 -3.570444446379426678e-04 2.999459372834748297e-02
3.000000000000000000e+00 1.948329600000000064e-02 -1.568011335787760641e-01 -1.216073734087032938e-03 2.525342055323348545e-02 1.556376780725429124e-03 -3.570444446379426678e-04 2.999459372834748297e-02
3.000000000000000000e+00 1.948329600000000064e-02 -1.568011335787760641e-01 -1.216073734087032938e-03 2.525342055323348545e-02 1.556376780725429124e-03 -3.570444446379426678e-04 2.999459372834748297e-02
3.000000000000000000e+00 1.948329600000000064e-02 -1.568011335787760641e-01 -1.216073734087032938e-03 2.525342055323348545e-02 1.556376780725429124e-03 -3.570444446379426678e-04 2.999459372834748297e-02
3.000000000000000000e+00 2.567205399999999971e-02 -1.685168296735166382e-01 -1.895642848723686283e-03 2.761294880619335687e-02 2.671633164845420814e-03 -6.984639960642888539e-04 3.384385261231438041e-02
3.000000000000000000e+00 2.567205399999999971e-02 -1.685168296735166382e-01 -1.895642848723686283e-03 2.761294880619335687e-02 2.671633164845420814e-03 -6.984639960642888539e-04 3.384385261231438041e-02
3.000000000000000000e+00 2.567205399999999971e-02 -1.685168296735166382e-01 -1.895642848723686283e-03 2.761294880619335687e-02 2.671633164845420814e-03 -6.984639960642888539e-04 3.384385261231438041e-02
3.000000000000000000e+00 2.567205399999999971e-02 -1.685168296735166382e-01 -1.895642848723686283e-03 2.761294880619335687e-02 2.671633164845420814e-03 -6.984639960642888539e-04 3.384385261231438041e-02
3.000000000000000000e+00 3.186081000000000329e-02 -1.742040366957623432e-01 -2.647861867619077762e-03 2.886565777784735887e-02 3.897426230981744857e-03 -1.067026764989640860e-03 3.634367517667635994e-02
3.000000000000000000e+00 3.186081000000000329e-02 -1.742040366957623432e-01 -2.647861867619077762e-03 2.886565777784735887e-02 3.897426230981744857e-03 -1.067026764989640860e-03 3.634367517667635994e-02
3.000000000000000000e+00 3.186081000000000329e-02 -1.742040366957623432e-01 -2.647861867619077762e-03 2.886565777784735887e-02 3.897426230981744857e-03 -1.067026764989640860e-03 3.634367517667635994e-02
3.000000000000000000e+00 3.186081000000000329e-02 -1.742040366957623432e-01 -2.647861867619077762e-03 2.886565777784735887e-02 3.897426230981744857e-03 -1.067026764989640860e-03 3.634367517667635994e-02
3.000000000000000000e+00 3.186081000000000329e-02 -1.742040366957623432e-01 -2.647861867619077762e-03 2.886565777784735887e-02 3.897426230981744857e-03 -1.067026764989640860e-03 3.634367517667635994e-02
3.000000000000000000e+00 3.186081000000000329e-02 -1.742040366957623432e-01 -2.647861867619077762e-03 2.886565777784735887e-02 3.897426230981744857e-03 -1.067026764989640860e-03 3.634367517667635994e-02
3.000000000000000000e+00 3.804956699999999942e-02 -1.767807749959845742e-01 -3.444841300898488119e-03 2.961496444067301947e-02 5.161594033908459625e-03 -1.443454966195983078e-03 3.813777849795037256e-02
3.000000000000000000e+00 3.804956699999999942e-02 -1.767807749959845742e-01 -3.444841300898488119e-03 2.961496444067301947e-02 5.161594033908459625e-03 -1.443454966195983078e-03 3.813777849795037256e-02
3.000000000000000000e+00 3.804956699999999942e-02 -1.767807749959845742e-01 -3.444841300898488119e-03 2.961496444067301947e-02 5.161594033908459625e-03 -1.443454966195983078e-03 3.813777849795037256e-02
3.000000000000000000e+00 3.804956699999999942e-02 -1.767807749959845742e-01 -3.444841300898488119e-03 2.961496444067301947e-02 5.161594033908459625e-03 -1.443454966195983078e-03 3.813777849795037256e-02
3.000000000000000000e+00 4.423832500000000195e-02 -1.774382441776904407e-01 -4.281254922618399177e-03 3.011441788305229891e-02 6.427287081051877293e-03 -1.824337045075721028e-03 3.951512272326327541e-02
3.000000000000000000e+00 4.423832500000000195e-02 -1.774382441776904407e-01 -4.281254922618399177e-03 3.011441788305229891e-02 6.427287081051877293e-03 -1.824337045075721028e-03 3.951512272326327541e-02
3.000000000000000000e+00 5.042708299999999755e-02 -1.768813579846351125e-01 -5.145666199007995975e-03 3.049751371381551404e-02 7.670519886648439339e-03 -2.208133698364181299e-03 4.063446076078453678e-02
3.000000000000000000e+00 5.042708299999999755e-02 -1.768813579846351125e-01 -5.145666199007995975e-03 3.049751371381551404e-02 7.670519886648439339e-03 -2.208133698364181299e-03 4.063446076078453678e-02
3.000000000000000000e+00 5.042708299999999755e-02 -1.768813579846351125e-01 -5.145666199007995975e-03 3.049751371381551404e-02 7.670519886648439339e-03 -2.208133698364181299e-03 4.063446076078453678e-02
3.000000000000000000e+00 5.042708299999999755e-02 -1.768813579846351125e-01 -5.145666199007995975e-03 3.049751371381551404e-02 7.670519886648439339e-03 -2.208133698364181299e-03 4.063446076078453678e-02
3.000000000000000000e+00 5.661583700000000219e-02 -1.755229383753314221e-01 -6.030480854637843523e-03 3.083484620424573053e-02 8.877188914031693481e-03 -2.593974355003325974e-03 4.158793018087916793e-02
3.000000000000000000e+00 5.661583700000000219e-02 -1.755229383753314221e-01 -6.030480854637843523e-03 3.083484620424573053e-02 8.877188914031693481e-03 -2.593974355003325974e-03 4.158793018087916793e-02
3.000000000000000000e+00 5.661583700000000219e-02 -1.755229383753314221e-01 -6.030480854637843523e-03 3.083484620424573053e-02 8.877188914031693481e-03 -2.593974355003325974e-03 4.158793018087916793e-02
3.000000000000000000e+00 5.661583700000000219e-02 -1.755229383753314221e-01 -6.030480854637843523e-03 3.083484620424573053e-02 8.877188914031693481e-03 -2.593974355003325974e-03 4.158793018087916793e-02
3.000000000000000000e+00 6.280459500000000472e-02 -1.736145912662925561e-01 -6.930778322213882597e-03 3.116329388966077030e-02 1.004003274497801759e-02 -2.981029007583605676e-03 4.242953662436783208e-02
3.000000000000000000e+00 6.280459500000000472e-02 -1.736145912662925561e-01 -6.930778322213882597e-03 3.116329388966077030e-02 1.004003274497801759e-02 -2.981029007583605676e-03 4.242953662436783208e-02
3.000000000000000000e+00 6.899335199999999391e-02 -1.713160277299933532e-01 -7.845577732264279874e-03 3.150128199088536585e-02 1.115706929682692798e-02 -3.369263584043716980e-03 4.319226364686461206e-02
3.000000000000000000e+00 6.899335199999999391e-02 -1.713160277299933532e-01 -7.845577732264279874e-03 3.150128199088536585e-02 1.115706929682692798e-02 -3.369263584043716980e-03 4.319226364686461206e-02
3.000000000000000000e+00 7.518210999999999644e-02 -1.687499285290247342e-01 -8.768165473564763432e-03 3.185174613603595356e-02 1.222701089789807009e-02 -3.757407185609772712e-03 4.389405622206214025e-02
3.000000000000000000e+00 7.518210999999999644e-02 -1.687499285290247342e-01 -8.768165473564763432e-03 3.185174613603595356e-02 1.222701089789807009e-02 -3.757407185609772712e-03 4.389405622206214025e-02
3.000000000000000000e+00 8.137086799999999898e-02 -1.659863292017417502e-01 -9.697228701825086339e-03 3.221755848279354156e-02 1.324993189317819064e-02 -4.144941470091692212e-03 4.454562443056386128e-02
3.000000000000000000e+00 8.137086799999999898e-02 -1.659863292017417502e-01 -9.697228701825086339e-03 3.221755848279354156e-02 1.324993189317819064e-02 -4.144941470091692212e-03 4.454562443056386128e-02
3.000000000000000000e+00 8.755962600000000151e-02 -1.630906311647821183e-01 -1.063512273461837167e-02 3.259458768082641733e-02 1.422770235423375523e-02 -4.530757230395268675e-03 4.515164722543631853e-02
3.000000000000000000e+00 8.755962600000000151e-02 -1.630906311647821183e-01 -1.063512273461837167e-02 3.259458768082641733e-02 1.422770235423375523e-02 -4.530757230395268675e-03 4.515164722543631853e-02
3.000000000000000000e+00 8.755962600000000151e-02 -1.630906311647821183e-01 -1.063512273461837167e-02 3.259458768082641733e-02 1.422770235423375523e-02 -4.530757230395268675e-03 4.515164722543631853e-02
3.000000000000000000e+00 8.755962600000000151e-02 -1.630906311647821183e-01 -1.063512273461837167e-02 3.259458768082641733e-02 1.422770235423375523e-02 -4.530757230395268675e-03 4.515164722543631853e-02
3.000000000000000000e+00 9.374838300000000457e-02 -1.601198019056080113e-01 -1.157756146649787515e-02 3.298392890615957362e-02 1.516528330667056036e-02 -4.914653008353145162e-03 4.572551322960002190e-02
3.000000000000000000e+00 9.374838300000000457e-02 -1.601198019056080113e-01 -1.157756146649787515e-02 3.298392890615957362e-02 1.516528330667056036e-02 -4.914653008353145162e-03 4.572551322960002190e-02
3.000000000000000000e+00 1.061258900000000005e-01 -1.540377145919185065e-01 -1.348011735521507416e-02 3.381513795783082366e-02 1.691572724378720069e-02 -5.674575381590309109e-03 4.680396978697413946e-02
3.000000000000000000e+00 1.061258900000000005e-01 -1.540377145919185065e-01 -1.348011735521507416e-02 3.381513795783082366e-02 1.691572724378720069e-02 -5.674575381590309109e-03 4.680396978697413946e-02
3.000000000000000000e+00 1.123146500000000020e-01 -1.509706074551150357e-01 -1.443968730122838218e-02 3.425206625003607980e-02 1.773715218978156802e-02 -6.050953708487636154e-03 4.732086146029328144e-02
3.000000000000000000e+00 1.123146500000000020e-01 -1.509706074551150357e-01 -1.443968730122838218e-02 3.425206625003607980e-02 1.773715218978156802e-02 -6.050953708487636154e-03 4.732086146029328144e-02
3.000000000000000000e+00 1.185034100000000035e-01 -1.479050053214505667e-01 -1.540304308211762688e-02 3.470236088256831858e-02 1.852358360591764563e-02 -6.425022817947230631e-03 4.782886458534505586e-02
3.000000000000000000e+00 1.185034100000000035e-01 -1.479050053214505667e-01 -1.540304308211762688e-02 3.470236088256831858e-02 1.852358360591764563e-02 -6.425022817947230631e-03 4.782886458534505586e-02
3.000000000000000000e+00 1.246921599999999963e-01 -1.448496750722404469e-01 -1.637161454137718922e-02 3.516209093314688616e-02 1.928064546175363783e-02 -6.798071986774172071e-03 4.833005333367109552e-02
3.000000000000000000e+00 1.246921599999999963e-01 -1.448496750722404469e-01 -1.637161454137718922e-02 3.516209093314688616e-02 1.928064546175363783e-02 -6.798071986774172071e-03 4.833005333367109552e-02
3.000000000000000000e+00 1.370696700000000046e-01 -1.387873154227313721e-01 -1.831962131743793479e-02 3.609899041498301764e-02 2.071107338961562794e-02 -7.541850070959745141e-03 4.931050147889549234e-02
3.000000000000000000e+00 1.370696700000000046e-01 -1.387873154227313721e-01 -1.831962131743793479e-02 3.609899041498301764e-02 2.071107338961562794e-02 -7.541850070959745141e-03 4.931050147889549234e-02
3.000000000000000000e+00 1.432584399999999869e-01 -1.357894676942550394e-01 -1.929880904619825713e-02 3.657146935110264230e-02 2.138653424365738465e-02 -7.912473902259530706e-03 4.979444314511310282e-02
3.000000000000000000e+00 1.432584399999999869e-01 -1.357894676942550394e-01 -1.929880904619825713e-02 3.657146935110264230e-02 2.138653424365738465e-02 -7.912473902259530706e-03 4.979444314511310282e-02
3.000000000000000000e+00 1.556359499999999951e-01 -1.298240138966987312e-01 -2.125810972147770123e-02 3.751753993835812290e-02 2.267068036410218104e-02 -8.649850091612600045e-03 5.076090223345637586e-02
3.000000000000000000e+00 1.556359499999999951e-01 -1.298240138966987312e-01 -2.125810972147770123e-02 3.751753993835812290e-02 2.267068036410218104e-02 -8.649850091612600045e-03 5.076090223345637586e-02
3.000000000000000000e+00 1.618246999999999880e-01 -1.268402055428296260e-01 -2.223173292657131678e-02 3.799200406467013319e-02 2.328257603360878863e-02 -9.016321782509486779e-03 5.124739904844842486e-02
3.000000000000000000e+00 1.618246999999999880e-01 -1.268402055428296260e-01 -2.223173292657131678e-02 3.799200406467013319e-02 2.328257603360878863e-02 -9.016321782509486779e-03 5.124739904844842486e-02
3.000000000000000000e+00 1.742022199999999910e-01 -1.208575733689465498e-01 -2.415805144008869448e-02 3.895206759196643415e-02 2.445442799821365490e-02 -9.746219108220696703e-03 5.224128450706772009e-02
3.000000000000000000e+00 1.742022199999999910e-01 -1.208575733689465498e-01 -2.415805144008869448e-02 3.895206759196643415e-02 2.445442799821365490e-02 -9.746219108220696703e-03 5.224128450706772009e-02
3.000000000000000000e+00 1.865797299999999992e-01 -1.148365606986265913e-01 -2.605800081234791940e-02 3.992568296657414417e-02 2.556634099619434913e-02 -1.047036121065008339e-02 5.326798151749668336e-02
3.000000000000000000e+00 1.865797299999999992e-01 -1.148365606986265913e-01 -2.605800081234791940e-02 3.992568296657414417e-02 2.556634099619434913e-02 -1.047036121065008339e-02 5.326798151749668336e-02
3.000000000000000000e+00 1.989572500000000022e-01 -1.087719348531818730e-01 -2.793956555578328352e-02 4.090237993937536481e-02 2.662641000139037359e-02 -1.118632967867246898e-02 5.431238193204438597e-02
3.000000000000000000e+00 1.989572500000000022e-01 -1.087719348531818730e-01 -2.793956555578328352e-02 4.090237993937536481e-02 2.662641000139037359e-02 -1.118632967867246898e-02 5.431238193204438597e-02
3.000000000000000000e+00 2.113347700000000051e-01 -1.026389349992957167e-01 -2.981166058473882358e-02 4.187303820742415555e-02 2.763861643670013912e-02 -1.189360609139145791e-02 5.534582254093314141e-02
3.000000000000000000e+00 2.113347700000000051e-01 -1.026389349992957167e-01 -2.981166058473882358e-02 4.187303820742415555e-02 2.763861643670013912e-02 -1.189360609139145791e-02 5.534582254093314141e-02
3.000000000000000000e+00 2.237122800000000133e-01 -9.642764946139986693e-02 -3.167882555969797620e-02 4.283771660864353625e-02 2.860918823900469865e-02 -1.259166931739314974e-02 5.636335905710785493e-02
3.000000000000000000e+00 2.237122800000000133e-01 -9.642764946139986693e-02 -3.167882555969797620e-02 4.283771660864353625e-02 2.860918823900469865e-02 -1.259166931739314974e-02 5.636335905710785493e-02
3.000000000000000000e+00 2.360897999999999886e-01 -9.006276507939542375e-02 -3.353164781429788383e-02 4.381417144345817194e-02 2.953413345715887386e-02 -1.328789652649080971e-02 5.737410147359108675e-02
3.000000000000000000e+00 2.360897999999999886e-01 -9.006276507939542375e-02 -3.353164781429788383e-02 4.381417144345817194e-02 2.953413345715887386e-02 -1.328789652649080971e-02 5.737410147359108675e-02
3.000000000000000000e+00 2.546560500000000227e-01 -8.022752965846062512e-02 -3.629078021728988218e-02 4.531618980897679505e-02 3.084152029107907478e-02 -1.432794723976324111e-02 5.890357522228410747e-02
3.000000000000000000e+00 2.546560500000000227e-01 -8.022752965846062512e-02 -3.629078021728988218e-02 4.531618980897679505e-02 3.084152029107907478e-02 -1.432794723976324111e-02 5.890357522228410747e-02
3.000000000000000000e+00 2.670335799999999926e-01 -7.351659072467639500e-02 -3.812588050282540719e-02 4.635183166889374207e-02 3.166740034364164819e-02 -1.501627096655049239e-02 5.994965535034924020e-02
3.000000000000000000e+00 2.670335799999999926e-01 -7.351659072467639500e-02 -3.812588050282540719e-02 4.635183166889374207e-02 3.166740034364164819e-02 -1.501627096655049239e-02 5.994965535034924020e-02
3.000000000000000000e+00 2.855998599999999832e-01 -6.315956873616296319e-02 -4.086891597252961805e-02 4.797274640396995138e-02 3.283650815460993633e-02 -1.604662662176683380e-02 6.158465913607628212e-02
3.000000000000000000e+00 2.855998599999999832e-01 -6.315956873616296319e-02 -4.086891597252961805e-02 4.797274640396995138e-02 3.283650815460993633e-02 -1.604662662176683380e-02 6.158465913607628212e-02
3.000000000000000000e+00 3.041661099999999895e-01 -5.243863814703628168e-02 -4.360320815551942120e-02 4.964115485567299757e-02 3.392881908894014586e-02 -1.705393203381352224e-02 6.327056899730931772e-02
3.000000000000000000e+00 3.041661099999999895e-01 -5.243863814703628168e-02 -4.360320815551942120e-02 4.964115485567299757e-02 3.392881908894014586e-02 -1.705393203381352224e-02 6.327056899730931772e-02
3.000000000000000000e+00 1.065383200000000086e+00 6.525193490749015002e-01 -9.865222855887315068e-02 7.727924700714337847e-02 3.738246465799911766e-02 -2.662129496265601067e-02 7.980663291940380544e-02
3.000000000000000000e+00 1.065383200000000086e+00 6.525193490749015002e-01 -9.865222855887315068e-02 7.727924700714337847e-02 3.738246465799911766e-02 -2.662129496265601067e-02 7.980663291940380544e-02
3.000000000000000000e+00 1.133459599999999901e+00 7.150450027513349793e-01 -9.591612039693718506e-02 7.070931433155720758e-02 3.428226540472593953e-02 -2.358470699198782217e-02 7.293732851935554040e-02
3.000000000000000000e+00 1.133459599999999901e+00 7.150450027513349793e-01 -9.591612039693718506e-02 7.070931433155720758e-02 3.428226540472593953e-02 -2.358470699198782217e-02 7.293732851935554040e-02
3.000000000000000000e+00 1.133459599999999901e+00 7.150450027513349793e-01 -9.591612039693718506e-02 7.070931433155720758e-02 3.428226540472593953e-02 -2.358470699198782217e-02 7.293732851935554040e-02
3.000000000000000000e+00 1.201535800000000043e+00 7.698970286683033404e-01 -9.224493932519362005e-02 6.307678903714253327e-02 3.110183873468474677e-02 -2.042326615082298499e-02 6.551905208098755817e-02
3.000000000000000000e+00 1.201535800000000043e+00 7.698970286683033404e-01 -9.224493932519362005e-02 6.307678903714253327e-02 3.110183873468474677e-02 -2.042326615082298499e-02 6.551905208098755817e-02
3.000000000000000000e+00 1.201535800000000043e+00 7.698970286683033404e-01 -9.224493932519362005e-02 6.307678903714253327e-02 3.110183873468474677e-02 -2.042326615082298499e-02 6.551905208098755817e-02
3.000000000000000000e+00 1.269612200000000080e+00 8.158767860912360392e-01 -8.794434318968334663e-02 5.549951195906465545e-02 2.816088097851233291e-02 -1.737099484419867348e-02 5.815300274348148696e-02
3.000000000000000000e+00 1.269612200000000080e+00 8.158767860912360392e-01 -8.794434318968334663e-02 5.549951195906465545e-02 2.816088097851233291e-02 -1.737099484419867348e-02 5.815300274348148696e-02
3.000000000000000000e+00 1.350066100000000047e+00 8.601086302884336510e-01 -8.221542589348926344e-02 4.727504452862839324e-02 2.523977377462119365e-02 -1.424477500710447271e-02 5.041476405762983920e-02
3.000000000000000000e+00 1.350066100000000047e+00 8.601086302884336510e-01 -8.221542589348926344e-02 4.727504452862839324e-02 2.523977377462119365e-02 -1.424477500710447271e-02 5.041476405762983920e-02
