0 	0 	0 	0
0.0010637159 	-0.015501026 	-1.2144701e-05 	1.6388093e-23
0.0022067933 	-0.027680176 	-5.1762892e-05 	0
0.0034351532 	-0.036453247 	-0.00011437668 	-1.0714278e-23
0.0047551584 	-0.042693901 	-0.00019779628 	-2.2125519e-23
0.0061736463 	-0.047316236 	-0.00030114551 	-1.1426787e-23
0.0076979646 	-0.050879286 	-0.00042391477 	4.2534602e-24
0.0093360089 	-0.053704626 	-0.00056599139 	7.7269132e-24
0.011096264 	-0.055984686 	-0.000727724 	-8.9941207e-24
0.012987848 	-0.057840625 	-0.00090981541 	-1.2475659e-23
0.015020559 	-0.059352105 	-0.0011132256 	1.0677548e-23
0.017204926 	-0.060573254 	-0.0013391211 	1.5455497e-23
0.019552264 	-0.061541658 	-0.0015888503 	4.5301033e-24
0.022074732 	-0.062283696 	-0.0018639308 	4.2210353e-24
0.024785396 	-0.062817822 	-0.0021660433 	2.8519225e-23
0.027698296 	-0.063156669 	-0.0024970303 	4.7505957e-23
0.030828522 	-0.063308422 	-0.002858897 	1.57451e-23
0.034192287 	-0.063277742 	-0.0032538148 	4.984299e-23
0.037807015 	-0.06306639 	-0.0036841264 	4.398235e-23
0.04169143 	-0.062673638 	-0.0041523511 	-1.3506972e-23
0.045865653 	-0.062096552 	-0.0046611919 	-1.3351826e-23
0.050351306 	-0.061330156 	-0.0052135417 	-3.0149655e-25
0.055171623 	-0.06036752 	-0.0058124912 	-2.4921506e-23
0.060351574 	-0.059199788 	-0.0064613349 	-2.1441347e-24
0.06591799 	-0.057816136 	-0.0071635783 	-6.2050214e-23
0.071899704 	-0.056203696 	-0.0079229431 	-1.183855e-22
0.078327701 	-0.054347417 	-0.008743372 	1.2876682e-24
0.085235276 	-0.05222989 	-0.009629031 	2.1787851e-23
0.092658211 	-0.049831115 	-0.01058431 	-2.4777664e-22
0.10063495 	-0.047128221 	-0.011613821 	-2.4922163e-22
0.10920683 	-0.044095117 	-0.012722386 	1.4583379e-22
0.11841823 	-0.040702097 	-0.01391503 	1.4608207e-22
0.12831687 	-0.036915354 	-0.015196955 	1.4550409e-22
0.13895403 	-0.032696429 	-0.016573513 	1.4610223e-22
0.1503848 	-0.028001567 	-0.01805016 	0
0.1626684 	-0.022780967 	-0.019632402 	3.017839e-22
0.17586845 	-0.016977929 	-0.021325692 	3.0331209e-22
0.19005333 	-0.010528248 	-0.023135218 	-7.6780201e-23
0.20529651 	-0.0033598742 	-0.025065464 	-2.9152612e-22
0.22167696 	0.004606122 	-0.027119744 	-2.1194059e-22
0.23927951 	0.013457295 	-0.029300149 	-1.3373283e-22
0.25819535 	0.023296458 	-0.031607995 	-1.422954e-22
0.27852246 	0.034244358 	-0.034043878 	-1.4710735e-23
0.30036613 	0.04643857 	-0.036606855 	-1.4757851e-21
0.32383951 	0.060034223 	-0.039293442 	3.7733965e-23
0.34906419 	0.075205381 	-0.042096771 	3.3552989e-21
0.37617083 	0.092146038 	-0.045005628 	1.831142e-21
0.40529983 	0.11107042 	-0.048003269 	2.0788422e-22
0.43660209 	0.13221215 	-0.051065988 	-3.6568153e-21
0.47023974 	0.15582153 	-0.054161453 	-3.8626624e-21
0.50638702 	0.18216008 	-0.057246875 	-4.7747918e-22
0.54523117 	0.21149086 	-0.060266939 	-1.7116091e-22
0.5869734 	0.24406615 	-0.063152159 	1.4878669e-22
0.63182993 	0.28010148 	-0.065818019 	1.6659723e-20
0.67506132 	0.31564254 	-0.067922652 	3.2747624e-20
0.6800331 	0.31973159 	-0.068164422 	3.4477366e-20
0.73183261 	0.36296767 	-0.070077467 	1.6773478e-20
0.78749677 	0.4096456 	-0.071444742 	-4.5723526e-22
0.84731391 	0.45935339 	-0.07215857 	0
0.91159388 	0.51137217 	-0.072137946 	-1.6324328e-20
0.98066963 	0.56465922 	-0.071350371 	-1.4616224e-20
1.054899 	0.61791642 	-0.069829345 	-8.8289839e-23
1.1346664 	0.6697747 	-0.067676031 	5.9207943e-21
1.2203851 	0.71906502 	-0.065037248 	8.4098752e-21
1.3124991 	0.76506605 	-0.062063593 	-2.4556087e-20
1.4114856 	0.8075995 	-0.058874509 	-1.7883505e-20
1.5178571 	0.8465741 	-0.055584583 	1.5364284e-20
1.6242287 	0.88091465 	-0.052398692 	-1.4671894e-20
1.7232152 	0.91004476 	-0.049471498 	-4.6923637e-20
1.8153292 	0.93475832 	-0.046792408 	-6.1496974e-21
1.9010479 	0.9559023 	-0.044313755 	1.8664759e-20
1.9808153 	0.97402622 	-0.042000638 	-6.4381656e-21
2.0550447 	0.98949564 	-0.039827927 	2.4096717e-21
2.1241204 	1.0025633 	-0.037777978 	8.7350251e-21
2.1884004 	1.013412 	-0.035838299 	0
2.2482175 	1.0221808 	-0.033999866 	0
2.3038817 	1.0289807 	-0.032255894 	5.1759374e-23
2.3556812 	1.0339052 	-0.030600988 	6.7983954e-25
2.4038844 	1.0370366 	-0.029030523 	-4.3170984e-21
2.4487409 	1.0384504 	-0.027540182 	-6.7265892e-21
2.4904831 	1.0382181 	-0.026125582 	-1.4222207e-21
2.5293273 	1.0364068 	-0.024781978 	1.3221389e-21
2.5654745 	1.0330803 	-0.023504052 	1.1730609e-20
2.5991122 	1.0282973 	-0.022285726 	1.7383921e-20
2.6304145 	1.0221111 	-0.021120274 	4.9914112e-21
2.6595435 	1.0145659 	-0.020000433 	2.6656427e-21
2.6866501 	1.0056939 	-0.018918458 	3.2902625e-21
2.7118748 	0.995517 	-0.01786678 	-6.7425109e-22
2.7353482 	0.98405134 	-0.016838607 	3.1917293e-21
2.7571918 	0.9713133 	-0.015828437 	3.8420925e-21
2.7775189 	0.9573279 	-0.014832677 	-2.1881219e-21
2.7964348 	0.94213744 	-0.01385002 	-2.4291888e-21
2.8140373 	0.92580814 	-0.012881551 	-2.564649e-22
2.8304178 	0.9084331 	-0.011930501 	1.2007354e-22
2.845661 	0.8901308 	-0.011001721 	1.1135556e-22
2.8598458 	0.87103949 	-0.010100965 	0
2.8730459 	0.85130902 	-0.0092341487 	0
2.8853295 	0.83109183 	-0.0084067019 	0
2.8967603 	0.81053465 	-0.0076231131 	-6.2935705e-22
2.9073974 	0.78977201 	-0.0068866739 	-1.2196248e-21
2.9172961 	0.7689219 	-0.0061994065 	-5.5644574e-22
2.9265075 	0.74808356 	-0.0055621274 	3.2199776e-23
2.9350793 	0.72733683 	-0.0049745947 	1.2070284e-21
2.9430561 	0.70674284 	-0.0044356974 	9.0729608e-22
2.950479 	0.68634539 	-0.0039436528 	-9.2562985e-22
2.9573866 	0.66617271 	-0.0034961928 	-6.1395637e-22
2.9638146 	0.64623941 	-0.0030907272 	-3.0368946e-22
2.9697963 	0.62654823 	-0.0027244819 	-6.0397516e-22
2.9753627 	0.60709166 	-0.0023946048 	-4.4335281e-22
2.9805427 	0.58785323 	-0.0020982492 	-1.4903617e-22
2.985363 	0.56880876 	-0.0018326387 	-3.4343337e-24
2.9898486 	0.54992705 	-0.001595109 	-3.130328e-24
2.9940229 	0.53117018 	-0.0013831371 	0
2.9979073 	0.51249364 	-0.0011943591 	-1.5217856e-22
3.001522 	0.49384594 	-0.0010265795 	-2.282305e-22
3.0048858 	0.47516792 	-0.00087777347 	-7.6058326e-23
3.008016 	0.45639138 	-0.00074608496 	0
3.0109289 	0.4374371 	-0.00062982137 	3.9212351e-23
3.0136396 	0.41821191 	-0.00052744617 	-2.9589246e-24
3.016162 	0.39860444 	-0.00043757052 	-4.2512557e-23
3.0185094 	0.3784789 	-0.00035894439 	-4.5572014e-23
3.0206937 	0.35766594 	-0.00029044775 	-9.1957626e-23
3.0227264 	0.33594879 	-0.00023108254 	-4.6989784e-23
3.024618 	0.31304176 	-0.00017996575 	-3.525362e-25
3.0263783 	0.28855595 	-0.00013632503 	-2.9409599e-23
3.0280163 	0.26194306 	-9.949836e-05 	-2.8720575e-23
3.0295406 	0.23240356 	-6.8938762e-05 	3.8207031e-23
3.0309591 	0.19875159 	-4.4215601e-05 	3.7630236e-23
3.0322791 	0.15932992 	-2.5008424e-05 	-2.6505694e-23
3.0335075 	0.11256963 	-1.1148903e-05 	-2.6470357e-23
3.0346506 	0.059101606 	-2.3539897e-06 	2.3260905e-23
3.0357143 	0 	0 	0
