0 	0 	0 	0 	0 	0 	0
0.0010637159 	0.0021204062 	0.00023918252 	1.5260228e-26 	0.0021230539 	2.3388331e-25 	0.0021217086
0.0022067933 	0.0035189306 	0.00057594041 	1.0388365e-25 	0.003532025 	7.0380383e-25 	0.0035254335
0.0034351532 	0.0046375657 	0.00084321091 	1.579738e-25 	0.0046729963 	1.2520914e-24 	0.0046552829
0.0047551584 	0.0055070329 	0.00097075494 	1.5922291e-25 	0.0055766557 	-2.6125755e-25 	0.0055419013
0.0061736463 	0.006214938 	0.0010108814 	6.8615086e-25 	0.0063293716 	-3.2921131e-24 	0.0062722113
0.0076979646 	0.0068188632 	0.001003642 	2.8794232e-25 	0.0069877912 	-2.8981505e-24 	0.0069033604
0.0093360089 	0.0073524593 	0.00096797456 	-5.3090163e-25 	0.0075851429 	2.7151522e-24 	0.0074688195
0.011096264 	0.0078361056 	0.00091293561 	1.9826734e-24 	0.0081417666 	4.5546673e-24 	0.0079889481
0.012987848 	0.0082828513 	0.00084315139 	3.4273722e-24 	0.0086708797 	-5.1737116e-24 	0.0084768742
0.015020559 	0.0087014931 	0.00076108991 	-1.2157508e-24 	0.0091815672 	-8.0265561e-24 	0.0089415364
0.017204926 	0.0090982264 	0.00066807015 	-4.4657407e-24 	0.0096803964 	1.8227726e-24 	0.0093893159
0.019552264 	0.0094775807 	0.00056474923 	-6.8682814e-24 	0.010172329 	3.6796876e-24 	0.0098249582
0.022074732 	0.0098429755 	0.00045137466 	-5.2219576e-24 	0.010661261 	-8.3625124e-24 	0.010252121
0.024785396 	0.010197069 	0.00032792218 	-7.0016262e-24 	0.011150356 	-1.6356999e-23 	0.010673714
0.027698296 	0.010541983 	0.00019417512 	-1.0320114e-23 	0.011642262 	4.4243738e-24 	0.011092123
0.030828522 	0.010879453 	4.9771418e-05 	-2.2971285e-24 	0.012139254 	-7.4624282e-25 	0.011509354
0.034192287 	0.011210942 	-0.00010576682 	-9.4687892e-24 	0.012643325 	-1.2908645e-23 	0.011927134
0.037807015 	0.011537712 	-0.00027301634 	-2.9822643e-24 	0.013156263 	2.822547e-23 	0.012346987
0.04169143 	0.011860883 	-0.00045264296 	-1.9362709e-23 	0.013679686 	2.572916e-23 	0.012770283
0.045865653 	0.012181482 	-0.00064539378 	-3.2446982e-23 	0.014215082 	-8.5989013e-24 	0.01319828
0.050351306 	0.012500482 	-0.00085209411 	-6.2021732e-24 	0.014763823 	4.7168812e-24 	0.013632151
0.055171623 	0.01281883 	-0.0010736467 	1.9260289e-23 	0.015327186 	2.7374602e-24 	0.014073005
0.060351574 	0.013137478 	-0.0013110303 	-8.3073414e-24 	0.015906352 	1.625142e-23 	0.014521912
0.06591799 	0.013457411 	-0.0015652991 	-2.8043705e-23 	0.016502413 	5.7392849e-23 	0.014979908
0.071899704 	0.01377967 	-0.0018375836 	4.7140664e-23 	0.017116363 	-2.8556082e-23 	0.015448012
0.078327701 	0.01410538 	-0.0021290903 	4.3407009e-23 	0.017749096 	-7.4203778e-23 	0.015927233
0.085235276 	0.01443577 	-0.0024411008 	-2.7311694e-23 	0.01840139 	1.2179306e-22 	0.016418574
0.092658211 	0.014772201 	-0.0027749688 	4.8103167e-23 	0.019073892 	1.6751215e-22 	0.01692304
0.10063495 	0.015116185 	-0.003132117 	3.9233621e-23 	0.019767099 	-1.8896354e-22 	0.017441634
0.10920683 	0.015469408 	-0.0035140304 	-6.06141e-24 	0.020481332 	-2.2393576e-22 	0.017975362
0.11841823 	0.015833755 	-0.003922246 	4.4012933e-23 	0.021216709 	1.0257008e-23 	0.018525223
0.12831687 	0.016211316 	-0.0043583372 	-4.1620471e-24 	0.021973106 	2.0487166e-24 	0.019092202
0.13895403 	0.016604406 	-0.0048238958 	-3.6621938e-23 	0.022750124 	8.4048066e-23 	0.019677254
0.1503848 	0.017015564 	-0.0053205052 	6.6414337e-23 	0.023547042 	-1.0823337e-23 	0.020281286
0.1626684 	0.017447578 	-0.0058497152 	3.1991728e-23 	0.02436274 	-1.9896131e-22 	0.020905123
0.17586845 	0.017903505 	-0.0064128213 	4.5125989e-24 	0.025195526 	1.3369154e-22 	0.021549467
0.19005333 	0.018386924 	-0.0070104529 	8.2133516e-23 	0.026042795 	3.8834612e-22 	0.022214837
0.20529651 	0.018902077 	-0.0076416833 	3.3911783e-22 	0.026900797 	1.6985286e-22 	0.022901504
0.22167696 	0.019453557 	-0.0083045525 	3.46384e-22 	0.027765077 	-2.3185194e-23 	0.023609396
0.23927951 	0.020044687 	-0.0089994326 	2.2172445e-22 	0.028631387 	-8.5995284e-23 	0.024338007
0.25819535 	0.020676895 	-0.0097290255 	1.6487658e-22 	0.029495715 	-1.6348043e-22 	0.025086239
0.27852246 	0.021351458 	-0.010494289 	2.130616e-22 	0.030352936 	2.6350116e-22 	0.025852168
0.30036613 	0.022069784 	-0.011293349 	6.7958815e-23 	0.031195741 	-1.0411539e-22 	0.026632749
0.32383951 	0.022832343 	-0.012122517 	-3.1898617e-22 	0.032014604 	-1.6861088e-21 	0.027423458
0.34906419 	0.023637959 	-0.012976235 	5.4802008e-22 	0.032797787 	-1.1669694e-21 	0.028217856
0.37617083 	0.024483191 	-0.01384656 	6.7091334e-22 	0.033530959 	6.527837e-22 	0.02900706
0.40529983 	0.025361558 	-0.014722564 	-5.5989657e-22 	0.034196676 	2.0613727e-21 	0.029779109
0.43660209 	0.026262602 	-0.015589623 	9.633343e-22 	0.034773883 	1.3954022e-21 	0.030518246
0.47023974 	0.027170777 	-0.016428635 	1.9836891e-21 	0.03523748 	-1.2706885e-21 	0.031204137
0.50638702 	0.028064195 	-0.017215205 	5.5779023e-21 	0.035557974 	-2.4398191e-21 	0.031811121
0.54523117 	0.028913338 	-0.017919796 	4.5958414e-21 	0.035701643 	-1.335306e-21 	0.032307622
0.5869734 	0.029677025 	-0.018502396 	-3.2721214e-21 	0.035627194 	-3.3813667e-21 	0.032652272
0.63182993 	0.030310009 	-0.018921148 	-2.3793507e-23 	0.035299383 	-8.1303035e-21 	0.032804809
0.67506132 	0.03071372 	-0.019109829 	1.8848105e-20 	0.034750735 	-4.9017589e-21 	0.032732373
0.6800331 	0.030760065 	-0.019131446 	2.0962442e-20 	0.03468754 	-4.4963283e-21 	0.032723951
0.73183261 	0.030963128 	-0.019081948 	1.6429737e-20 	0.033759917 	3.7592007e-21 	0.032361661
0.78749677 	0.030859672 	-0.018730775 	7.1357542e-21 	0.032504208 	1.9255395e-21 	0.031681957
0.84731391 	0.030404209 	-0.018051938 	-1.6896879e-20 	0.030935655 	4.9550833e-21 	0.030669808
0.91159388 	0.029580957 	-0.017047619 	-3.5477662e-20 	0.029106069 	7.5796918e-21 	0.029343233
0.98066963 	0.02842002 	-0.015759609 	-9.8641231e-21 	0.027107587 	-9.7327473e-22 	0.027763399
1.054899 	0.027004621 	-0.014271896 	7.3689835e-21 	0.025064192 	-4.1175714e-21 	0.026033985
1.1346664 	0.025458345 	-0.012697995 	-5.3282244e-21 	0.023106674 	-1.2143369e-21 	0.024282172
1.2203851 	0.023909563 	-0.011153965 	-6.1840427e-20 	0.021335917 	8.5701505e-21 	0.022622627
1.3124991 	0.022447292 	-0.0097287192 	-8.0050684e-20 	0.019792398 	9.6742703e-21 	0.021119886
1.4114856 	0.021095094 	-0.0084823233 	-1.3046921e-21 	0.018449282 	-3.2739274e-21 	0.019772155
1.5178571 	0.019830075 	-0.0074461142 	3.7169879e-20 	0.017243009 	-2.3533024e-21 	0.018536599
1.6242287 	0.018642657 	-0.0066084506 	-1.3511778e-21 	0.016135349 	6.6920473e-21 	0.017389165
1.7232152 	0.017526244 	-0.0059100118 	-4.9652421e-20 	0.01510251 	1.5194094e-21 	0.016314435
1.8153292 	0.016457853 	-0.0052898319 	-3.5608024e-20 	0.0141155 	-5.2703395e-21 	0.015286686
1.9010479 	0.015426173 	-0.0047115262 	-3.6261444e-21 	0.013163557 	7.8431952e-22 	0.014294876
1.9808153 	0.014432749 	-0.0041540363 	-6.0422845e-21 	0.012250671 	2.3042081e-21 	0.013341711
2.0550447 	0.013484345 	-0.0036073667 	-2.3940415e-21 	0.011385761 	-1.6440397e-21 	0.012435049
2.1241204 	0.012589189 	-0.0030686896 	1.2104365e-20 	0.010578382 	5.1132043e-23 	0.011583778
2.1884004 	0.011755137 	-0.0025393813 	1.8241738e-21 	0.0098366935 	1.0319395e-21 	0.010795907
2.2482175 	0.0109888 	-0.002022994 	-1.0879006e-20 	0.0091667469 	3.5872259e-22 	0.010077767
2.3038817 	0.010295175 	-0.0015239108 	7.462719e-22 	0.0085723542 	-1.5253639e-23 	0.0094337608
2.3556812 	0.0096775195 	-0.0010464475 	6.7498933e-21 	0.0080552287 	4.0638524e-22 	0.0088663706
2.4038844 	0.009137358 	-0.00059429838 	5.9852575e-21 	0.0076152286 	6.6692779e-22 	0.0083762895
2.4487409 	0.0086746517 	-0.00017020887 	4.8784041e-21 	0.0072506289 	-5.0616435e-22 	0.007962638
2.4904831 	0.0082880979 	0.0002242618 	6.0155436e-21 	0.0069584202 	-1.1014306e-21 	0.007623259
2.5293273 	0.0079754714 	0.00058888327 	-6.4299857e-22 	0.0067346669 	-1.5898978e-21 	0.0073550716
2.5654745 	0.0077339442 	0.00092484362 	-2.4637899e-21 	0.0065749213 	-1.7748032e-21 	0.0071544393
2.5991122 	0.0075604536 	0.0012346986 	-3.5800943e-22 	0.0064747917 	8.5492272e-22 	0.0070176341
2.6304145 	0.007452571 	0.0015225555 	-3.2509466e-21 	0.0064307743 	1.7132156e-21 	0.0069416808
2.6595435 	0.0074061531 	0.0017929585 	2.653346e-21 	0.0064384785 	1.4750766e-22 	0.0069223188
2.6866501 	0.0074175985 	0.002050997 	2.4706784e-21 	0.0064944075 	3.3803713e-22 	0.0069560088
2.7118748 	0.0074853983 	0.0023022976 	-1.2819079e-21 	0.0065971572 	1.410734e-23 	0.0070412847
2.7353482 	0.0076072355 	0.0025517528 	-1.2357888e-21 	0.006745119 	-4.3625229e-22 	0.0071761817
2.7571918 	0.0077804056 	0.002803377 	-1.9843322e-22 	0.006936696 	6.0442133e-22 	0.007358553
2.7775189 	0.0080012891 	0.00305978 	4.7379391e-23 	0.0071697677 	6.4217101e-22 	0.0075855281
2.7964348 	0.0082649592 	0.0033218824 	-4.580309e-23 	0.0074411897 	-2.1602557e-22 	0.0078530719
2.8140373 	0.0085648649 	0.0035887897 	-1.5758433e-21 	0.0077463572 	-2.4698507e-22 	0.0081556064
2.8304178 	0.0088928688 	0.0038579502 	-2.7481322e-21 	0.0080790795 	-7.5383322e-27 	0.008485968
2.845661 	0.0092396235 	0.0041255449 	-1.3970101e-21 	0.0084317867 	3.1171305e-23 	0.0088356984
2.8598458 	0.0095951964 	0.0043870307 	-2.4946096e-22 	0.0087960088 	1.3455093e-23 	0.0091955962
2.8730459 	0.0099497925 	0.004637729 	-1.2262785e-22 	0.009163007 	6.6534666e-25 	0.0095563944
2.8853295 	0.010294422 	0.0048733408 	3.4431001e-22 	0.0095244072 	7.5722536e-23 	0.0099094106
2.8967603 	0.010621393 	0.0050903132 	1.0195575e-21 	0.009872716 	1.3907917e-22 	0.010247051
2.9073974 	0.010924582 	0.0052860381 	1.3241509e-22 	0.010201659 	-2.12045e-23 	0.010563118
2.9172961 	0.011199506 	0.0054588959 	-4.6593847e-22 	0.01050633 	-1.6073198e-22 	0.010852916
2.9265075 	0.011443222 	0.0056081874 	1.122355e-22 	0.010783183 	-2.4181389e-22 	0.011113203
2.9350793 	0.011654135 	0.0057339964 	6.3750587e-22 	0.011029919 	-1.1561678e-22 	0.011342027
2.9430561 	0.011831738 	0.00583702 	2.5290137e-22 	0.011245293 	3.1226927e-22 	0.011538516
2.950479 	0.011976363 	0.0059183993 	-4.3720471e-22 	0.011428915 	2.1121289e-22 	0.011702639
2.9573866 	0.012088931 	0.0059795641 	-1.8998931e-22 	0.011581035 	-9.1045696e-23 	0.011834984
2.9638146 	0.012170746 	0.006022096 	-9.1392794e-23 	0.011702357 	2.6627934e-24 	0.011936552
2.9697963 	0.012223328 	0.0060476514 	-2.9889445e-22 	0.011793886 	1.8730611e-23 	0.012008608
2.9753627 	0.012248187 	0.0060577961 	-2.2609016e-22 	0.011856706 	-7.1629585e-23 	0.012052447
2.9805427 	0.012246848 	0.0060540391 	-3.0967848e-23 	0.011891997 	-6.8503574e-23 	0.012069423
2.985363 	0.012220753 	0.006037784 	-1.0879307e-23 	0.011900929 	-2.2283825e-23 	0.012060842
2.9898486 	0.01217105 	0.0060101947 	-1.3447474e-22 	0.011884458 	-1.9364989e-25 	0.012027754
2.9940229 	0.012098648 	0.0059722615 	-1.8741488e-22 	0.01184336 	2.5219648e-23 	0.011971004
2.9979073 	0.012004154 	0.0059247506 	-9.4243532e-23 	0.011778161 	3.6006339e-23 	0.011891158
3.001522 	0.011887817 	0.0058681782 	-2.7122196e-23 	0.011689076 	-1.3114394e-23 	0.011788447
3.0048858 	0.011749478 	0.0058027829 	-3.1267346e-23 	0.011575944 	-3.5013566e-23 	0.011662711
3.008016 	0.011588498 	0.005728487 	-3.4801241e-23 	0.011438155 	-1.7216747e-23 	0.011513327
3.0109289 	0.01140367 	0.0056448392 	-2.0188687e-24 	0.011274554 	7.4315301e-25 	0.011339112
3.0136396 	0.011193095 	0.0055509225 	-2.4598442e-23 	0.011083308 	1.1688729e-23 	0.011138201
3.016162 	0.010954 	0.0054452136 	-2.7477364e-23 	0.010861723 	5.7605001e-24 	0.010907861
3.0185094 	0.010682481 	0.0053253657 	-6.5237898e-24 	0.010605975 	6.4499476e-24 	0.010644228
3.0206937 	0.010373109 	0.0051878524 	3.1546699e-24 	0.010310724 	1.4868873e-25 	0.010341916
3.0227264 	0.010018345 	0.0050273701 	9.4859629e-24 	0.0099685157 	-1.0332098e-23 	0.00999343
3.024618 	0.00960763 	0.0048358115 	7.3817477e-24 	0.0095688699 	-1.9579104e-24 	0.009588249
3.0263783 	0.0091259597 	0.0046004097 	-3.072426e-24 	0.0090968532 	2.6596989e-24 	0.0091114049
3.0280163 	0.0085516859 	0.0043002594 	-2.9898322e-24 	0.0085308706 	-4.9229286e-24 	0.0085412755
3.0295406 	0.0078534272 	0.0038997662 	6.9848743e-25 	0.0078395658 	-4.5091533e-24 	0.0078464926
3.0309591 	0.006987889 	0.0033386474 	1.1584024e-24 	0.0069796212 	2.5995443e-24 	0.0069837526
3.0322791 	0.0059123125 	0.0025411919 	9.4822069e-26 	0.0059081909 	2.3826786e-24 	0.0059102535
3.0335075 	0.004673923 	0.0015583273 	-1.2294927e-25 	0.0046723821 	-5.2554744e-25 	0.0046731602
3.0346506 	0.0036522126 	0.00074993505 	-5.1791822e-26 	0.0036518449 	-3.8831678e-25 	0.003652032
3.0357143 	0 	0 	0 	0 	0 	0
