0 	0 	0 	0 	0 	0 	0
0.0010637159 	0.0018798484 	-0.0002905582 	-1.3548981e-26 	0.0018799856 	-4.4733679e-25 	0.0018799191
0.0022067933 	0.0029649501 	-0.00072795039 	9.3204236e-26 	0.0029657459 	-1.2806631e-24 	0.002965349
0.0034351532 	0.003912348 	-0.0011791397 	1.0696358e-25 	0.0039148227 	9.2614456e-25 	0.0039135833
0.0047551584 	0.0046729889 	-0.0015006689 	3.2104704e-26 	0.0046783795 	-1.1299232e-24 	0.0046756861
0.0061736463 	0.0052954982 	-0.0017108288 	6.2686238e-25 	0.0053050663 	-2.9988864e-24 	0.0053002866
0.0076979646 	0.0058256665 	-0.0018558879 	3.186642e-25 	0.0058406492 	1.7506808e-24 	0.0058331615
0.0093360089 	0.0062932118 	-0.0019640048 	1.3023964e-24 	0.0063148401 	4.7683868e-24 	0.0063040282
0.011096264 	0.006716837 	-0.0020503274 	-1.5056862e-24 	0.0067463689 	2.3241836e-24 	0.0067316045
0.012987848 	0.0071087007 	-0.00212335 	-3.896846e-24 	0.0071474476 	-4.95266e-24 	0.0071280753
0.015020559 	0.0074770496 	-0.002188159 	3.8896725e-25 	0.0075263939 	5.8379813e-25 	0.0075017226
0.017204926 	0.0078277073 	-0.0022480048 	2.4821242e-24 	0.0078891166 	6.8415882e-24 	0.0078584126
0.019552264 	0.0081649352 	-0.0023050922 	-1.4835705e-24 	0.0082399745 	1.903972e-24 	0.0082024553
0.022074732 	0.0084919521 	-0.0023610027 	-6.0989002e-26 	0.0085822935 	8.2891918e-24 	0.0085371232
0.024785396 	0.0088112587 	-0.0024169366 	-5.5092198e-24 	0.0089186909 	1.9472411e-23 	0.0088649751
0.027698296 	0.0091248473 	-0.00247385 	-1.3199199e-23 	0.0092512834 	-3.9622388e-24 	0.0091880656
0.030828522 	0.009434342 	-0.0025325458 	2.0747578e-23 	0.0095818268 	-2.8082632e-23 	0.0095080846
0.034192287 	0.0097410971 	-0.002593734 	4.662745e-23 	0.0099118128 	-8.6038529e-24 	0.0098264551
0.037807015 	0.010046265 	-0.0026580624 	3.5435057e-23 	0.010242536 	4.1633664e-24 	0.0101444
0.04169143 	0.010350846 	-0.0027261494 	8.1370332e-24 	0.010575141 	7.3493905e-24 	0.010462994
0.045865653 	0.010655728 	-0.0027986011 	-3.6340177e-24 	0.010910662 	1.5115723e-23 	0.010783195
0.050351306 	0.010961714 	-0.002876026 	3.3146458e-24 	0.011250047 	2.2375189e-23 	0.01110588
0.055171623 	0.011269542 	-0.0029590467 	-3.9767114e-23 	0.011594175 	1.5652392e-23 	0.011431858
0.060351574 	0.011579907 	-0.0030483072 	-1.0643632e-22 	0.011943875 	-2.3674588e-23 	0.011761891
0.06591799 	0.011893477 	-0.0031444871 	-6.1176091e-23 	0.012299937 	7.2404938e-23 	0.012096707
0.071899704 	0.012210902 	-0.003248307 	-2.1187311e-22 	0.012663116 	4.6723404e-23 	0.012437009
0.078327701 	0.012532827 	-0.003360529 	-1.5280722e-22 	0.013034144 	-1.728514e-22 	0.012783485
0.085235276 	0.012859907 	-0.0034819696 	1.8012573e-22 	0.013413728 	6.4811028e-24 	0.013136816
0.092658211 	0.013192807 	-0.0036135045 	-1.5761095e-22 	0.013802554 	3.5117976e-22 	0.01349768
0.10063495 	0.013532222 	-0.003756068 	-5.2802151e-22 	0.01420129 	1.6941896e-22 	0.013866756
0.10920683 	0.013878876 	-0.0039106616 	-2.4561571e-22 	0.01461058 	-2.8691466e-22 	0.014244728
0.11841823 	0.014233538 	-0.0040783567 	-2.0257404e-23 	0.015031042 	-2.3357308e-22 	0.01463229
0.12831687 	0.014597025 	-0.0042602983 	-2.3352794e-22 	0.015463259 	3.1359683e-24 	0.015030142
0.13895403 	0.014970209 	-0.0044577041 	-4.6652668e-22 	0.015907779 	-4.198565e-22 	0.015438994
0.1503848 	0.015354025 	-0.0046718641 	2.1208375e-22 	0.016365095 	-2.7053127e-22 	0.01585956
0.1626684 	0.015749474 	-0.004904139 	-7.7228755e-23 	0.016835636 	6.3505959e-22 	0.016292555
0.17586845 	0.016157628 	-0.0051559457 	-7.4858122e-22 	0.017319749 	1.3599872e-22 	0.016738689
0.19005333 	0.016579626 	-0.0054287515 	2.3335461e-22 	0.017817675 	-2.3801365e-22 	0.017198652
0.20529651 	0.017016672 	-0.0057240639 	2.0179646e-21 	0.018329522 	2.3562979e-22 	0.017673099
0.22167696 	0.017470021 	-0.0060433919 	2.2623575e-21 	0.01885523 	-1.3658446e-23 	0.018162628
0.23927951 	0.017940963 	-0.006388213 	1.0515477e-21 	0.019394531 	-1.4542935e-22 	0.018667751
0.25819535 	0.018430791 	-0.0067599332 	2.7192899e-23 	0.019946894 	8.4894063e-22 	0.019188848
0.27852246 	0.018940753 	-0.0071598235 	-6.8438688e-22 	0.020511459 	1.5287598e-21 	0.019726114
0.30036613 	0.019471992 	-0.007588939 	-2.7974165e-21 	0.02108696 	-9.7611635e-22 	0.020279486
0.32383951 	0.020025447 	-0.0080480064 	-6.7854389e-23 	0.021671623 	-3.1630791e-21 	0.020848548
0.34906419 	0.02060173 	-0.0085372925 	5.6380665e-21 	0.022263046 	-7.6479204e-22 	0.021432405
0.37617083 	0.021200958 	-0.0090564444 	3.4464845e-21 	0.022858048 	3.6603295e-21 	0.022029525
0.40529983 	0.021822521 	-0.0096042714 	-2.9598337e-21 	0.023452485 	3.2441707e-21 	0.022637531
0.43660209 	0.022464795 	-0.010178484 	-2.6667512e-21 	0.024041028 	-6.5281582e-22 	0.023252946
0.47023974 	0.023124756 	-0.010775392 	-6.1936761e-21 	0.024616899 	-1.8853291e-21 	0.023870867
0.50638702 	0.023797502 	-0.011389527 	1.4865488e-21 	0.025171548 	-1.2321187e-21 	0.024484571
0.54523117 	0.024475658 	-0.012013209 	2.9368699e-21 	0.0256943 	2.6504754e-21 	0.025085032
0.5869734 	0.02514866 	-0.012636058 	-1.7742184e-20 	0.026171948 	1.9899885e-21 	0.025660363
0.63182993 	0.02580191 	-0.013244459 	-5.5113897e-23 	0.026588345 	-5.1833981e-21 	0.026195189
0.67505548 	0.026352437 	-0.013761466 	1.093196e-20 	0.026889335 	-6.7135503e-21 	0.026620939
0.6800331 	0.026415856 	-0.013821045 	1.2163475e-20 	0.02692404 	-6.8632873e-21 	0.026670001
0.73183261 	0.026965162 	-0.014344528 	2.1173277e-20 	0.02715597 	-5.9235486e-22 	0.027060627
0.78749677 	0.027416731 	-0.014787847 	3.2462886e-20 	0.027256831 	7.5698901e-21 	0.027336848
0.84731391 	0.027731239 	-0.015120123 	4.6547228e-21 	0.027197215 	9.1500554e-21 	0.027464254
0.91159388 	0.027862156 	-0.015306635 	-5.1428458e-21 	0.02694606 	5.6072828e-22 	0.027404101
0.98066963 	0.027756061 	-0.015309209 	-6.5090101e-21 	0.026471391 	-6.0356856e-21 	0.027113687
1.054899 	0.02735787 	-0.015090318 	-5.3002166e-21 	0.025745053 	-3.2615981e-21 	0.026551384
1.1346664 	0.026617425 	-0.014618419 	3.3065776e-21 	0.024748925 	-3.4833129e-21 	0.025682922
1.2203851 	0.025498665 	-0.013874402 	9.8090629e-21 	0.023481697 	-2.6798846e-22 	0.024489823
1.3124991 	0.023995686 	-0.01286169 	-3.2667781e-20 	0.021965656 	8.4577072e-21 	0.02298014
1.4114856 	0.022145521 	-0.011617688 	-1.7900734e-20 	0.020251032 	3.9345054e-21 	0.02119803
1.5178571 	0.020070092 	-0.010230573 	8.1306912e-21 	0.018434303 	-1.136151e-21 	0.019252578
1.6242287 	0.018016587 	-0.0088559608 	-6.7914334e-20 	0.016691766 	-2.7683546e-21 	0.017354543
1.7232152 	0.016183633 	-0.0076151898 	-9.9046646e-21 	0.015156941 	-4.1728887e-21 	0.015670485
1.8153292 	0.014606927 	-0.0065262304 	4.5928909e-20 	0.013836661 	2.1236141e-22 	0.014221879
1.9010479 	0.013259702 	-0.0055687204 	-2.0672394e-20 	0.012696018 	1.3765293e-21 	0.012977948
1.9808153 	0.012105565 	-0.0047175577 	-1.3364005e-20 	0.011700829 	1.9934322e-22 	0.011903264
2.0550447 	0.011109675 	-0.0039500109 	1.6497163e-20 	0.010824414 	3.8532209e-21 	0.010967075
2.1241204 	0.010244314 	-0.00324939 	-1.3562481e-20 	0.010048201 	2.681497e-21 	0.010146285
2.1884004 	0.0094898035 	-0.002604322 	-2.5949859e-21 	0.0093600647 	-4.5770885e-21 	0.0094249619
2.2482175 	0.0088327062 	-0.0020067442 	5.4992307e-21 	0.0087523292 	-3.2161156e-21 	0.0087925372
2.3038817 	0.0082652267 	-0.0014509021 	-2.2180676e-21 	0.0082212858 	2.7193165e-21 	0.0082432683
2.3556812 	0.0077840682 	-0.00093212519 	-6.4344372e-21 	0.0077663344 	2.7945281e-21 	0.0077752142
2.4038844 	0.007388407 	-0.00044560892 	-1.6462456e-20 	0.0073884242 	-1.9296703e-21 	0.0073884307
2.4487409 	0.0070791968 	1.373798e-05 	-6.055787e-21 	0.007089798 	-2.110475e-21 	0.007084513
2.4904831 	0.0068585013 	0.00045120175 	1.3568417e-21 	0.0068737156 	2.2509203e-22 	0.0068661245
2.5293273 	0.0067284823 	0.00087210811 	3.8423861e-21 	0.0067437117 	-2.2234974e-22 	0.0067361122
2.5654745 	0.0066900477 	0.0012813711 	-8.8351371e-21 	0.0067023269 	-9.5514067e-22 	0.0066962022
2.5991122 	0.0067410006 	0.0016823452 	-8.3821444e-21 	0.0067491903 	-5.5473102e-22 	0.0067451106
2.6304145 	0.0068758029 	0.0020763393 	8.9959576e-23 	0.0068806611 	1.3187894e-21 	0.0068782433
2.6595435 	0.0070844166 	0.0024620625 	-2.8971312e-21 	0.0070885081 	4.5935362e-22 	0.0070864706
2.6866501 	0.0073522409 	0.0028357207 	4.073918e-22 	0.0073595728 	-1.2071782e-21 	0.0073559154
2.7118748 	0.0076625176 	0.0031922609 	3.8676909e-21 	0.0076779362 	1.1060032e-22 	0.0076702361
2.7353482 	0.0079977491 	0.0035262028 	-7.4256089e-22 	0.0080263028 	5.7036578e-22 	0.0080120323
2.7571918 	0.0083415648 	0.0038326924 	-1.6505373e-21 	0.0083879524 	-9.8612985e-24 	0.0083647615
2.7775189 	0.008679966 	0.0041081195 	-1.71494e-21 	0.008748074 	2.6625407e-23 	0.0087140248
2.7964348 	0.0090018502 	0.0043502898 	-2.959816e-21 	0.0090944186 	8.115288e-24 	0.0090481386
2.8140373 	0.0092994906 	0.0045587047 	-1.8701641e-21 	0.0094179854 	1.3891487e-22 	0.0093587386
2.8304178 	0.0095682553 	0.0047343293 	-4.2624801e-22 	0.0097129122 	1.4025876e-22 	0.0096405832
2.845661 	0.0098058711 	0.0048790893 	-1.2352636e-21 	0.0099758164 	-2.133486e-22 	0.0098908426
2.8598458 	0.010011928 	0.0049956174 	-1.5199025e-21 	0.010205351 	-3.5947683e-22 	0.010108638
2.8730459 	0.010187324 	0.0050869327 	3.4143834e-23 	0.01040168 	-1.5357704e-22 	0.0102945
2.8853295 	0.010333795 	0.005156191 	-1.5524582e-22 	0.010566014 	1.7399106e-22 	0.010449902
2.8967603 	0.010453545 	0.005206498 	-3.3696669e-22 	0.01070023 	6.9435149e-23 	0.010576885
2.9073974 	0.010548981 	0.005240788 	5.7139492e-22 	0.010806577 	-8.5945082e-23 	0.010677777
2.9172961 	0.010622517 	0.0052617459 	3.8311816e-22 	0.01088746 	9.1470303e-23 	0.010754986
2.9265075 	0.010676451 	0.0052717636 	1.1418995e-22 	0.010945286 	1.776466e-22 	0.010810866
2.9350793 	0.010712888 	0.0052729263 	-3.5448035e-22 	0.010982358 	-6.1368589e-23 	0.010847621
2.9430561 	0.010733696 	0.0052670092 	1.257577e-22 	0.011000809 	-2.3171317e-22 	0.010867251
2.950479 	0.010740489 	0.005255493 	4.6610149e-22 	0.011002563 	7.1943557e-23 	0.010871525
2.9573866 	0.010734626 	0.0052395916 	3.3988109e-23 	0.010989314 	2.5702511e-22 	0.010861969
2.9638146 	0.010717181 	0.0052202485 	-1.0542024e-22 	0.010962481 	1.5456823e-22 	0.01083983
2.9697963 	0.010688984 	0.0051981786 	-2.5124563e-22 	0.010923237 	-1.1567027e-22 	0.010806109
2.9753627 	0.010650641 	0.0051738976 	-3.082956e-23 	0.010872522 	-1.7963937e-22 	0.01076158
2.9805427 	0.010602511 	0.0051477151 	1.1066725e-23 	0.010811007 	3.1684487e-23 	0.010706758
2.985363 	0.010544716 	0.0051197636 	-2.288351e-23 	0.010739108 	2.4721507e-23 	0.010641912
2.9898486 	0.010477147 	0.0050900085 	5.9929906e-25 	0.010656979 	2.8084579e-24 	0.010567062
2.9940229 	0.010399446 	0.0050582508 	-2.5984129e-23 	0.010564499 	2.597243e-23 	0.010481972
2.9979073 	0.010310997 	0.0050241219 	-1.2935978e-23 	0.010461263 	-2.7525448e-23 	0.010386129
3.001522 	0.010210894 	0.0049870769 	-3.92505e-23 	0.010346546 	-1.1344368e-23 	0.010278719
3.0048858 	0.010097903 	0.0049463728 	-3.4261683e-23 	0.010219269 	1.3280786e-23 	0.010158586
3.008016 	0.0099703999 	0.0049010284 	-9.0537314e-25 	0.010077939 	-1.3435964e-23 	0.010024169
3.0109289 	0.0098262842 	0.0048497658 	1.4287173e-23 	0.0099205639 	-1.2321391e-23 	0.0098734239
3.0136396 	0.0096628594 	0.0047909185 	-1.4173308e-23 	0.0097445349 	9.1485679e-26 	0.0097036971
3.016162 	0.0094766552 	0.0047222904 	5.070565e-25 	0.0095464529 	6.9491537e-24 	0.0095115541
3.0185094 	0.0092631765 	0.0046409327 	-2.9035149e-24 	0.0093218792 	-7.3029509e-24 	0.0092925281
3.0206937 	0.0090165314 	0.0045427878 	9.5492707e-25 	0.0090649665 	-1.2291464e-23 	0.0090407494
3.0227264 	0.0087288704 	0.0044220989 	2.9874678e-24 	0.0087679018 	9.0151607e-24 	0.0087483868
3.024618 	0.0083895528 	0.0042704116 	1.1929532e-25 	0.0084200765 	2.1746808e-24 	0.0084048156
3.0263783 	0.0079838735 	0.0040748074 	1.8678541e-24 	0.008006818 	-2.517741e-24 	0.0079953474
3.0280163 	0.0074911509 	0.0038146625 	8.7172918e-25 	0.0075074842 	2.3525923e-24 	0.0074993204
3.0295406 	0.0068823295 	0.0034558861 	1.9868864e-24 	0.0068930776 	1.0277619e-26 	0.0068877067
3.0309591 	0.0061194348 	0.0029436513 	2.2396908e-25 	0.0061257116 	6.8748539e-27 	0.0061225734
3.0322791 	0.00517107 	0.0022186161 	1.181711e-25 	0.0051741 	-1.4299472e-24 	0.0051725828
3.0335075 	0.0040982988 	0.001350049 	1.3178158e-25 	0.0040993776 	-1.3858983e-24 	0.0040988395
3.0346506 	0.0032510705 	0.00065894755 	3.8755047e-26 	0.0032513196 	2.9687555e-25 	0.0032511963
3.0357143 	0 	0 	0 	0 	0 	0
