/*--------------------------------*- C++ -*----------------------------------*\
| =========                 |                                                 |
| \\      /  F ield         | OpenFOAM: The Open Source CFD Toolbox           |
|  \\    /   O peration     | Version:  2.4.0                                 |
|   \\  /    A nd           | Web:      www.OpenFOAM.org                      |
|    \\/     M anipulation  |                                                 |
\*---------------------------------------------------------------------------*/
FoamFile
{
    version     2.0;
    format      ascii;
    class       volVectorField;
    location    "0";
    object      wallGradU;
}
// * * * * * * * * * * * * * * * * * * * * * * * * * * * * * * * * * * * * * //

dimensions      [0 0 -1 0 0 0 0];

internalField   uniform (0 0 0);

boundaryField
{
    inlet
    {
        type            cyclic;
    }
    outlet
    {
        type            cyclic;
    }
    top
    {
        type            calculated;
        value           nonuniform List<vector> 
270
(
(6.1826558 -0 -0)
(6.1832101 -0 -0)
(6.1831623 -0 -0)
(6.1811558 -0 -0)
(6.1758494 -0 -0)
(6.165929 -0 -0)
(6.1502378 -0 -0)
(6.1278401 -0 -0)
(6.0981391 -0 -0)
(6.0610643 -0 -0)
(6.0174864 -0 -0)
(5.9689413 -0 -0)
(5.9168469 -0 -0)
(5.8623363 -0 -0)
(5.8062831 -0 -0)
(5.7493412 -0 -0)
(5.6920309 -0 -0)
(5.6347564 -0 -0)
(5.5778218 -0 -0)
(5.5214853 -0 -0)
(5.4659766 -0 -0)
(5.4114777 -0 -0)
(5.3581626 -0 -0)
(5.3061692 -0 -0)
(5.2555205 -0 -0)
(5.2061614 -0 -0)
(5.1580335 -0 -0)
(5.111068 -0 -0)
(5.0652002 -0 -0)
(5.0203752 -0 -0)
(4.9765409 -0 -0)
(4.9336418 -0 -0)
(4.8916256 -0 -0)
(4.8504483 -0 -0)
(4.8100511 -0 -0)
(4.7703895 -0 -0)
(4.7314437 -0 -0)
(4.6932278 -0 -0)
(4.6557923 -0 -0)
(4.6191946 -0 -0)
(4.5834828 -0 -0)
(4.5487069 -0 -0)
(4.5149337 -0 -0)
(4.4822156 -0 -0)
(4.450612 -0 -0)
(4.4202031 -0 -0)
(4.3910646 -0 -0)
(4.3632929 -0 -0)
(4.3369843 -0 -0)
(4.3122041 -0 -0)
(4.2889882 -0 -0)
(4.2673726 -0 -0)
(4.2473895 -0 -0)
(4.2290767 -0 -0)
(4.212482 -0 -0)
(4.1976376 -0 -0)
(4.1845865 -0 -0)
(4.1733748 -0 -0)
(4.1640429 -0 -0)
(4.1566263 -0 -0)
(4.1511567 -0 -0)
(4.1476618 -0 -0)
(4.1461315 -0 -0)
(4.1458522 -0 -0)
(4.1458522 -0 -0)
(4.1458522 -0 -0)
(4.1458522 -0 -0)
(4.1458522 -0 -0)
(4.1458522 -0 -0)
(4.1458522 -0 -0)
(4.1458522 -0 -0)
(4.1458522 -0 -0)
(4.1458522 -0 -0)
(4.1458522 -0 -0)
(4.1458522 -0 -0)
(4.1458522 -0 -0)
(4.1458522 -0 -0)
(4.1458522 -0 -0)
(4.1458522 -0 -0)
(4.1458522 -0 -0)
(4.1458522 -0 -0)
(4.1458522 -0 -0)
(4.1458522 -0 -0)
(4.1458522 -0 -0)
(4.1458522 -0 -0)
(4.1458522 -0 -0)
(4.1458522 -0 -0)
(4.1458522 -0 -0)
(4.1458522 -0 -0)
(4.1458522 -0 -0)
(4.1458522 -0 -0)
(4.1458522 -0 -0)
(4.1458522 -0 -0)
(4.1458522 -0 -0)
(4.1458522 -0 -0)
(4.1458522 -0 -0)
(4.1458522 -0 -0)
(4.1458522 -0 -0)
(4.1458522 -0 -0)
(4.1458522 -0 -0)
(4.1458522 -0 -0)
(4.1458522 -0 -0)
(4.1458522 -0 -0)
(4.1458522 -0 -0)
(4.1458522 -0 -0)
(4.1458522 -0 -0)
(4.1458522 -0 -0)
(4.1458522 -0 -0)
(4.1458522 -0 -0)
(4.1458522 -0 -0)
(4.1458522 -0 -0)
(4.1458522 -0 -0)
(4.1458523 -0 -0)
(4.1458522 -0 -0)
(4.1458522 -0 -0)
(4.1458523 -0 -0)
(4.1458522 -0 -0)
(4.1458522 -0 -0)
(4.1458522 -0 -0)
(4.1458522 -0 -0)
(4.1458522 -0 -0)
(4.1458522 -0 -0)
(4.1458522 -0 -0)
(4.1458522 -0 -0)
(4.1458523 -0 -0)
(4.1458522 -0 -0)
(4.1458522 -0 -0)
(4.1458523 -0 -0)
(4.1458522 -0 -0)
(4.1458522 -0 -0)
(4.1458523 -0 -0)
(4.1458522 -0 -0)
(4.1458522 -0 -0)
(4.1458523 -0 -0)
(4.1458522 -0 -0)
(4.1458522 -0 -0)
(4.1458523 -0 -0)
(4.1458522 -0 -0)
(4.1458522 -0 -0)
(4.1458522 -0 -0)
(4.1458522 -0 -0)
(4.1458522 -0 -0)
(4.1458522 -0 -0)
(4.1458522 -0 -0)
(4.1458522 -0 -0)
(4.1458522 -0 -0)
(4.1458522 -0 -0)
(4.1458522 -0 -0)
(4.1458522 -0 -0)
(4.1458522 -0 -0)
(4.1458522 -0 -0)
(4.1458522 -0 -0)
(4.1458522 -0 -0)
(4.1458522 -0 -0)
(4.1458523 -0 -0)
(4.1458522 -0 -0)
(4.1458522 -0 -0)
(4.1458523 -0 -0)
(4.1458522 -0 -0)
(4.1458522 -0 -0)
(4.1458522 -0 -0)
(4.1458522 -0 -0)
(4.1458522 -0 -0)
(4.1458522 -0 -0)
(4.1458522 -0 -0)
(4.1458522 -0 -0)
(4.1458522 -0 -0)
(4.1458522 -0 -0)
(4.1458522 -0 -0)
(4.1458522 -0 -0)
(4.1458522 -0 -0)
(4.1458522 -0 -0)
(4.1458523 -0 -0)
(4.1458522 -0 -0)
(4.1458522 -0 -0)
(4.1458523 -0 -0)
(4.1458522 -0 -0)
(4.1458522 -0 -0)
(4.1458522 -0 -0)
(4.1458522 -0 -0)
(4.1458522 -0 -0)
(4.1458522 -0 -0)
(4.1458522 -0 -0)
(4.1458522 -0 -0)
(4.1458522 -0 -0)
(4.1458522 -0 -0)
(4.1458522 -0 -0)
(4.1458522 -0 -0)
(4.1458522 -0 -0)
(4.1458523 -0 -0)
(4.1458522 -0 -0)
(4.1458522 -0 -0)
(4.1458522 -0 -0)
(4.1458523 -0 -0)
(4.1458522 -0 -0)
(4.1458522 -0 -0)
(4.1458523 -0 -0)
(4.1458522 -0 -0)
(4.1458522 -0 -0)
(4.1458522 -0 -0)
(4.1458522 -0 -0)
(4.1458522 -0 -0)
(4.1458522 -0 -0)
(4.1458522 -0 -0)
(4.1458522 -0 -0)
(4.1458522 -0 -0)
(4.1458522 -0 -0)
(4.1461315 -0 -0)
(4.1476618 -0 -0)
(4.1511567 -0 -0)
(4.1566263 -0 -0)
(4.1640429 -0 -0)
(4.1733748 -0 -0)
(4.1845865 -0 -0)
(4.1976377 -0 -0)
(4.212482 -0 -0)
(4.2290766 -0 -0)
(4.2473896 -0 -0)
(4.2673725 -0 -0)
(4.2889881 -0 -0)
(4.3122042 -0 -0)
(4.3369843 -0 -0)
(4.3632928 -0 -0)
(4.3910647 -0 -0)
(4.420203 -0 -0)
(4.4506121 -0 -0)
(4.4822157 -0 -0)
(4.5149336 -0 -0)
(4.5487069 -0 -0)
(4.5834828 -0 -0)
(4.6191946 -0 -0)
(4.6557923 -0 -0)
(4.6932279 -0 -0)
(4.7314436 -0 -0)
(4.7703895 -0 -0)
(4.8100512 -0 -0)
(4.8504484 -0 -0)
(4.8916256 -0 -0)
(4.9336419 -0 -0)
(4.9765408 -0 -0)
(5.0203752 -0 -0)
(5.0652003 -0 -0)
(5.111068 -0 -0)
(5.1580335 -0 -0)
(5.2061615 -0 -0)
(5.2555204 -0 -0)
(5.3061692 -0 -0)
(5.3581626 -0 -0)
(5.4114777 -0 -0)
(5.4659765 -0 -0)
(5.5214854 -0 -0)
(5.5778218 -0 -0)
(5.6347563 -0 -0)
(5.6920309 -0 -0)
(5.7493411 -0 -0)
(5.8062832 -0 -0)
(5.8623363 -0 -0)
(5.9168469 -0 -0)
(5.9689413 -0 -0)
(6.0174865 -0 -0)
(6.0610642 -0 -0)
(6.0981391 -0 -0)
(6.1278401 -0 -0)
(6.1502378 -0 -0)
(6.165929 -0 -0)
(6.1758495 -0 -0)
(6.1811558 -0 -0)
(6.1831623 -0 -0)
(6.1832102 -0 -0)
(6.1826558 -0 -0)
)
;
    }
    hills
    {
        type            calculated;
        value           nonuniform List<vector> 
270
(
(6.1827433 -0 -0)
(6.1832778 -0 -0)
(6.1834254 -0 -0)
(6.1848531 -0 -0)
(6.1921502 -0 -0)
(6.2126105 -0 -0)
(6.2555985 -0 -0)
(6.331292 -0 -0)
(6.448779 -0 -0)
(6.6090556 -0 -0)
(6.7769989 -0 -0)
(6.9282657 -0 -0)
(7.055068 -0 -0)
(7.153699 -0 -0)
(7.2228633 -0 -0)
(7.2633081 -0 -0)
(7.278319 -0 -0)
(7.269839 -0 -0)
(7.2393608 -0 -0)
(7.1884442 -0 -0)
(7.118628 -0 -0)
(7.0313569 -0 -0)
(6.9279964 -0 -0)
(6.8148783 -0 -0)
(6.7056278 -0 -0)
(6.6021413 -0 -0)
(6.5041082 -0 -0)
(6.4112293 -0 -0)
(6.3232217 -0 -0)
(6.2398427 -0 -0)
(6.1608334 -0 -0)
(6.0859757 -0 -0)
(6.0150567 -0 -0)
(5.9478755 -0 -0)
(5.8842461 -0 -0)
(5.8239574 -0 -0)
(5.7641646 -0 -0)
(5.7003186 -0 -0)
(5.6322449 -0 -0)
(5.560248 -0 -0)
(5.4846316 -0 -0)
(5.4056973 -0 -0)
(5.3237502 -0 -0)
(5.239108 -0 -0)
(5.1521173 -0 -0)
(5.0631541 -0 -0)
(4.9726589 -0 -0)
(4.8811816 -0 -0)
(4.7902409 -0 -0)
(4.7035019 -0 -0)
(4.6218946 -0 -0)
(4.5456326 -0 -0)
(4.4749484 -0 -0)
(4.4101182 -0 -0)
(4.351448 -0 -0)
(4.2992554 -0 -0)
(4.2538848 -0 -0)
(4.2156951 -0 -0)
(4.1850366 -0 -0)
(4.1622485 -0 -0)
(4.1476506 -0 -0)
(4.1415269 -0 -0)
(4.143849 -0 -0)
(4.1458713 -0 -0)
(4.1458713 -0 -0)
(4.1458713 -0 -0)
(4.1458713 -0 -0)
(4.1458713 -0 -0)
(4.1458713 -0 -0)
(4.1458713 -0 -0)
(4.1458713 -0 -0)
(4.1458713 -0 -0)
(4.1458713 -0 -0)
(4.1458713 -0 -0)
(4.1458713 -0 -0)
(4.1458713 -0 -0)
(4.1458713 -0 -0)
(4.1458713 -0 -0)
(4.1458713 -0 -0)
(4.1458713 -0 -0)
(4.1458713 -0 -0)
(4.1458713 -0 -0)
(4.1458713 -0 -0)
(4.1458713 -0 -0)
(4.1458713 -0 -0)
(4.1458713 -0 -0)
(4.1458713 -0 -0)
(4.1458713 -0 -0)
(4.1458713 -0 -0)
(4.1458713 -0 -0)
(4.1458713 -0 -0)
(4.1458713 -0 -0)
(4.1458713 -0 -0)
(4.1458713 -0 -0)
(4.1458713 -0 -0)
(4.1458713 -0 -0)
(4.1458713 -0 -0)
(4.1458713 -0 -0)
(4.1458713 -0 -0)
(4.1458713 -0 -0)
(4.1458713 -0 -0)
(4.1458713 -0 -0)
(4.1458713 -0 -0)
(4.1458713 -0 -0)
(4.1458713 -0 -0)
(4.1458713 -0 -0)
(4.1458713 -0 -0)
(4.1458713 -0 -0)
(4.1458713 -0 -0)
(4.1458713 -0 -0)
(4.1458713 -0 -0)
(4.1458713 -0 -0)
(4.1458713 -0 -0)
(4.1458713 -0 -0)
(4.1458713 -0 -0)
(4.1458713 -0 -0)
(4.1458713 -0 -0)
(4.1458713 -0 -0)
(4.1458713 -0 -0)
(4.1458713 -0 -0)
(4.1458713 -0 -0)
(4.1458713 -0 -0)
(4.1458713 -0 -0)
(4.1458713 -0 -0)
(4.1458713 -0 -0)
(4.1458713 -0 -0)
(4.1458713 -0 -0)
(4.1458713 -0 -0)
(4.1458713 -0 -0)
(4.1458713 -0 -0)
(4.1458713 -0 -0)
(4.1458713 -0 -0)
(4.1458713 -0 -0)
(4.1458713 -0 -0)
(4.1458713 -0 -0)
(4.1458713 -0 -0)
(4.1458713 -0 -0)
(4.1458713 -0 -0)
(4.1458713 -0 -0)
(4.1458713 -0 -0)
(4.1458713 -0 -0)
(4.1458713 -0 -0)
(4.1458713 -0 -0)
(4.1458713 -0 -0)
(4.1458713 -0 -0)
(4.1458713 -0 -0)
(4.1458713 -0 -0)
(4.1458713 -0 -0)
(4.1458713 -0 -0)
(4.1458713 -0 -0)
(4.1458713 -0 -0)
(4.1458713 -0 -0)
(4.1458713 -0 -0)
(4.1458713 -0 -0)
(4.1458712 -0 -0)
(4.1458714 -0 -0)
(4.1458713 -0 -0)
(4.1458713 -0 -0)
(4.1458713 -0 -0)
(4.1458714 -0 -0)
(4.1458713 -0 -0)
(4.1458713 -0 -0)
(4.1458714 -0 -0)
(4.1458713 -0 -0)
(4.1458713 -0 -0)
(4.1458713 -0 -0)
(4.1458713 -0 -0)
(4.1458712 -0 -0)
(4.1458713 -0 -0)
(4.1458713 -0 -0)
(4.1458713 -0 -0)
(4.1458713 -0 -0)
(4.1458713 -0 -0)
(4.1458713 -0 -0)
(4.1458713 -0 -0)
(4.1458712 -0 -0)
(4.1458713 -0 -0)
(4.1458713 -0 -0)
(4.1458713 -0 -0)
(4.1458713 -0 -0)
(4.1458713 -0 -0)
(4.1458713 -0 -0)
(4.1458713 -0 -0)
(4.1458713 -0 -0)
(4.1458713 -0 -0)
(4.1458713 -0 -0)
(4.1458713 -0 -0)
(4.1458713 -0 -0)
(4.1458713 -0 -0)
(4.1458713 -0 -0)
(4.1458713 -0 -0)
(4.1458713 -0 -0)
(4.1458713 -0 -0)
(4.1458713 -0 -0)
(4.1458713 -0 -0)
(4.1458713 -0 -0)
(4.1458713 -0 -0)
(4.1458713 -0 -0)
(4.1458713 -0 -0)
(4.1458713 -0 -0)
(4.1458713 -0 -0)
(4.1458713 -0 -0)
(4.1458713 -0 -0)
(4.1458713 -0 -0)
(4.1458714 -0 -0)
(4.1458713 -0 -0)
(4.1458713 -0 -0)
(4.1438492 -0 -0)
(4.1415272 -0 -0)
(4.147651 -0 -0)
(4.1622496 -0 -0)
(4.1850364 -0 -0)
(4.2156967 -0 -0)
(4.2538866 -0 -0)
(4.2992551 -0 -0)
(4.3514501 -0 -0)
(4.4101192 -0 -0)
(4.474949 -0 -0)
(4.545629 -0 -0)
(4.621888 -0 -0)
(4.7034959 -0 -0)
(4.7902423 -0 -0)
(4.8811745 -0 -0)
(4.9726483 -0 -0)
(5.0631549 -0 -0)
(5.152125 -0 -0)
(5.2390946 -0 -0)
(5.3237358 -0 -0)
(5.4057012 -0 -0)
(5.4846282 -0 -0)
(5.560226 -0 -0)
(5.6322264 -0 -0)
(5.7003416 -0 -0)
(5.7641663 -0 -0)
(5.8239432 -0 -0)
(5.8842575 -0 -0)
(5.9478808 -0 -0)
(6.0150471 -0 -0)
(6.0859566 -0 -0)
(6.1608334 -0 -0)
(6.2398307 -0 -0)
(6.3232168 -0 -0)
(6.4112531 -0 -0)
(6.5041037 -0 -0)
(6.6021359 -0 -0)
(6.7056502 -0 -0)
(6.8148797 -0 -0)
(6.9279875 -0 -0)
(7.0313778 -0 -0)
(7.1186076 -0 -0)
(7.1883924 -0 -0)
(7.2393449 -0 -0)
(7.2698239 -0 -0)
(7.2783008 -0 -0)
(7.263296 -0 -0)
(7.2228788 -0 -0)
(7.1536957 -0 -0)
(7.0550557 -0 -0)
(6.9282597 -0 -0)
(6.7770197 -0 -0)
(6.6090737 -0 -0)
(6.4487759 -0 -0)
(6.3312905 -0 -0)
(6.2555975 -0 -0)
(6.2126082 -0 -0)
(6.1921503 -0 -0)
(6.184863 -0 -0)
(6.183435 -0 -0)
(6.1832776 -0 -0)
(6.1827433 -0 -0)
)
;
    }
    front
    {
        type            empty;
    }
    back
    {
        type            empty;
    }
}


// ************************************************************************* //
