/*--------------------------------*- C++ -*----------------------------------*\
| =========                 |                                                 |
| \\      /  F ield         | OpenFOAM: The Open Source CFD Toolbox           |
|  \\    /   O peration     | Version:  2.4.0                                 |
|   \\  /    A nd           | Web:      www.OpenFOAM.org                      |
|    \\/     M anipulation  |                                                 |
\*---------------------------------------------------------------------------*/
FoamFile
{
    version     2.0;
    format      ascii;
    class       volVectorField;
    location    "0";
    object      wallGradU;
}
// * * * * * * * * * * * * * * * * * * * * * * * * * * * * * * * * * * * * * //

dimensions      [0 0 -1 0 0 0 0];

internalField   uniform (0 0 0);

boundaryField
{
    inlet
    {
        type            cyclic;
    }
    outlet
    {
        type            cyclic;
    }
    top
    {
        type            calculated;
        value           nonuniform List<vector> 
120
(
(2.804045 -0 -0)
(2.8026872 -0 -0)
(2.794204 -0 -0)
(2.7725994 -0 -0)
(2.7352453 -0 -0)
(2.6855233 -0 -0)
(2.6295004 -0 -0)
(2.5713555 -0 -0)
(2.513443 -0 -0)
(2.4571859 -0 -0)
(2.4035312 -0 -0)
(2.3528255 -0 -0)
(2.3048784 -0 -0)
(2.2593807 -0 -0)
(2.2160456 -0 -0)
(2.1746083 -0 -0)
(2.1348915 -0 -0)
(2.0969527 -0 -0)
(2.0610378 -0 -0)
(2.0274349 -0 -0)
(1.9964808 -0 -0)
(1.9685911 -0 -0)
(1.9441444 -0 -0)
(1.9233785 -0 -0)
(1.9064873 -0 -0)
(1.8936807 -0 -0)
(1.885165 -0 -0)
(1.8810997 -0 -0)
(1.8801937 -0 -0)
(1.8801937 -0 -0)
(1.8801937 -0 -0)
(1.8801937 -0 -0)
(1.8801937 -0 -0)
(1.8801937 -0 -0)
(1.8801937 -0 -0)
(1.8801937 -0 -0)
(1.8801937 -0 -0)
(1.8801937 -0 -0)
(1.8801937 -0 -0)
(1.8801937 -0 -0)
(1.8801937 -0 -0)
(1.8801937 -0 -0)
(1.8801937 -0 -0)
(1.8801937 -0 -0)
(1.8801937 -0 -0)
(1.8801937 -0 -0)
(1.8801937 -0 -0)
(1.8801937 -0 -0)
(1.8801937 -0 -0)
(1.8801937 -0 -0)
(1.8801937 -0 -0)
(1.8801937 -0 -0)
(1.8801937 -0 -0)
(1.8801937 -0 -0)
(1.8801937 -0 -0)
(1.8801937 -0 -0)
(1.8801937 -0 -0)
(1.8801937 -0 -0)
(1.8801937 -0 -0)
(1.8801937 -0 -0)
(1.8801937 -0 -0)
(1.8801937 -0 -0)
(1.8801937 -0 -0)
(1.8801937 -0 -0)
(1.8801937 -0 -0)
(1.8801937 -0 -0)
(1.8801937 -0 -0)
(1.8801937 -0 -0)
(1.8801937 -0 -0)
(1.8801937 -0 -0)
(1.8801937 -0 -0)
(1.8801937 -0 -0)
(1.8801937 -0 -0)
(1.8801937 -0 -0)
(1.8801937 -0 -0)
(1.8801937 -0 -0)
(1.8801937 -0 -0)
(1.8801937 -0 -0)
(1.8801937 -0 -0)
(1.8801937 -0 -0)
(1.8801937 -0 -0)
(1.8801937 -0 -0)
(1.8801937 -0 -0)
(1.8801937 -0 -0)
(1.8801937 -0 -0)
(1.8801937 -0 -0)
(1.8801937 -0 -0)
(1.8801937 -0 -0)
(1.8801937 -0 -0)
(1.8801937 -0 -0)
(1.8801937 -0 -0)
(1.8801937 -0 -0)
(1.8810997 -0 -0)
(1.885165 -0 -0)
(1.8936807 -0 -0)
(1.9064873 -0 -0)
(1.9233785 -0 -0)
(1.9441444 -0 -0)
(1.9685911 -0 -0)
(1.9964808 -0 -0)
(2.0274349 -0 -0)
(2.0610378 -0 -0)
(2.0969527 -0 -0)
(2.1348915 -0 -0)
(2.1746083 -0 -0)
(2.2160456 -0 -0)
(2.2593807 -0 -0)
(2.3048784 -0 -0)
(2.3528255 -0 -0)
(2.4035312 -0 -0)
(2.4571859 -0 -0)
(2.513443 -0 -0)
(2.5713555 -0 -0)
(2.6295003 -0 -0)
(2.6855233 -0 -0)
(2.7352453 -0 -0)
(2.7725994 -0 -0)
(2.794204 -0 -0)
(2.8026872 -0 -0)
(2.804045 -0 -0)
)
;
    }
    hills
    {
        type            calculated;
        value           nonuniform List<vector> 
120
(
(2.8040804 -0 -0)
(2.8042062 -0 -0)
(2.8185629 -0 -0)
(2.8877185 -0 -0)
(3.0400521 -0 -0)
(3.1884869 -0 -0)
(3.2751826 -0 -0)
(3.2981072 -0 -0)
(3.2678088 -0 -0)
(3.1925825 -0 -0)
(3.084421 -0 -0)
(2.9773515 -0 -0)
(2.8825149 -0 -0)
(2.7985125 -0 -0)
(2.7241106 -0 -0)
(2.6582364 -0 -0)
(2.5957739 -0 -0)
(2.525399 -0 -0)
(2.4466158 -0 -0)
(2.3610035 -0 -0)
(2.2703408 -0 -0)
(2.1775981 -0 -0)
(2.0918288 -0 -0)
(2.0183589 -0 -0)
(1.9586068 -0 -0)
(1.9142347 -0 -0)
(1.8870332 -0 -0)
(1.8786375 -0 -0)
(1.8802083 -0 -0)
(1.8802083 -0 -0)
(1.8802083 -0 -0)
(1.8802083 -0 -0)
(1.8802083 -0 -0)
(1.8802083 -0 -0)
(1.8802083 -0 -0)
(1.8802083 -0 -0)
(1.8802083 -0 -0)
(1.8802083 -0 -0)
(1.8802083 -0 -0)
(1.8802083 -0 -0)
(1.8802083 -0 -0)
(1.8802083 -0 -0)
(1.8802083 -0 -0)
(1.8802083 -0 -0)
(1.8802083 -0 -0)
(1.8802083 -0 -0)
(1.8802083 -0 -0)
(1.8802083 -0 -0)
(1.8802083 -0 -0)
(1.8802083 -0 -0)
(1.8802083 -0 -0)
(1.8802083 -0 -0)
(1.8802083 -0 -0)
(1.8802083 -0 -0)
(1.8802083 -0 -0)
(1.8802083 -0 -0)
(1.8802083 -0 -0)
(1.8802083 -0 -0)
(1.8802083 -0 -0)
(1.8802083 -0 -0)
(1.8802083 -0 -0)
(1.8802083 -0 -0)
(1.8802083 -0 -0)
(1.8802083 -0 -0)
(1.8802083 -0 -0)
(1.8802083 -0 -0)
(1.8802083 -0 -0)
(1.8802083 -0 -0)
(1.8802083 -0 -0)
(1.8802083 -0 -0)
(1.8802083 -0 -0)
(1.8802083 -0 -0)
(1.8802083 -0 -0)
(1.8802083 -0 -0)
(1.8802083 -0 -0)
(1.8802083 -0 -0)
(1.8802083 -0 -0)
(1.8802083 -0 -0)
(1.8802083 -0 -0)
(1.8802083 -0 -0)
(1.8802083 -0 -0)
(1.8802083 -0 -0)
(1.8802083 -0 -0)
(1.8802083 -0 -0)
(1.8802083 -0 -0)
(1.8802083 -0 -0)
(1.8802083 -0 -0)
(1.8802083 -0 -0)
(1.8802083 -0 -0)
(1.8802083 -0 -0)
(1.8802083 -0 -0)
(1.8802083 -0 -0)
(1.8786376 -0 -0)
(1.8870333 -0 -0)
(1.9142347 -0 -0)
(1.9586068 -0 -0)
(2.0183592 -0 -0)
(2.0918303 -0 -0)
(2.1775998 -0 -0)
(2.270343 -0 -0)
(2.3610028 -0 -0)
(2.4466099 -0 -0)
(2.5253967 -0 -0)
(2.5957704 -0 -0)
(2.6582315 -0 -0)
(2.7241152 -0 -0)
(2.7985105 -0 -0)
(2.8825179 -0 -0)
(2.977349 -0 -0)
(3.0844221 -0 -0)
(3.1925815 -0 -0)
(3.267815 -0 -0)
(3.2980999 -0 -0)
(3.2751775 -0 -0)
(3.1884951 -0 -0)
(3.040055 -0 -0)
(2.887719 -0 -0)
(2.8185629 -0 -0)
(2.8042064 -0 -0)
(2.8040804 -0 -0)
)
;
    }
    front
    {
        type            empty;
    }
    back
    {
        type            empty;
    }
}


// ************************************************************************* //
