/*--------------------------------*- C++ -*----------------------------------*\
| =========                 |                                                 |
| \\      /  F ield         | OpenFOAM: The Open Source CFD Toolbox           |
|  \\    /   O peration     | Version:  2.4.0                                 |
|   \\  /    A nd           | Web:      www.OpenFOAM.org                      |
|    \\/     M anipulation  |                                                 |
\*---------------------------------------------------------------------------*/
FoamFile
{
    version     2.0;
    format      ascii;
    class       labelList;
    note        "nPoints: 20296 nCells: 9793 nFaces: 39525 nInternalFaces: 19233";
    location    "constant/polyMesh";
    object      neighbour;
}
// * * * * * * * * * * * * * * * * * * * * * * * * * * * * * * * * * * * * * //


19233
(
1
5
2
6
3
7
4
8
9
6
52
7
53
8
54
9
55
10
56
11
57
12
58
13
59
14
60
15
61
16
62
17
63
18
64
19
65
20
66
21
67
22
68
23
69
24
70
25
71
26
72
27
73
28
74
29
75
30
76
31
77
32
78
33
79
34
80
35
81
36
82
37
83
38
84
39
85
40
86
41
87
88
43
89
44
90
45
91
46
92
47
93
48
94
49
95
50
96
51
97
52
98
53
99
54
100
55
101
56
102
57
103
58
104
59
105
60
106
61
107
62
108
63
109
64
110
65
111
66
112
67
113
68
114
69
115
70
116
71
117
72
118
73
119
74
120
75
121
76
122
77
123
78
124
79
125
80
126
81
127
82
128
83
129
84
130
85
131
86
132
87
133
88
134
135
90
139
91
140
92
141
93
142
94
143
95
144
96
145
97
146
98
147
99
148
100
149
101
150
102
151
103
152
104
153
105
154
106
155
107
156
108
157
109
158
110
159
111
160
112
161
113
162
114
163
115
164
116
165
117
166
118
167
119
168
120
169
121
170
122
171
123
172
124
173
125
174
126
175
127
176
128
177
129
178
130
179
131
180
132
181
133
182
134
183
135
184
185
137
186
138
187
139
188
140
189
141
190
142
191
143
192
144
193
145
194
146
195
147
196
148
197
149
198
150
199
151
200
152
201
153
202
154
203
155
204
156
205
157
206
158
207
159
208
160
209
161
210
162
211
163
212
164
213
165
214
166
215
167
216
168
217
169
218
170
219
171
220
172
221
173
222
174
223
175
224
176
225
177
226
178
227
179
228
180
229
181
230
182
231
183
232
184
233
185
234
235
187
239
188
240
189
241
190
242
191
243
192
244
193
245
194
246
195
247
196
248
197
249
198
250
199
251
200
252
201
253
202
254
203
255
204
256
205
257
206
258
207
259
208
260
209
261
210
262
211
263
212
264
213
265
214
266
215
267
216
268
217
269
218
270
219
271
220
272
221
273
222
274
223
275
224
276
225
277
226
278
227
279
228
280
229
281
230
282
231
283
232
284
233
285
234
286
235
287
236
288
237
289
238
290
291
240
292
241
293
242
294
243
295
244
296
245
297
246
298
247
299
248
300
249
301
250
302
251
303
252
304
253
305
254
306
255
307
256
308
257
309
258
310
259
311
260
312
261
313
262
314
263
315
264
316
265
317
266
318
267
319
268
320
269
321
270
322
271
323
272
324
273
325
274
326
275
327
276
328
277
329
278
330
279
331
280
332
281
333
282
334
283
335
284
336
285
337
286
338
287
339
288
340
289
341
290
342
291
343
344
293
352
294
353
295
354
296
355
297
356
298
357
299
358
300
359
301
360
302
361
303
362
304
363
305
364
306
365
307
366
308
367
309
368
310
369
311
370
312
371
313
372
314
373
315
374
316
375
317
376
318
377
319
378
320
379
321
380
322
381
323
382
324
383
325
384
326
385
327
386
328
387
329
388
330
389
331
390
332
391
333
392
334
393
335
394
336
395
337
396
338
397
339
398
340
399
341
400
342
401
343
402
344
403
404
346
405
347
406
348
407
349
408
350
409
351
410
352
411
353
412
354
413
355
414
356
415
357
416
358
417
359
418
360
419
361
420
362
421
363
422
364
423
365
424
366
425
367
426
368
427
369
428
370
429
371
430
372
431
373
432
374
433
375
434
376
435
377
436
378
437
379
438
380
439
381
440
382
441
383
442
384
443
385
444
386
445
387
446
388
447
389
448
390
449
391
450
392
451
393
452
394
453
395
454
396
455
397
456
398
457
399
458
400
459
401
460
402
461
403
462
404
463
464
406
468
407
469
408
470
409
471
410
472
411
473
412
474
413
475
414
476
415
477
416
478
417
479
418
480
419
481
420
482
421
483
422
484
423
485
424
486
425
487
426
488
427
489
428
490
429
491
430
492
431
493
432
494
433
495
434
496
435
497
436
498
437
499
438
500
439
501
440
502
441
503
442
504
443
505
444
506
445
507
446
508
447
509
448
510
449
511
450
512
451
513
452
514
453
515
454
516
455
517
456
518
457
519
458
520
459
521
460
522
461
523
462
524
463
525
464
526
527
466
528
467
529
468
530
469
531
470
532
471
533
472
534
473
535
474
536
475
537
476
538
477
539
478
540
479
541
480
542
481
543
482
544
483
545
484
546
485
547
486
548
487
549
488
550
489
551
490
552
491
553
492
554
493
555
494
556
495
557
496
558
497
559
498
560
499
561
500
562
501
563
502
564
503
565
504
566
505
567
506
568
507
569
508
570
509
571
510
572
511
573
512
574
513
575
514
576
515
577
516
578
517
579
518
580
519
581
520
582
521
583
522
584
523
585
524
586
525
587
526
588
527
589
590
529
591
530
592
531
593
532
594
533
595
534
596
535
597
536
598
537
599
538
600
539
601
540
602
541
603
542
604
543
605
544
606
545
607
546
608
547
609
548
610
549
611
550
612
551
613
552
614
553
615
554
616
555
617
556
618
557
619
558
620
559
621
560
622
561
623
562
624
563
625
564
626
565
627
566
628
567
629
568
630
569
631
570
632
571
633
572
634
573
635
574
636
575
637
576
638
577
639
578
640
579
641
580
642
581
643
582
644
583
645
584
646
585
647
586
648
587
649
588
650
589
651
590
652
653
592
654
593
655
594
656
595
657
596
658
597
659
598
660
599
661
600
662
601
663
602
664
603
665
604
666
605
667
606
668
607
669
608
670
609
671
610
672
611
673
612
674
613
675
614
676
615
677
616
678
617
679
618
680
619
681
620
682
621
683
622
684
623
685
624
686
625
687
626
688
627
689
628
690
629
691
630
692
631
693
632
694
633
695
634
696
635
697
636
698
637
699
638
700
639
701
640
702
641
703
642
704
643
705
644
706
645
707
646
708
647
709
648
710
649
711
650
712
651
713
652
714
653
715
716
655
717
656
718
657
719
658
720
659
721
660
722
661
723
662
724
663
725
664
726
665
727
666
728
667
729
668
730
669
731
670
732
671
733
672
734
673
735
674
736
675
737
676
738
677
739
678
740
679
741
680
742
681
743
682
744
683
745
684
746
685
747
686
748
687
749
688
750
689
751
690
752
691
753
692
754
693
755
694
756
695
757
696
758
697
759
698
760
699
761
700
762
701
763
702
764
703
765
704
766
705
767
706
768
707
769
708
770
709
771
710
772
711
773
712
774
713
775
714
776
715
777
716
778
779
718
780
719
781
720
782
721
783
722
784
723
785
724
786
725
787
726
788
727
789
728
790
729
791
730
792
731
793
732
794
733
795
734
796
735
797
736
798
737
799
738
800
739
801
740
802
741
803
742
804
743
805
744
806
745
807
746
808
747
809
748
810
749
811
750
812
751
813
752
814
753
815
754
816
755
817
756
818
757
819
758
820
759
821
760
822
761
823
762
824
763
825
764
826
765
827
766
828
767
829
768
830
769
831
770
832
771
833
772
834
773
835
774
836
775
837
776
838
777
839
778
840
779
841
842
781
843
782
844
783
845
784
846
785
847
786
848
787
849
788
850
789
851
790
852
791
853
792
854
793
855
794
856
795
857
796
858
797
859
798
860
799
861
800
862
801
863
802
864
803
865
804
866
805
867
806
868
807
869
808
870
809
871
810
872
811
873
812
874
813
875
814
876
815
877
816
878
817
879
818
880
819
881
820
882
821
883
822
884
823
885
824
886
825
887
826
888
827
889
828
890
829
891
830
892
831
893
832
894
833
895
834
896
835
897
836
898
837
899
838
900
839
901
840
902
841
903
842
904
905
844
906
845
907
846
908
847
909
848
910
849
911
850
912
851
913
852
914
853
915
854
916
855
917
856
918
857
919
858
920
859
921
860
922
861
923
862
924
863
925
864
926
865
927
866
928
867
929
868
930
869
931
870
932
871
933
872
934
873
935
874
936
875
937
876
938
877
939
878
940
879
941
880
942
881
943
882
944
883
945
884
946
885
947
886
948
887
949
888
950
889
951
890
952
891
953
892
954
893
955
894
956
895
957
896
958
897
959
898
960
899
961
900
962
901
963
902
964
903
965
904
966
905
967
968
907
969
908
970
909
971
910
972
911
973
912
974
913
975
914
976
915
977
916
978
917
979
918
980
919
981
920
982
921
983
922
984
923
985
924
986
925
987
926
988
927
989
928
990
929
991
930
992
931
993
932
994
933
995
934
996
935
997
936
998
937
999
938
1000
939
1001
940
1002
941
1003
942
1004
943
1005
944
1006
945
1007
946
1008
947
1009
948
1010
949
1011
950
1012
951
1013
952
1014
953
1015
954
1016
955
1017
956
1018
957
1019
958
1020
959
1021
960
1022
961
1023
962
1024
963
1025
964
1026
965
1027
966
1028
967
1029
968
1030
1031
970
1032
971
1033
972
1034
973
1035
974
1036
975
1037
976
1038
977
1039
978
1040
979
1041
980
1042
981
1043
982
1044
983
1045
984
1046
985
1047
986
1048
987
1049
988
1050
989
1051
990
1052
991
1053
992
1054
993
1055
994
1056
995
1057
996
1058
997
1059
998
1060
999
1061
1000
1062
1001
1063
1002
1064
1003
1065
1004
1066
1005
1067
1006
1068
1007
1069
1008
1070
1009
1071
1010
1072
1011
1073
1012
1074
1013
1075
1014
1076
1015
1077
1016
1078
1017
1079
1018
1080
1019
1081
1020
1082
1021
1083
1022
1084
1023
1085
1024
1086
1025
1087
1026
1088
1027
1089
1028
1090
1029
1091
1030
1092
1031
1093
1094
1033
1095
1034
1096
1035
1097
1036
1098
1037
1099
1038
1100
1039
1101
1040
1102
1041
1103
1042
1104
1043
1105
1044
1106
1045
1107
1046
1108
1047
1109
1048
1110
1049
1111
1050
1112
1051
1113
1052
1114
1053
1115
1054
1116
1055
1117
1056
1118
1057
1119
1058
1120
1059
1121
1060
1122
1061
1123
1062
1124
1063
1125
1064
1126
1065
1127
1066
1128
1067
1129
1068
1130
1069
1131
1070
1132
1071
1133
1072
1134
1073
1135
1074
1136
1075
1137
1076
1138
1077
1139
1078
1140
1079
1141
1080
1142
1081
1143
1082
1144
1083
1145
1084
1146
1085
1147
1086
1148
1087
1149
1088
1150
1089
1151
1090
1152
1091
1153
1092
1154
1093
1155
1094
1156
1157
1096
1097
1098
1099
1158
1100
1159
1101
1160
1102
1161
1103
1162
1104
1163
1105
1164
1106
1165
1107
1166
1108
1167
1109
1168
1110
1169
1111
1170
1112
1171
1113
1172
1114
1173
1115
1174
1116
1175
1117
1176
1118
1177
1119
1178
1120
1179
1121
1180
1122
1181
1123
1182
1124
1183
1125
1184
1126
1185
1127
1186
1128
1187
1129
1188
1130
1189
1131
1190
1132
1191
1133
1192
1134
1193
1135
1194
1136
1195
1137
1196
1138
1197
1139
1198
1140
1199
1141
1200
1142
1201
1143
1202
1144
1203
1145
1204
1146
1205
1147
1206
1148
1207
1149
1208
1150
1209
1151
1210
1152
1211
1153
1212
1154
1213
1155
1214
1156
1215
1157
1216
1217
1159
1220
1160
1221
1161
1222
1162
1223
1163
1224
1164
1225
1165
1226
1166
1227
1167
1228
1168
1229
1169
1230
1170
1231
1171
1232
1172
1233
1173
1234
1174
1235
1175
1236
1176
1237
1177
1238
1178
1239
1179
1240
1180
1241
1181
1242
1182
1243
1183
1244
1184
1245
1185
1246
1186
1247
1187
1248
1188
1249
1189
1250
1190
1251
1191
1252
1192
1253
1193
1254
1194
1255
1195
1256
1196
1257
1197
1258
1198
1259
1199
1260
1200
1261
1201
1262
1202
1263
1203
1264
1204
1265
1205
1266
1206
1267
1207
1268
1208
1269
1209
1270
1210
1271
1211
1272
1212
1273
1213
1274
1214
1275
1215
1276
1216
1277
1217
1278
1218
1279
1219
1280
1281
1221
1282
1222
1283
1223
1284
1224
1285
1225
1286
1226
1287
1227
1288
1228
1289
1229
1290
1230
1291
1231
1292
1232
1293
1233
1294
1234
1295
1235
1296
1236
1297
1237
1298
1238
1299
1239
1300
1240
1301
1241
1302
1242
1303
1243
1304
1244
1305
1245
1306
1246
1307
1247
1308
1248
1309
1249
1310
1250
1311
1251
1312
1252
1313
1253
1314
1254
1315
1255
1316
1256
1317
1257
1318
1258
1319
1259
1320
1260
1321
1261
1322
1262
1323
1263
1324
1264
1325
1265
1326
1266
1327
1267
1328
1268
1329
1269
1330
1270
1331
1271
1332
1272
1333
1273
1334
1274
1335
1275
1336
1276
1337
1277
1338
1278
1339
1279
1340
1280
1341
1281
1342
1343
1283
1344
1284
1345
1285
1346
1286
1347
1287
1348
1288
1349
1289
1350
1290
1351
1291
1352
1292
1353
1293
1354
1294
1355
1295
1356
1296
1357
1297
1358
1298
1359
1299
1360
1300
1361
1301
1362
1302
1363
1303
1364
1304
1365
1305
1366
1306
1367
1307
1368
1308
1369
1309
1370
1310
1371
1311
1372
1312
1373
1313
1374
1314
1375
1315
1376
1316
1377
1317
1378
1318
1379
1319
1380
1320
1381
1321
1382
1322
1383
1323
1384
1324
1385
1325
1386
1326
1387
1327
1388
1328
1389
1329
1390
1330
1391
1331
1392
1332
1393
1333
1394
1334
1395
1335
1396
1336
1397
1337
1398
1338
1399
1339
1400
1340
1401
1341
1402
1342
1403
1343
1404
1405
1345
1406
1346
1407
1347
1408
1348
1409
1349
1410
1350
1411
1351
1412
1352
1413
1353
1414
1354
1415
1355
1416
1356
1417
1357
1418
1358
1419
1359
1420
1360
1421
1361
1422
1362
1423
1363
1424
1364
1425
1365
1426
1366
1427
1367
1428
1368
1429
1369
1430
1370
1431
1371
1432
1372
1433
1373
1434
1374
1435
1375
1436
1376
1437
1377
1438
1378
1439
1379
1440
1380
1441
1381
1442
1382
1443
1383
1444
1384
1445
1385
1446
1386
1447
1387
1448
1388
1449
1389
1450
1390
1451
1391
1452
1392
1453
1393
1454
1394
1455
1395
1456
1396
1457
1397
1458
1398
1459
1399
1460
1400
1461
1401
1462
1402
1463
1403
1464
1404
1465
1405
1466
1467
1407
1468
1408
1469
1409
1470
1410
1471
1411
1472
1412
1473
1413
1474
1414
1475
1415
1476
1416
1477
1417
1478
1418
1479
1419
1480
1420
1481
1421
1482
1422
1483
1423
1484
1424
1485
1425
1486
1426
1487
1427
1488
1428
1489
1429
1490
1430
1491
1431
1492
1432
1493
1433
1494
1434
1495
1435
1496
1436
1497
1437
1498
1438
1499
1439
1500
1440
1501
1441
1502
1442
1503
1443
1504
1444
1505
1445
1506
1446
1507
1447
1508
1448
1509
1449
1510
1450
1511
1451
1512
1452
1513
1453
1514
1454
1515
1455
1516
1456
1517
1457
1518
1458
1519
1459
1520
1460
1521
1461
1522
1462
1523
1463
1524
1464
1525
1465
1526
1466
1527
1467
1528
1529
1469
1530
1470
1531
1471
1532
1472
1533
1473
1534
1474
1535
1475
1536
1476
1537
1477
1538
1478
1539
1479
1540
1480
1541
1481
1542
1482
1543
1483
1544
1484
1545
1485
1546
1486
1547
1487
1548
1488
1549
1489
1550
1490
1551
1491
1552
1492
1553
1493
1554
1494
1555
1495
1556
1496
1557
1497
1558
1498
1559
1499
1560
1500
1561
1501
1562
1502
1563
1503
1564
1504
1565
1505
1566
1506
1567
1507
1568
1508
1569
1509
1570
1510
1571
1511
1572
1512
1573
1513
1574
1514
1575
1515
1576
1516
1577
1517
1578
1518
1579
1519
1580
1520
1581
1521
1582
1522
1583
1523
1584
1524
1585
1525
1586
1526
1587
1527
1588
1528
1589
1529
1590
1591
1531
1595
1532
1596
1533
1597
1534
1598
1535
1599
1536
1600
1537
1601
1538
1602
1539
1603
1540
1604
1541
1605
1542
1606
1543
1607
1544
1608
1545
1609
1546
1610
1547
1611
1548
1612
1549
1613
1550
1614
1551
1615
1552
1616
1553
1617
1554
1618
1555
1619
1556
1620
1557
1621
1558
1622
1559
1623
1560
1624
1561
1625
1562
1626
1563
1627
1564
1628
1565
1629
1566
1630
1567
1631
1568
1632
1569
1633
1570
1634
1571
1635
1572
1636
1573
1637
1574
1638
1575
1639
1576
1640
1577
1641
1578
1642
1579
1643
1580
1644
1581
1645
1582
1646
1583
1647
1584
1648
1585
1649
1586
1650
1587
1651
1588
1652
1589
1653
1590
1654
1591
1655
1592
1656
1593
1657
1594
1658
1659
1596
1660
1597
1661
1598
1662
1599
1663
1600
1664
1601
1665
1602
1666
1603
1667
1604
1668
1605
1669
1606
1670
1607
1671
1608
1672
1609
1673
1610
1674
1611
1675
1612
1676
1613
1677
1614
1678
1615
1679
1616
1680
1617
1681
1618
1682
1619
1683
1620
1684
1621
1685
1622
1686
1623
1687
1624
1688
1625
1689
1626
1690
1627
1691
1628
1692
1629
1693
1630
1694
1631
1695
1632
1696
1633
1697
1634
1698
1635
1699
1636
1700
1637
1701
1638
1702
1639
1703
1640
1704
1641
1705
1642
1706
1643
1707
1644
1708
1645
1709
1646
1710
1647
1711
1648
1712
1649
1713
1650
1714
1651
1715
1652
1716
1653
1717
1654
1718
1655
1719
1656
1720
1657
1721
1658
1722
1659
1723
1724
1661
1725
1662
1726
1663
1727
1664
1728
1665
1729
1666
1730
1667
1731
1668
1732
1669
1733
1670
1734
1671
1735
1672
1736
1673
1737
1674
1738
1675
1739
1676
1740
1677
1741
1678
1742
1679
1743
1680
1744
1681
1745
1682
1746
1683
1747
1684
1748
1685
1749
1686
1750
1687
1751
1688
1752
1689
1753
1690
1754
1691
1755
1692
1756
1693
1757
1694
1758
1695
1759
1696
1760
1697
1761
1698
1762
1699
1763
1700
1764
1701
1765
1702
1766
1703
1767
1704
1768
1705
1769
1706
1770
1707
1771
1708
1772
1709
1773
1710
1774
1711
1775
1712
1776
1713
1777
1714
1778
1715
1779
1716
1780
1717
1781
1718
1782
1719
1783
1720
1784
1721
1785
1722
1786
1723
1787
1724
1788
1789
1726
1727
1728
1790
1729
1791
1730
1792
1731
1793
1732
1794
1733
1795
1734
1796
1735
1797
1736
1798
1737
1799
1738
1800
1739
1801
1740
1802
1741
1803
1742
1804
1743
1805
1744
1806
1745
1807
1746
1808
1747
1809
1748
1810
1749
1811
1750
1812
1751
1813
1752
1814
1753
1815
1754
1816
1755
1817
1756
1818
1757
1819
1758
1820
1759
1821
1760
1822
1761
1823
1762
1824
1763
1825
1764
1826
1765
1827
1766
1828
1767
1829
1768
1830
1769
1831
1770
1832
1771
1833
1772
1834
1773
1835
1774
1836
1775
1837
1776
1838
1777
1839
1778
1840
1779
1841
1780
1842
1781
1843
1782
1844
1783
1845
1784
1846
1785
1847
1786
1848
1787
1849
1788
1850
1789
1851
1852
1791
1853
1792
1854
1793
1855
1794
1856
1795
1857
1796
1858
1797
1859
1798
1860
1799
1861
1800
1862
1801
1863
1802
1864
1803
1865
1804
1866
1805
1867
1806
1868
1807
1869
1808
1870
1809
1871
1810
1872
1811
1873
1812
1874
1813
1875
1814
1876
1815
1877
1816
1878
1817
1879
1818
1880
1819
1881
1820
1882
1821
1883
1822
1884
1823
1885
1824
1886
1825
1887
1826
1888
1827
1889
1828
1890
1829
1891
1830
1892
1831
1893
1832
1894
1833
1895
1834
1896
1835
1897
1836
1898
1837
1899
1838
1900
1839
1901
1840
1902
1841
1903
1842
1904
1843
1905
1844
1906
1845
1907
1846
1908
1847
1909
1848
1910
1849
1911
1850
1912
1851
1913
1852
1914
1915
1854
1918
1855
1919
1856
1920
1857
1921
1858
1922
1859
1923
1860
1924
1861
1925
1862
1926
1863
1927
1864
1928
1865
1929
1866
1930
1867
1931
1868
1932
1869
1933
1870
1934
1871
1935
1872
1936
1873
1937
1874
1938
1875
1939
1876
1940
1877
1941
1878
1942
1879
1943
1880
1944
1881
1945
1882
1946
1883
1947
1884
1948
1885
1949
1886
1950
1887
1951
1888
1952
1889
1953
1890
1954
1891
1955
1892
1956
1893
1957
1894
1958
1895
1959
1896
1960
1897
1961
1898
1962
1899
1963
1900
1964
1901
1965
1902
1966
1903
1967
1904
1968
1905
1969
1906
1970
1907
1971
1908
1972
1909
1973
1910
1974
1911
1975
1912
1976
1913
1977
1914
1978
1915
1979
1980
1917
1981
1982
1919
1983
1920
1984
1921
1985
1922
1986
1923
1987
1924
1988
1925
1989
1926
1990
1927
1991
1928
1992
1929
1993
1930
1994
1931
1995
1932
1996
1933
1997
1934
1998
1935
1999
1936
2000
1937
2001
1938
2002
1939
2003
1940
2004
1941
2005
1942
2006
1943
2007
1944
2008
1945
2009
1946
2010
1947
2011
1948
2012
1949
2013
1950
2014
1951
2015
1952
2016
1953
2017
1954
2018
1955
2019
1956
2020
1957
2021
1958
2022
1959
2023
1960
2024
1961
2025
1962
2026
1963
2027
1964
2028
1965
2029
1966
2030
1967
2031
1968
2032
1969
2033
1970
2034
1971
2035
1972
2036
1973
2037
1974
2038
1975
2039
1976
2040
1977
2041
1978
2042
1979
2043
1980
2044
2045
1982
2046
2047
1984
2048
1985
2049
1986
2050
1987
2051
1988
2052
1989
2053
1990
2054
1991
2055
1992
2056
1993
2057
1994
2058
1995
2059
1996
2060
1997
2061
1998
2062
1999
2063
2000
2064
2001
2065
2002
2066
2003
2067
2004
2068
2005
2069
2006
2070
2007
2071
2008
2072
2009
2073
2010
2074
2011
2075
2012
2076
2013
2077
2014
2078
2015
2079
2016
2080
2017
2081
2018
2082
2019
2083
2020
2084
2021
2085
2022
2086
2023
2087
2024
2088
2025
2089
2026
2090
2027
2091
2028
2092
2029
2093
2030
2094
2031
2095
2032
2096
2033
2097
2034
2098
2035
2099
2036
2100
2037
2101
2038
2102
2039
2103
2040
2104
2041
2105
2042
2106
2043
2107
2044
2108
2045
2109
2110
2047
2111
2112
2049
2113
2050
2114
2051
2115
2052
2116
2053
2117
2054
2118
2055
2119
2056
2120
2057
2121
2058
2122
2059
2123
2060
2124
2061
2125
2062
2126
2063
2127
2064
2128
2065
2129
2066
2130
2067
2131
2068
2132
2069
2133
2070
2134
2071
2135
2072
2136
2073
2137
2074
2138
2075
2139
2076
2140
2077
2141
2078
2142
2079
2143
2080
2144
2081
2145
2082
2146
2083
2147
2084
2148
2085
2149
2086
2150
2087
2151
2088
2152
2089
2153
2090
2154
2091
2155
2092
2156
2093
2157
2094
2158
2095
2159
2096
2160
2097
2161
2098
2162
2099
2163
2100
2164
2101
2165
2102
2166
2103
2167
2104
2168
2105
2169
2106
2170
2107
2171
2108
2172
2109
2173
2110
2174
2175
2112
2176
2177
2114
2115
2116
2178
2117
2179
2118
2180
2119
2181
2120
2182
2121
2183
2122
2184
2123
2185
2124
2186
2125
2187
2126
2188
2127
2189
2128
2190
2129
2191
2130
2192
2131
2193
2132
2194
2133
2195
2134
2196
2135
2197
2136
2198
2137
2199
2138
2200
2139
2201
2140
2202
2141
2203
2142
2204
2143
2205
2144
2206
2145
2207
2146
2208
2147
2209
2148
2210
2149
2211
2150
2212
2151
2213
2152
2214
2153
2215
2154
2216
2155
2217
2156
2218
2157
2219
2158
2220
2159
2221
2160
2222
2161
2223
2162
2224
2163
2225
2164
2226
2165
2227
2166
2228
2167
2229
2168
2230
2169
2231
2170
2232
2171
2233
2172
2234
2173
2235
2174
2236
2175
2237
2238
2177
2239
2240
2179
2241
2180
2242
2181
2243
2182
2244
2183
2245
2184
2246
2185
2247
2186
2248
2187
2249
2188
2250
2189
2251
2190
2252
2191
2253
2192
2254
2193
2255
2194
2256
2195
2257
2196
2258
2197
2259
2198
2260
2199
2261
2200
2262
2201
2263
2202
2264
2203
2265
2204
2266
2205
2267
2206
2268
2207
2269
2208
2270
2209
2271
2210
2272
2211
2273
2212
2274
2213
2275
2214
2276
2215
2277
2216
2278
2217
2279
2218
2280
2219
2281
2220
2282
2221
2283
2222
2284
2223
2285
2224
2286
2225
2287
2226
2288
2227
2289
2228
2290
2229
2291
2230
2292
2231
2293
2232
2294
2233
2295
2234
2296
2235
2297
2236
2298
2237
2299
2238
2300
2301
2240
2302
2303
2242
2304
2243
2305
2244
2306
2245
2307
2246
2308
2247
2309
2248
2310
2249
2311
2250
2312
2251
2313
2252
2314
2253
2315
2254
2316
2255
2317
2256
2318
2257
2319
2258
2320
2259
2321
2260
2322
2261
2323
2262
2324
2263
2325
2264
2326
2265
2327
2266
2328
2267
2329
2268
2330
2269
2331
2270
2332
2271
2333
2272
2334
2273
2335
2274
2336
2275
2337
2276
2338
2277
2339
2278
2340
2279
2341
2280
2342
2281
2343
2282
2344
2283
2345
2284
2346
2285
2347
2286
2348
2287
2349
2288
2350
2289
2351
2290
2352
2291
2353
2292
2354
2293
2355
2294
2356
2295
2357
2296
2358
2297
2359
2298
2360
2299
2361
2300
2362
2301
2363
2364
2303
2365
2366
2305
2306
2367
2307
2368
2308
2369
2309
2370
2310
2371
2311
2372
2312
2373
2313
2374
2314
2375
2315
2376
2316
2377
2317
2378
2318
2379
2319
2380
2320
2381
2321
2382
2322
2383
2323
2384
2324
2385
2325
2386
2326
2387
2327
2388
2328
2389
2329
2390
2330
2391
2331
2392
2332
2393
2333
2394
2334
2395
2335
2396
2336
2397
2337
2398
2338
2399
2339
2400
2340
2401
2341
2402
2342
2403
2343
2404
2344
2405
2345
2406
2346
2407
2347
2408
2348
2409
2349
2410
2350
2411
2351
2412
2352
2413
2353
2414
2354
2415
2355
2416
2356
2417
2357
2418
2358
2419
2359
2420
2360
2421
2361
2422
2362
2423
2363
2424
2364
2425
2426
2366
2427
2428
2368
2429
2369
2430
2370
2431
2371
2432
2372
2433
2373
2434
2374
2435
2375
2436
2376
2437
2377
2438
2378
2439
2379
2440
2380
2441
2381
2442
2382
2443
2383
2444
2384
2445
2385
2446
2386
2447
2387
2448
2388
2449
2389
2450
2390
2451
2391
2452
2392
2453
2393
2454
2394
2455
2395
2456
2396
2457
2397
2458
2398
2459
2399
2460
2400
2461
2401
2462
2402
2463
2403
2464
2404
2465
2405
2466
2406
2467
2407
2468
2408
2469
2409
2470
2410
2471
2411
2472
2412
2473
2413
2474
2414
2475
2415
2476
2416
2477
2417
2478
2418
2479
2419
2480
2420
2481
2421
2482
2422
2483
2423
2484
2424
2485
2425
2486
2426
2487
2488
2428
2489
2490
2430
2491
2431
2492
2432
2493
2433
2494
2434
2495
2435
2496
2436
2497
2437
2498
2438
2499
2439
2500
2440
2501
2441
2502
2442
2503
2443
2504
2444
2505
2445
2506
2446
2507
2447
2508
2448
2509
2449
2510
2450
2511
2451
2512
2452
2513
2453
2514
2454
2515
2455
2516
2456
2517
2457
2518
2458
2519
2459
2520
2460
2521
2461
2522
2462
2523
2463
2524
2464
2525
2465
2526
2466
2527
2467
2528
2468
2529
2469
2530
2470
2531
2471
2532
2472
2533
2473
2534
2474
2535
2475
2536
2476
2537
2477
2538
2478
2539
2479
2540
2480
2541
2481
2542
2482
2543
2483
2544
2484
2545
2485
2546
2486
2547
2487
2548
2488
2549
2550
2490
2551
2552
2492
2553
2493
2554
2494
2555
2495
2556
2496
2557
2497
2558
2498
2559
2499
2560
2500
2561
2501
2562
2502
2563
2503
2564
2504
2565
2505
2566
2506
2567
2507
2568
2508
2569
2509
2570
2510
2571
2511
2572
2512
2573
2513
2574
2514
2575
2515
2576
2516
2577
2517
2578
2518
2579
2519
2580
2520
2581
2521
2582
2522
2583
2523
2584
2524
2585
2525
2586
2526
2587
2527
2588
2528
2589
2529
2590
2530
2591
2531
2592
2532
2593
2533
2594
2534
2595
2535
2596
2536
2597
2537
2598
2538
2599
2539
2600
2540
2601
2541
2602
2542
2603
2543
2604
2544
2605
2545
2606
2546
2607
2547
2608
2548
2609
2549
2610
2550
2611
2612
2552
2613
2614
2554
2615
2555
2616
2556
2617
2557
2618
2558
2619
2559
2620
2560
2621
2561
2622
2562
2623
2563
2624
2564
2625
2565
2626
2566
2627
2567
2628
2568
2629
2569
2630
2570
2631
2571
2632
2572
2633
2573
2634
2574
2635
2575
2636
2576
2637
2577
2638
2578
2639
2579
2640
2580
2641
2581
2642
2582
2643
2583
2644
2584
2645
2585
2646
2586
2647
2587
2648
2588
2649
2589
2650
2590
2651
2591
2652
2592
2653
2593
2654
2594
2655
2595
2656
2596
2657
2597
2658
2598
2659
2599
2660
2600
2661
2601
2662
2602
2663
2603
2664
2604
2665
2605
2666
2606
2667
2607
2668
2608
2669
2609
2670
2610
2671
2611
2672
2612
2673
2674
2614
2675
2676
2616
2677
2617
2678
2618
2679
2619
2680
2620
2681
2621
2682
2622
2683
2623
2684
2624
2685
2625
2686
2626
2687
2627
2688
2628
2689
2629
2690
2630
2691
2631
2692
2632
2693
2633
2694
2634
2695
2635
2696
2636
2697
2637
2698
2638
2699
2639
2700
2640
2701
2641
2702
2642
2703
2643
2704
2644
2705
2645
2706
2646
2707
2647
2708
2648
2709
2649
2710
2650
2711
2651
2712
2652
2713
2653
2714
2654
2715
2655
2716
2656
2717
2657
2718
2658
2719
2659
2720
2660
2721
2661
2722
2662
2723
2663
2724
2664
2725
2665
2726
2666
2727
2667
2728
2668
2729
2669
2730
2670
2731
2671
2732
2672
2733
2673
2734
2674
2735
2736
2676
2737
2738
2678
2739
2679
2740
2680
2741
2681
2742
2682
2743
2683
2744
2684
2745
2685
2746
2686
2747
2687
2748
2688
2749
2689
2750
2690
2751
2691
2752
2692
2753
2693
2754
2694
2755
2695
2756
2696
2757
2697
2758
2698
2759
2699
2760
2700
2761
2701
2762
2702
2763
2703
2764
2704
2765
2705
2766
2706
2767
2707
2768
2708
2769
2709
2770
2710
2771
2711
2772
2712
2773
2713
2774
2714
2775
2715
2776
2716
2777
2717
2778
2718
2779
2719
2780
2720
2781
2721
2782
2722
2783
2723
2784
2724
2785
2725
2786
2726
2787
2727
2788
2728
2789
2729
2790
2730
2791
2731
2792
2732
2793
2733
2794
2734
2795
2735
2796
2736
2797
2798
2738
2799
2800
2740
2801
2741
2802
2742
2803
2743
2804
2744
2805
2745
2806
2746
2807
2747
2808
2748
2809
2749
2810
2750
2811
2751
2812
2752
2813
2753
2814
2754
2815
2755
2816
2756
2817
2757
2818
2758
2819
2759
2820
2760
2821
2761
2822
2762
2823
2763
2824
2764
2825
2765
2826
2766
2827
2767
2828
2768
2829
2769
2830
2770
2831
2771
2832
2772
2833
2773
2834
2774
2835
2775
2836
2776
2837
2777
2838
2778
2839
2779
2840
2780
2841
2781
2842
2782
2843
2783
2844
2784
2845
2785
2846
2786
2847
2787
2848
2788
2849
2789
2850
2790
2851
2791
2852
2792
2853
2793
2854
2794
2855
2795
2856
2796
2857
2797
2858
2798
2859
2860
2800
2861
2862
2802
2863
2803
2864
2804
2865
2805
2866
2806
2867
2807
2868
2808
2869
2809
2870
2810
2871
2811
2872
2812
2873
2813
2874
2814
2875
2815
2876
2816
2877
2817
2878
2818
2879
2819
2880
2820
2881
2821
2882
2822
2883
2823
2884
2824
2885
2825
2886
2826
2887
2827
2888
2828
2889
2829
2890
2830
2891
2831
2892
2832
2893
2833
2894
2834
2895
2835
2896
2836
2897
2837
2898
2838
2899
2839
2900
2840
2901
2841
2902
2842
2903
2843
2904
2844
2905
2845
2906
2846
2907
2847
2908
2848
2909
2849
2910
2850
2911
2851
2912
2852
2913
2853
2914
2854
2915
2855
2916
2856
2917
2857
2918
2858
2919
2859
2920
2860
2921
2922
2862
2923
2924
2864
2925
2865
2926
2866
2927
2867
2928
2868
2929
2869
2930
2870
2931
2871
2932
2872
2933
2873
2934
2874
2935
2875
2936
2876
2937
2877
2938
2878
2939
2879
2940
2880
2941
2881
2942
2882
2943
2883
2944
2884
2945
2885
2946
2886
2947
2887
2948
2888
2949
2889
2950
2890
2951
2891
2952
2892
2953
2893
2954
2894
2955
2895
2956
2896
2957
2897
2958
2898
2959
2899
2960
2900
2961
2901
2962
2902
2963
2903
2964
2904
2965
2905
2966
2906
2967
2907
2968
2908
2969
2909
2970
2910
2971
2911
2972
2912
2973
2913
2974
2914
2975
2915
2976
2916
2977
2917
2978
2918
2979
2919
2980
2920
2981
2921
2982
2922
2983
2984
2924
2985
2986
2926
2987
2927
2988
2928
2989
2929
2990
2930
2991
2931
2992
2932
2993
2933
2994
2934
2995
2935
2996
2936
2997
2937
2998
2938
2999
2939
3000
2940
3001
2941
3002
2942
3003
2943
3004
2944
3005
2945
3006
2946
3007
2947
3008
2948
3009
2949
3010
2950
3011
2951
3012
2952
3013
2953
3014
2954
3015
2955
3016
2956
3017
2957
3018
2958
3019
2959
3020
2960
3021
2961
3022
2962
3023
2963
3024
2964
3025
2965
3026
2966
3027
2967
3028
2968
3029
2969
3030
2970
3031
2971
3032
2972
3033
2973
3034
2974
3035
2975
3036
2976
3037
2977
3038
2978
3039
2979
3040
2980
3041
2981
3042
2982
3043
2983
3044
2984
3045
3046
2986
3047
3048
2988
3049
2989
3050
2990
3051
2991
3052
2992
3053
2993
3054
2994
3055
2995
3056
2996
3057
2997
3058
2998
3059
2999
3060
3000
3061
3001
3062
3002
3063
3003
3064
3004
3065
3005
3066
3006
3067
3007
3068
3008
3069
3009
3070
3010
3071
3011
3072
3012
3073
3013
3074
3014
3075
3015
3076
3016
3077
3017
3078
3018
3079
3019
3080
3020
3081
3021
3082
3022
3083
3023
3084
3024
3085
3025
3086
3026
3087
3027
3088
3028
3089
3029
3090
3030
3091
3031
3092
3032
3093
3033
3094
3034
3095
3035
3096
3036
3097
3037
3098
3038
3099
3039
3100
3040
3101
3041
3102
3042
3103
3043
3104
3044
3105
3045
3106
3046
3107
3108
3048
3109
3110
3050
3111
3051
3112
3052
3113
3053
3114
3054
3115
3055
3116
3056
3117
3057
3118
3058
3119
3059
3120
3060
3121
3061
3122
3062
3123
3063
3124
3064
3125
3065
3126
3066
3127
3067
3128
3068
3129
3069
3130
3070
3131
3071
3132
3072
3133
3073
3134
3074
3135
3075
3136
3076
3137
3077
3138
3078
3139
3079
3140
3080
3141
3081
3142
3082
3143
3083
3144
3084
3145
3085
3146
3086
3147
3087
3148
3088
3149
3089
3150
3090
3151
3091
3152
3092
3153
3093
3154
3094
3155
3095
3156
3096
3157
3097
3158
3098
3159
3099
3160
3100
3161
3101
3162
3102
3163
3103
3164
3104
3165
3105
3166
3106
3167
3107
3168
3108
3169
3170
3110
3171
3172
3112
3173
3113
3174
3114
3175
3115
3176
3116
3177
3117
3178
3118
3179
3119
3180
3120
3181
3121
3182
3122
3183
3123
3184
3124
3185
3125
3186
3126
3187
3127
3188
3128
3189
3129
3190
3130
3191
3131
3192
3132
3193
3133
3194
3134
3195
3135
3196
3136
3197
3137
3198
3138
3199
3139
3200
3140
3201
3141
3202
3142
3203
3143
3204
3144
3205
3145
3206
3146
3207
3147
3208
3148
3209
3149
3210
3150
3211
3151
3212
3152
3213
3153
3214
3154
3215
3155
3216
3156
3217
3157
3218
3158
3219
3159
3220
3160
3221
3161
3222
3162
3223
3163
3224
3164
3225
3165
3226
3166
3227
3167
3228
3168
3229
3169
3230
3170
3231
3232
3172
3233
3234
3174
3235
3175
3236
3176
3237
3177
3238
3178
3239
3179
3240
3180
3241
3181
3242
3182
3243
3183
3244
3184
3245
3185
3246
3186
3247
3187
3248
3188
3249
3189
3250
3190
3251
3191
3252
3192
3253
3193
3254
3194
3255
3195
3256
3196
3257
3197
3258
3198
3259
3199
3260
3200
3261
3201
3262
3202
3263
3203
3264
3204
3265
3205
3266
3206
3267
3207
3268
3208
3269
3209
3270
3210
3271
3211
3272
3212
3273
3213
3274
3214
3275
3215
3276
3216
3277
3217
3278
3218
3279
3219
3280
3220
3281
3221
3282
3222
3283
3223
3284
3224
3285
3225
3286
3226
3287
3227
3288
3228
3289
3229
3290
3230
3291
3231
3292
3232
3293
3294
3234
3295
3296
3236
3297
3237
3298
3238
3299
3239
3300
3240
3301
3241
3302
3242
3303
3243
3304
3244
3305
3245
3306
3246
3307
3247
3308
3248
3309
3249
3310
3250
3311
3251
3312
3252
3313
3253
3314
3254
3315
3255
3316
3256
3317
3257
3318
3258
3319
3259
3320
3260
3321
3261
3322
3262
3323
3263
3324
3264
3325
3265
3326
3266
3327
3267
3328
3268
3329
3269
3330
3270
3331
3271
3332
3272
3333
3273
3334
3274
3335
3275
3336
3276
3337
3277
3338
3278
3339
3279
3340
3280
3341
3281
3342
3282
3343
3283
3344
3284
3345
3285
3346
3286
3347
3287
3348
3288
3349
3289
3350
3290
3351
3291
3352
3292
3353
3293
3354
3294
3355
3356
3296
3357
3358
3298
3359
3299
3360
3300
3361
3301
3362
3302
3363
3303
3364
3304
3365
3305
3366
3306
3367
3307
3368
3308
3369
3309
3370
3310
3371
3311
3372
3312
3373
3313
3374
3314
3375
3315
3376
3316
3377
3317
3378
3318
3379
3319
3380
3320
3381
3321
3382
3322
3383
3323
3384
3324
3385
3325
3386
3326
3387
3327
3388
3328
3389
3329
3390
3330
3391
3331
3392
3332
3393
3333
3394
3334
3395
3335
3396
3336
3397
3337
3398
3338
3399
3339
3400
3340
3401
3341
3402
3342
3403
3343
3404
3344
3405
3345
3406
3346
3407
3347
3408
3348
3409
3349
3410
3350
3411
3351
3412
3352
3413
3353
3414
3354
3415
3355
3416
3356
3417
3418
3358
3419
3420
3360
3421
3361
3422
3362
3423
3363
3424
3364
3425
3365
3426
3366
3427
3367
3428
3368
3429
3369
3430
3370
3431
3371
3432
3372
3433
3373
3434
3374
3435
3375
3436
3376
3437
3377
3438
3378
3439
3379
3440
3380
3441
3381
3442
3382
3443
3383
3444
3384
3445
3385
3446
3386
3447
3387
3448
3388
3449
3389
3450
3390
3451
3391
3452
3392
3453
3393
3454
3394
3455
3395
3456
3396
3457
3397
3458
3398
3459
3399
3460
3400
3461
3401
3462
3402
3463
3403
3464
3404
3465
3405
3466
3406
3467
3407
3468
3408
3469
3409
3470
3410
3471
3411
3472
3412
3473
3413
3474
3414
3475
3415
3476
3416
3477
3417
3478
3418
3479
3480
3420
3481
3482
3422
3483
3423
3484
3424
3485
3425
3486
3426
3487
3427
3488
3428
3489
3429
3490
3430
3491
3431
3492
3432
3493
3433
3494
3434
3495
3435
3496
3436
3497
3437
3498
3438
3499
3439
3500
3440
3501
3441
3502
3442
3503
3443
3504
3444
3505
3445
3506
3446
3507
3447
3508
3448
3509
3449
3510
3450
3511
3451
3512
3452
3513
3453
3514
3454
3515
3455
3516
3456
3517
3457
3518
3458
3519
3459
3520
3460
3521
3461
3522
3462
3523
3463
3524
3464
3525
3465
3526
3466
3527
3467
3528
3468
3529
3469
3530
3470
3531
3471
3532
3472
3533
3473
3534
3474
3535
3475
3536
3476
3537
3477
3538
3478
3539
3479
3540
3480
3541
3542
3482
3543
3544
3484
3545
3485
3546
3486
3547
3487
3548
3488
3549
3489
3550
3490
3551
3491
3552
3492
3553
3493
3554
3494
3555
3495
3556
3496
3557
3497
3558
3498
3559
3499
3560
3500
3561
3501
3562
3502
3563
3503
3564
3504
3565
3505
3566
3506
3567
3507
3568
3508
3569
3509
3570
3510
3571
3511
3572
3512
3573
3513
3574
3514
3575
3515
3576
3516
3577
3517
3578
3518
3579
3519
3580
3520
3581
3521
3582
3522
3583
3523
3584
3524
3585
3525
3586
3526
3587
3527
3588
3528
3589
3529
3590
3530
3591
3531
3592
3532
3593
3533
3594
3534
3595
3535
3596
3536
3597
3537
3598
3538
3599
3539
3600
3540
3601
3541
3602
3542
3603
3604
3544
3605
3606
3546
3607
3547
3608
3548
3609
3549
3610
3550
3611
3551
3612
3552
3613
3553
3614
3554
3615
3555
3616
3556
3617
3557
3618
3558
3619
3559
3620
3560
3621
3561
3622
3562
3623
3563
3624
3564
3625
3565
3626
3566
3627
3567
3628
3568
3629
3569
3630
3570
3631
3571
3632
3572
3633
3573
3634
3574
3635
3575
3636
3576
3637
3577
3638
3578
3639
3579
3640
3580
3641
3581
3642
3582
3643
3583
3644
3584
3645
3585
3646
3586
3647
3587
3648
3588
3649
3589
3650
3590
3651
3591
3652
3592
3653
3593
3654
3594
3655
3595
3656
3596
3657
3597
3658
3598
3659
3599
3660
3600
3661
3601
3662
3602
3663
3603
3664
3604
3665
3666
3606
3667
3668
3608
3669
3609
3670
3610
3671
3611
3672
3612
3673
3613
3674
3614
3675
3615
3676
3616
3677
3617
3678
3618
3679
3619
3680
3620
3681
3621
3682
3622
3683
3623
3684
3624
3685
3625
3686
3626
3687
3627
3688
3628
3689
3629
3690
3630
3691
3631
3692
3632
3693
3633
3694
3634
3695
3635
3696
3636
3697
3637
3698
3638
3699
3639
3700
3640
3701
3641
3702
3642
3703
3643
3704
3644
3705
3645
3706
3646
3707
3647
3708
3648
3709
3649
3710
3650
3711
3651
3712
3652
3713
3653
3714
3654
3715
3655
3716
3656
3717
3657
3718
3658
3719
3659
3720
3660
3721
3661
3722
3662
3723
3663
3724
3664
3725
3665
3726
3666
3727
3728
3668
3729
3730
3670
3731
3671
3732
3672
3733
3673
3734
3674
3735
3675
3736
3676
3737
3677
3738
3678
3739
3679
3740
3680
3741
3681
3742
3682
3743
3683
3744
3684
3745
3685
3746
3686
3747
3687
3748
3688
3749
3689
3750
3690
3751
3691
3752
3692
3753
3693
3754
3694
3755
3695
3756
3696
3757
3697
3758
3698
3759
3699
3760
3700
3761
3701
3762
3702
3763
3703
3764
3704
3765
3705
3766
3706
3767
3707
3768
3708
3769
3709
3770
3710
3771
3711
3772
3712
3773
3713
3774
3714
3775
3715
3776
3716
3777
3717
3778
3718
3779
3719
3780
3720
3781
3721
3782
3722
3783
3723
3784
3724
3785
3725
3786
3726
3787
3727
3788
3728
3789
3790
3730
3791
3792
3732
3793
3733
3794
3734
3795
3735
3796
3736
3797
3737
3798
3738
3799
3739
3800
3740
3801
3741
3802
3742
3803
3743
3804
3744
3805
3745
3806
3746
3807
3747
3808
3748
3809
3749
3810
3750
3811
3751
3812
3752
3813
3753
3814
3754
3815
3755
3816
3756
3817
3757
3818
3758
3819
3759
3820
3760
3821
3761
3822
3762
3823
3763
3824
3764
3825
3765
3826
3766
3827
3767
3828
3768
3829
3769
3830
3770
3831
3771
3832
3772
3833
3773
3834
3774
3835
3775
3836
3776
3837
3777
3838
3778
3839
3779
3840
3780
3841
3781
3842
3782
3843
3783
3844
3784
3845
3785
3846
3786
3847
3787
3848
3788
3849
3789
3850
3790
3851
3852
3792
3853
3854
3794
3855
3795
3856
3796
3857
3797
3858
3798
3859
3799
3860
3800
3861
3801
3862
3802
3863
3803
3864
3804
3865
3805
3866
3806
3867
3807
3868
3808
3869
3809
3870
3810
3871
3811
3872
3812
3873
3813
3874
3814
3875
3815
3876
3816
3877
3817
3878
3818
3879
3819
3880
3820
3881
3821
3882
3822
3883
3823
3884
3824
3885
3825
3886
3826
3887
3827
3888
3828
3889
3829
3890
3830
3891
3831
3892
3832
3893
3833
3894
3834
3895
3835
3896
3836
3897
3837
3898
3838
3899
3839
3900
3840
3901
3841
3902
3842
3903
3843
3904
3844
3905
3845
3906
3846
3907
3847
3908
3848
3909
3849
3910
3850
3911
3851
3912
3852
3913
3914
3854
3915
3916
3856
3917
3857
3918
3858
3919
3859
3920
3860
3921
3861
3922
3862
3923
3863
3924
3864
3925
3865
3926
3866
3927
3867
3928
3868
3929
3869
3930
3870
3931
3871
3932
3872
3933
3873
3934
3874
3935
3875
3936
3876
3937
3877
3938
3878
3939
3879
3940
3880
3941
3881
3942
3882
3943
3883
3944
3884
3945
3885
3946
3886
3947
3887
3948
3888
3949
3889
3950
3890
3951
3891
3952
3892
3953
3893
3954
3894
3955
3895
3956
3896
3957
3897
3958
3898
3959
3899
3960
3900
3961
3901
3962
3902
3963
3903
3964
3904
3965
3905
3966
3906
3967
3907
3968
3908
3969
3909
3970
3910
3971
3911
3972
3912
3973
3913
3974
3914
3975
3976
3916
3977
3978
3918
3979
3919
3980
3920
3981
3921
3982
3922
3983
3923
3984
3924
3985
3925
3986
3926
3987
3927
3988
3928
3989
3929
3990
3930
3991
3931
3992
3932
3993
3933
3994
3934
3995
3935
3996
3936
3997
3937
3998
3938
3999
3939
4000
3940
4001
3941
4002
3942
4003
3943
4004
3944
4005
3945
4006
3946
4007
3947
4008
3948
4009
3949
4010
3950
4011
3951
4012
3952
4013
3953
4014
3954
4015
3955
4016
3956
4017
3957
4018
3958
4019
3959
4020
3960
4021
3961
4022
3962
4023
3963
4024
3964
4025
3965
4026
3966
4027
3967
4028
3968
4029
3969
4030
3970
4031
3971
4032
3972
4033
3973
4034
3974
4035
3975
4036
3976
4037
4038
3978
4039
4040
3980
4041
3981
4042
3982
4043
3983
4044
3984
4045
3985
4046
3986
4047
3987
4048
3988
4049
3989
4050
3990
4051
3991
4052
3992
4053
3993
4054
3994
4055
3995
4056
3996
4057
3997
4058
3998
4059
3999
4060
4000
4061
4001
4062
4002
4063
4003
4064
4004
4065
4005
4066
4006
4067
4007
4068
4008
4069
4009
4070
4010
4071
4011
4072
4012
4073
4013
4074
4014
4075
4015
4076
4016
4077
4017
4078
4018
4079
4019
4080
4020
4081
4021
4082
4022
4083
4023
4084
4024
4085
4025
4086
4026
4087
4027
4088
4028
4089
4029
4090
4030
4091
4031
4092
4032
4093
4033
4094
4034
4095
4035
4096
4036
4097
4037
4098
4038
4099
4100
4040
4101
4102
4042
4103
4043
4104
4044
4105
4045
4106
4046
4107
4047
4108
4048
4109
4049
4110
4050
4111
4051
4112
4052
4113
4053
4114
4054
4115
4055
4116
4056
4117
4057
4118
4058
4119
4059
4120
4060
4121
4061
4122
4062
4123
4063
4124
4064
4125
4065
4126
4066
4127
4067
4128
4068
4129
4069
4130
4070
4131
4071
4132
4072
4133
4073
4134
4074
4135
4075
4136
4076
4137
4077
4138
4078
4139
4079
4140
4080
4141
4081
4142
4082
4143
4083
4144
4084
4145
4085
4146
4086
4147
4087
4148
4088
4149
4089
4150
4090
4151
4091
4152
4092
4153
4093
4154
4094
4155
4095
4156
4096
4157
4097
4158
4098
4159
4099
4160
4100
4161
4162
4102
4163
4164
4104
4165
4105
4166
4106
4167
4107
4168
4108
4169
4109
4170
4110
4171
4111
4172
4112
4173
4113
4174
4114
4175
4115
4176
4116
4177
4117
4178
4118
4179
4119
4180
4120
4181
4121
4182
4122
4183
4123
4184
4124
4185
4125
4186
4126
4187
4127
4188
4128
4189
4129
4190
4130
4191
4131
4192
4132
4193
4133
4194
4134
4195
4135
4196
4136
4197
4137
4198
4138
4199
4139
4200
4140
4201
4141
4202
4142
4203
4143
4204
4144
4205
4145
4206
4146
4207
4147
4208
4148
4209
4149
4210
4150
4211
4151
4212
4152
4213
4153
4214
4154
4215
4155
4216
4156
4217
4157
4218
4158
4219
4159
4220
4160
4221
4161
4222
4162
4223
4224
4164
4225
4226
4166
4227
4167
4228
4168
4229
4169
4230
4170
4231
4171
4232
4172
4233
4173
4234
4174
4235
4175
4236
4176
4237
4177
4238
4178
4239
4179
4240
4180
4241
4181
4242
4182
4243
4183
4244
4184
4245
4185
4246
4186
4247
4187
4248
4188
4249
4189
4250
4190
4251
4191
4252
4192
4253
4193
4254
4194
4255
4195
4256
4196
4257
4197
4258
4198
4259
4199
4260
4200
4261
4201
4262
4202
4263
4203
4264
4204
4265
4205
4266
4206
4267
4207
4268
4208
4269
4209
4270
4210
4271
4211
4272
4212
4273
4213
4274
4214
4275
4215
4276
4216
4277
4217
4278
4218
4279
4219
4280
4220
4281
4221
4282
4222
4283
4223
4284
4224
4285
4286
4226
4287
4288
4228
4289
4229
4290
4230
4291
4231
4292
4232
4293
4233
4294
4234
4295
4235
4296
4236
4297
4237
4298
4238
4299
4239
4300
4240
4301
4241
4302
4242
4303
4243
4304
4244
4305
4245
4306
4246
4307
4247
4308
4248
4309
4249
4310
4250
4311
4251
4312
4252
4313
4253
4314
4254
4315
4255
4316
4256
4317
4257
4318
4258
4319
4259
4320
4260
4321
4261
4322
4262
4323
4263
4324
4264
4325
4265
4326
4266
4327
4267
4328
4268
4329
4269
4330
4270
4331
4271
4332
4272
4333
4273
4334
4274
4335
4275
4336
4276
4337
4277
4338
4278
4339
4279
4340
4280
4341
4281
4342
4282
4343
4283
4344
4284
4345
4285
4346
4286
4347
4348
4288
4349
4350
4290
4351
4291
4352
4292
4353
4293
4354
4294
4355
4295
4356
4296
4357
4297
4358
4298
4359
4299
4360
4300
4361
4301
4362
4302
4363
4303
4364
4304
4365
4305
4366
4306
4367
4307
4368
4308
4369
4309
4370
4310
4371
4311
4372
4312
4373
4313
4374
4314
4375
4315
4376
4316
4377
4317
4378
4318
4379
4319
4380
4320
4381
4321
4382
4322
4383
4323
4384
4324
4385
4325
4386
4326
4387
4327
4388
4328
4389
4329
4390
4330
4391
4331
4392
4332
4393
4333
4394
4334
4395
4335
4396
4336
4397
4337
4398
4338
4399
4339
4400
4340
4401
4341
4402
4342
4403
4343
4404
4344
4405
4345
4406
4346
4407
4347
4408
4348
4409
4410
4350
4411
4412
4352
4413
4353
4414
4354
4415
4355
4416
4356
4417
4357
4418
4358
4419
4359
4420
4360
4421
4361
4422
4362
4423
4363
4424
4364
4425
4365
4426
4366
4427
4367
4428
4368
4429
4369
4430
4370
4431
4371
4432
4372
4433
4373
4434
4374
4435
4375
4436
4376
4437
4377
4438
4378
4439
4379
4440
4380
4441
4381
4442
4382
4443
4383
4444
4384
4445
4385
4446
4386
4447
4387
4448
4388
4449
4389
4450
4390
4451
4391
4452
4392
4453
4393
4454
4394
4455
4395
4456
4396
4457
4397
4458
4398
4459
4399
4460
4400
4461
4401
4462
4402
4463
4403
4464
4404
4465
4405
4466
4406
4467
4407
4468
4408
4469
4409
4470
4410
4471
4472
4412
4473
4474
4414
4475
4415
4476
4416
4477
4417
4478
4418
4479
4419
4480
4420
4481
4421
4482
4422
4483
4423
4484
4424
4485
4425
4486
4426
4487
4427
4488
4428
4489
4429
4490
4430
4491
4431
4492
4432
4493
4433
4494
4434
4495
4435
4496
4436
4497
4437
4498
4438
4499
4439
4500
4440
4501
4441
4502
4442
4503
4443
4504
4444
4505
4445
4506
4446
4507
4447
4508
4448
4509
4449
4510
4450
4511
4451
4512
4452
4513
4453
4514
4454
4515
4455
4516
4456
4517
4457
4518
4458
4519
4459
4520
4460
4521
4461
4522
4462
4523
4463
4524
4464
4525
4465
4526
4466
4527
4467
4528
4468
4529
4469
4530
4470
4531
4471
4532
4472
4533
4534
4474
4535
4536
4476
4537
4477
4538
4478
4539
4479
4540
4480
4541
4481
4542
4482
4543
4483
4544
4484
4545
4485
4546
4486
4547
4487
4548
4488
4549
4489
4550
4490
4551
4491
4552
4492
4553
4493
4554
4494
4555
4495
4556
4496
4557
4497
4558
4498
4559
4499
4560
4500
4561
4501
4562
4502
4563
4503
4564
4504
4565
4505
4566
4506
4567
4507
4568
4508
4569
4509
4570
4510
4571
4511
4572
4512
4573
4513
4574
4514
4575
4515
4576
4516
4577
4517
4578
4518
4579
4519
4580
4520
4581
4521
4582
4522
4583
4523
4584
4524
4585
4525
4586
4526
4587
4527
4588
4528
4589
4529
4590
4530
4591
4531
4592
4532
4593
4533
4594
4534
4595
4596
4536
4597
4598
4538
4599
4539
4600
4540
4601
4541
4602
4542
4603
4543
4604
4544
4605
4545
4606
4546
4607
4547
4608
4548
4609
4549
4610
4550
4611
4551
4612
4552
4613
4553
4614
4554
4615
4555
4616
4556
4617
4557
4618
4558
4619
4559
4620
4560
4621
4561
4622
4562
4623
4563
4624
4564
4625
4565
4626
4566
4627
4567
4628
4568
4629
4569
4630
4570
4631
4571
4632
4572
4633
4573
4634
4574
4635
4575
4636
4576
4637
4577
4638
4578
4639
4579
4640
4580
4641
4581
4642
4582
4643
4583
4644
4584
4645
4585
4646
4586
4647
4587
4648
4588
4649
4589
4650
4590
4651
4591
4652
4592
4653
4593
4654
4594
4655
4595
4656
4596
4657
4658
4598
4659
4660
4600
4661
4601
4662
4602
4663
4603
4664
4604
4665
4605
4666
4606
4667
4607
4668
4608
4669
4609
4670
4610
4671
4611
4672
4612
4673
4613
4674
4614
4675
4615
4676
4616
4677
4617
4678
4618
4679
4619
4680
4620
4681
4621
4682
4622
4683
4623
4684
4624
4685
4625
4686
4626
4687
4627
4688
4628
4689
4629
4690
4630
4691
4631
4692
4632
4693
4633
4694
4634
4695
4635
4696
4636
4697
4637
4698
4638
4699
4639
4700
4640
4701
4641
4702
4642
4703
4643
4704
4644
4705
4645
4706
4646
4707
4647
4708
4648
4709
4649
4710
4650
4711
4651
4712
4652
4713
4653
4714
4654
4715
4655
4716
4656
4717
4657
4718
4658
4719
4720
4660
4721
4722
4662
4723
4663
4724
4664
4725
4665
4726
4666
4727
4667
4728
4668
4729
4669
4730
4670
4731
4671
4732
4672
4733
4673
4734
4674
4735
4675
4736
4676
4737
4677
4738
4678
4739
4679
4740
4680
4741
4681
4742
4682
4743
4683
4744
4684
4745
4685
4746
4686
4747
4687
4748
4688
4749
4689
4750
4690
4751
4691
4752
4692
4753
4693
4754
4694
4755
4695
4756
4696
4757
4697
4758
4698
4759
4699
4760
4700
4761
4701
4762
4702
4763
4703
4764
4704
4765
4705
4766
4706
4767
4707
4768
4708
4769
4709
4770
4710
4771
4711
4772
4712
4773
4713
4774
4714
4775
4715
4776
4716
4777
4717
4778
4718
4779
4719
4780
4720
4781
4782
4722
4783
4784
4724
4785
4725
4786
4726
4787
4727
4788
4728
4789
4729
4790
4730
4791
4731
4792
4732
4793
4733
4794
4734
4795
4735
4796
4736
4797
4737
4798
4738
4799
4739
4800
4740
4801
4741
4802
4742
4803
4743
4804
4744
4805
4745
4806
4746
4807
4747
4808
4748
4809
4749
4810
4750
4811
4751
4812
4752
4813
4753
4814
4754
4815
4755
4816
4756
4817
4757
4818
4758
4819
4759
4820
4760
4821
4761
4822
4762
4823
4763
4824
4764
4825
4765
4826
4766
4827
4767
4828
4768
4829
4769
4830
4770
4831
4771
4832
4772
4833
4773
4834
4774
4835
4775
4836
4776
4837
4777
4838
4778
4839
4779
4840
4780
4841
4781
4842
4782
4843
4844
4784
4845
4846
4786
4847
4787
4848
4788
4849
4789
4850
4790
4851
4791
4852
4792
4853
4793
4854
4794
4855
4795
4856
4796
4857
4797
4858
4798
4859
4799
4860
4800
4861
4801
4862
4802
4863
4803
4864
4804
4865
4805
4866
4806
4867
4807
4868
4808
4869
4809
4870
4810
4871
4811
4872
4812
4873
4813
4874
4814
4875
4815
4876
4816
4877
4817
4878
4818
4879
4819
4880
4820
4881
4821
4882
4822
4883
4823
4884
4824
4885
4825
4886
4826
4887
4827
4888
4828
4889
4829
4890
4830
4891
4831
4892
4832
4893
4833
4894
4834
4895
4835
4896
4836
4897
4837
4898
4838
4899
4839
4900
4840
4901
4841
4902
4842
4903
4843
4904
4844
4905
4906
4846
4907
4908
4848
4909
4849
4910
4850
4911
4851
4912
4852
4913
4853
4914
4854
4915
4855
4916
4856
4917
4857
4918
4858
4919
4859
4920
4860
4921
4861
4922
4862
4923
4863
4924
4864
4925
4865
4926
4866
4927
4867
4928
4868
4929
4869
4930
4870
4931
4871
4932
4872
4933
4873
4934
4874
4935
4875
4936
4876
4937
4877
4938
4878
4939
4879
4940
4880
4941
4881
4942
4882
4943
4883
4944
4884
4945
4885
4946
4886
4947
4887
4948
4888
4949
4889
4950
4890
4951
4891
4952
4892
4953
4893
4954
4894
4955
4895
4956
4896
4957
4897
4958
4898
4959
4899
4960
4900
4961
4901
4962
4902
4963
4903
4964
4904
4965
4905
4966
4906
4967
4968
4908
4969
4970
4910
4971
4911
4972
4912
4973
4913
4974
4914
4975
4915
4976
4916
4977
4917
4978
4918
4979
4919
4980
4920
4981
4921
4982
4922
4983
4923
4984
4924
4985
4925
4986
4926
4987
4927
4988
4928
4989
4929
4990
4930
4991
4931
4992
4932
4993
4933
4994
4934
4995
4935
4996
4936
4997
4937
4998
4938
4999
4939
5000
4940
5001
4941
5002
4942
5003
4943
5004
4944
5005
4945
5006
4946
5007
4947
5008
4948
5009
4949
5010
4950
5011
4951
5012
4952
5013
4953
5014
4954
5015
4955
5016
4956
5017
4957
5018
4958
5019
4959
5020
4960
5021
4961
5022
4962
5023
4963
5024
4964
5025
4965
5026
4966
5027
4967
5028
4968
5029
5030
4970
5031
5032
4972
5033
4973
5034
4974
5035
4975
5036
4976
5037
4977
5038
4978
5039
4979
5040
4980
5041
4981
5042
4982
5043
4983
5044
4984
5045
4985
5046
4986
5047
4987
5048
4988
5049
4989
5050
4990
5051
4991
5052
4992
5053
4993
5054
4994
5055
4995
5056
4996
5057
4997
5058
4998
5059
4999
5060
5000
5061
5001
5062
5002
5063
5003
5064
5004
5065
5005
5066
5006
5067
5007
5068
5008
5069
5009
5070
5010
5071
5011
5072
5012
5073
5013
5074
5014
5075
5015
5076
5016
5077
5017
5078
5018
5079
5019
5080
5020
5081
5021
5082
5022
5083
5023
5084
5024
5085
5025
5086
5026
5087
5027
5088
5028
5089
5029
5090
5030
5091
5092
5032
5093
5094
5034
5095
5035
5096
5036
5097
5037
5098
5038
5099
5039
5100
5040
5101
5041
5102
5042
5103
5043
5104
5044
5105
5045
5106
5046
5107
5047
5108
5048
5109
5049
5110
5050
5111
5051
5112
5052
5113
5053
5114
5054
5115
5055
5116
5056
5117
5057
5118
5058
5119
5059
5120
5060
5121
5061
5122
5062
5123
5063
5124
5064
5125
5065
5126
5066
5127
5067
5128
5068
5129
5069
5130
5070
5131
5071
5132
5072
5133
5073
5134
5074
5135
5075
5136
5076
5137
5077
5138
5078
5139
5079
5140
5080
5141
5081
5142
5082
5143
5083
5144
5084
5145
5085
5146
5086
5147
5087
5148
5088
5149
5089
5150
5090
5151
5091
5152
5092
5153
5154
5094
5155
5156
5096
5157
5097
5158
5098
5159
5099
5160
5100
5161
5101
5162
5102
5163
5103
5164
5104
5165
5105
5166
5106
5167
5107
5168
5108
5169
5109
5170
5110
5171
5111
5172
5112
5173
5113
5174
5114
5175
5115
5176
5116
5177
5117
5178
5118
5179
5119
5180
5120
5181
5121
5182
5122
5183
5123
5184
5124
5185
5125
5186
5126
5187
5127
5188
5128
5189
5129
5190
5130
5191
5131
5192
5132
5193
5133
5194
5134
5195
5135
5196
5136
5197
5137
5198
5138
5199
5139
5200
5140
5201
5141
5202
5142
5203
5143
5204
5144
5205
5145
5206
5146
5207
5147
5208
5148
5209
5149
5210
5150
5211
5151
5212
5152
5213
5153
5214
5154
5215
5216
5156
5217
5218
5158
5219
5159
5220
5160
5221
5161
5222
5162
5223
5163
5224
5164
5225
5165
5226
5166
5227
5167
5228
5168
5229
5169
5230
5170
5231
5171
5232
5172
5233
5173
5234
5174
5235
5175
5236
5176
5237
5177
5238
5178
5239
5179
5240
5180
5241
5181
5242
5182
5243
5183
5244
5184
5245
5185
5246
5186
5247
5187
5248
5188
5249
5189
5250
5190
5251
5191
5252
5192
5253
5193
5254
5194
5255
5195
5256
5196
5257
5197
5258
5198
5259
5199
5260
5200
5261
5201
5262
5202
5263
5203
5264
5204
5265
5205
5266
5206
5267
5207
5268
5208
5269
5209
5270
5210
5271
5211
5272
5212
5273
5213
5274
5214
5275
5215
5276
5216
5277
5278
5218
5279
5280
5220
5281
5221
5282
5222
5283
5223
5284
5224
5285
5225
5286
5226
5287
5227
5288
5228
5289
5229
5290
5230
5291
5231
5292
5232
5293
5233
5294
5234
5295
5235
5296
5236
5297
5237
5298
5238
5299
5239
5300
5240
5301
5241
5302
5242
5303
5243
5304
5244
5305
5245
5306
5246
5307
5247
5308
5248
5309
5249
5310
5250
5311
5251
5312
5252
5313
5253
5314
5254
5315
5255
5316
5256
5317
5257
5318
5258
5319
5259
5320
5260
5321
5261
5322
5262
5323
5263
5324
5264
5325
5265
5326
5266
5327
5267
5328
5268
5329
5269
5330
5270
5331
5271
5332
5272
5333
5273
5334
5274
5335
5275
5336
5276
5337
5277
5338
5278
5339
5340
5280
5341
5342
5282
5343
5283
5344
5284
5345
5285
5346
5286
5347
5287
5348
5288
5349
5289
5350
5290
5351
5291
5352
5292
5353
5293
5354
5294
5355
5295
5356
5296
5357
5297
5358
5298
5359
5299
5360
5300
5361
5301
5362
5302
5363
5303
5364
5304
5365
5305
5366
5306
5367
5307
5368
5308
5369
5309
5370
5310
5371
5311
5372
5312
5373
5313
5374
5314
5375
5315
5376
5316
5377
5317
5378
5318
5379
5319
5380
5320
5381
5321
5382
5322
5383
5323
5384
5324
5385
5325
5386
5326
5387
5327
5388
5328
5389
5329
5390
5330
5391
5331
5392
5332
5393
5333
5394
5334
5395
5335
5396
5336
5397
5337
5398
5338
5399
5339
5400
5340
5401
5402
5342
5403
5404
5344
5405
5345
5406
5346
5407
5347
5408
5348
5409
5349
5410
5350
5411
5351
5412
5352
5413
5353
5414
5354
5415
5355
5416
5356
5417
5357
5418
5358
5419
5359
5420
5360
5421
5361
5422
5362
5423
5363
5424
5364
5425
5365
5426
5366
5427
5367
5428
5368
5429
5369
5430
5370
5431
5371
5432
5372
5433
5373
5434
5374
5435
5375
5436
5376
5437
5377
5438
5378
5439
5379
5440
5380
5441
5381
5442
5382
5443
5383
5444
5384
5445
5385
5446
5386
5447
5387
5448
5388
5449
5389
5450
5390
5451
5391
5452
5392
5453
5393
5454
5394
5455
5395
5456
5396
5457
5397
5458
5398
5459
5399
5460
5400
5461
5401
5462
5402
5463
5464
5404
5465
5466
5406
5467
5407
5468
5408
5469
5409
5470
5410
5471
5411
5472
5412
5473
5413
5474
5414
5475
5415
5476
5416
5477
5417
5478
5418
5479
5419
5480
5420
5481
5421
5482
5422
5483
5423
5484
5424
5485
5425
5486
5426
5487
5427
5488
5428
5489
5429
5490
5430
5491
5431
5492
5432
5493
5433
5494
5434
5495
5435
5496
5436
5497
5437
5498
5438
5499
5439
5500
5440
5501
5441
5502
5442
5503
5443
5504
5444
5505
5445
5506
5446
5507
5447
5508
5448
5509
5449
5510
5450
5511
5451
5512
5452
5513
5453
5514
5454
5515
5455
5516
5456
5517
5457
5518
5458
5519
5459
5520
5460
5521
5461
5522
5462
5523
5463
5524
5464
5525
5526
5466
5527
5528
5468
5529
5469
5530
5470
5531
5471
5532
5472
5533
5473
5534
5474
5535
5475
5536
5476
5537
5477
5538
5478
5539
5479
5540
5480
5541
5481
5542
5482
5543
5483
5544
5484
5545
5485
5546
5486
5547
5487
5548
5488
5549
5489
5550
5490
5551
5491
5552
5492
5553
5493
5554
5494
5555
5495
5556
5496
5557
5497
5558
5498
5559
5499
5560
5500
5561
5501
5562
5502
5563
5503
5564
5504
5565
5505
5566
5506
5567
5507
5568
5508
5569
5509
5570
5510
5571
5511
5572
5512
5573
5513
5574
5514
5575
5515
5576
5516
5577
5517
5578
5518
5579
5519
5580
5520
5581
5521
5582
5522
5583
5523
5584
5524
5585
5525
5586
5526
5587
5588
5528
5589
5590
5530
5591
5531
5592
5532
5593
5533
5594
5534
5595
5535
5596
5536
5597
5537
5598
5538
5599
5539
5600
5540
5601
5541
5602
5542
5603
5543
5604
5544
5605
5545
5606
5546
5607
5547
5608
5548
5609
5549
5610
5550
5611
5551
5612
5552
5613
5553
5614
5554
5615
5555
5616
5556
5617
5557
5618
5558
5619
5559
5620
5560
5621
5561
5622
5562
5623
5563
5624
5564
5625
5565
5626
5566
5627
5567
5628
5568
5629
5569
5630
5570
5631
5571
5632
5572
5633
5573
5634
5574
5635
5575
5636
5576
5637
5577
5638
5578
5639
5579
5640
5580
5641
5581
5642
5582
5643
5583
5644
5584
5645
5585
5646
5586
5647
5587
5648
5588
5649
5650
5590
5651
5652
5592
5653
5593
5654
5594
5655
5595
5656
5596
5657
5597
5658
5598
5659
5599
5660
5600
5661
5601
5662
5602
5663
5603
5664
5604
5665
5605
5666
5606
5667
5607
5668
5608
5669
5609
5670
5610
5671
5611
5672
5612
5673
5613
5674
5614
5675
5615
5676
5616
5677
5617
5678
5618
5679
5619
5680
5620
5681
5621
5682
5622
5683
5623
5684
5624
5685
5625
5686
5626
5687
5627
5688
5628
5689
5629
5690
5630
5691
5631
5692
5632
5693
5633
5694
5634
5695
5635
5696
5636
5697
5637
5698
5638
5699
5639
5700
5640
5701
5641
5702
5642
5703
5643
5704
5644
5705
5645
5706
5646
5707
5647
5708
5648
5709
5649
5710
5650
5711
5712
5652
5713
5714
5654
5715
5655
5716
5656
5717
5657
5718
5658
5719
5659
5720
5660
5721
5661
5722
5662
5723
5663
5724
5664
5725
5665
5726
5666
5727
5667
5728
5668
5729
5669
5730
5670
5731
5671
5732
5672
5733
5673
5734
5674
5735
5675
5736
5676
5737
5677
5738
5678
5739
5679
5740
5680
5741
5681
5742
5682
5743
5683
5744
5684
5745
5685
5746
5686
5747
5687
5748
5688
5749
5689
5750
5690
5751
5691
5752
5692
5753
5693
5754
5694
5755
5695
5756
5696
5757
5697
5758
5698
5759
5699
5760
5700
5761
5701
5762
5702
5763
5703
5764
5704
5765
5705
5766
5706
5767
5707
5768
5708
5769
5709
5770
5710
5771
5711
5772
5712
5773
5774
5714
5775
5776
5716
5777
5717
5778
5718
5779
5719
5780
5720
5781
5721
5782
5722
5783
5723
5784
5724
5785
5725
5786
5726
5787
5727
5788
5728
5789
5729
5790
5730
5791
5731
5792
5732
5793
5733
5794
5734
5795
5735
5796
5736
5797
5737
5798
5738
5799
5739
5800
5740
5801
5741
5802
5742
5803
5743
5804
5744
5805
5745
5806
5746
5807
5747
5808
5748
5809
5749
5810
5750
5811
5751
5812
5752
5813
5753
5814
5754
5815
5755
5816
5756
5817
5757
5818
5758
5819
5759
5820
5760
5821
5761
5822
5762
5823
5763
5824
5764
5825
5765
5826
5766
5827
5767
5828
5768
5829
5769
5830
5770
5831
5771
5832
5772
5833
5773
5834
5774
5835
5836
5776
5837
5838
5778
5839
5779
5840
5780
5841
5781
5842
5782
5843
5783
5844
5784
5845
5785
5846
5786
5847
5787
5848
5788
5849
5789
5850
5790
5851
5791
5852
5792
5853
5793
5854
5794
5855
5795
5856
5796
5857
5797
5858
5798
5859
5799
5860
5800
5861
5801
5862
5802
5863
5803
5864
5804
5865
5805
5866
5806
5867
5807
5868
5808
5869
5809
5870
5810
5871
5811
5872
5812
5873
5813
5874
5814
5875
5815
5876
5816
5877
5817
5878
5818
5879
5819
5880
5820
5881
5821
5882
5822
5883
5823
5884
5824
5885
5825
5886
5826
5887
5827
5888
5828
5889
5829
5890
5830
5891
5831
5892
5832
5893
5833
5894
5834
5895
5835
5896
5836
5897
5898
5838
5899
5900
5840
5901
5841
5902
5842
5903
5843
5904
5844
5905
5845
5906
5846
5907
5847
5908
5848
5909
5849
5910
5850
5911
5851
5912
5852
5913
5853
5914
5854
5915
5855
5916
5856
5917
5857
5918
5858
5919
5859
5920
5860
5921
5861
5922
5862
5923
5863
5924
5864
5925
5865
5926
5866
5927
5867
5928
5868
5929
5869
5930
5870
5931
5871
5932
5872
5933
5873
5934
5874
5935
5875
5936
5876
5937
5877
5938
5878
5939
5879
5940
5880
5941
5881
5942
5882
5943
5883
5944
5884
5945
5885
5946
5886
5947
5887
5948
5888
5949
5889
5950
5890
5951
5891
5952
5892
5953
5893
5954
5894
5955
5895
5956
5896
5957
5897
5958
5898
5959
5960
5900
5961
5962
5902
5963
5903
5964
5904
5965
5905
5966
5906
5967
5907
5968
5908
5969
5909
5970
5910
5971
5911
5972
5912
5973
5913
5974
5914
5975
5915
5976
5916
5977
5917
5978
5918
5979
5919
5980
5920
5981
5921
5982
5922
5983
5923
5984
5924
5985
5925
5986
5926
5987
5927
5988
5928
5989
5929
5990
5930
5991
5931
5992
5932
5993
5933
5994
5934
5995
5935
5996
5936
5997
5937
5998
5938
5999
5939
6000
5940
6001
5941
6002
5942
6003
5943
6004
5944
6005
5945
6006
5946
6007
5947
6008
5948
6009
5949
6010
5950
6011
5951
6012
5952
6013
5953
6014
5954
6015
5955
6016
5956
6017
5957
6018
5958
6019
5959
6020
5960
6021
6022
5962
6023
6024
5964
6025
5965
6026
5966
6027
5967
6028
5968
6029
5969
6030
5970
6031
5971
6032
5972
6033
5973
6034
5974
6035
5975
6036
5976
6037
5977
6038
5978
6039
5979
6040
5980
6041
5981
6042
5982
6043
5983
6044
5984
6045
5985
6046
5986
6047
5987
6048
5988
6049
5989
6050
5990
6051
5991
6052
5992
6053
5993
6054
5994
6055
5995
6056
5996
6057
5997
6058
5998
6059
5999
6060
6000
6061
6001
6062
6002
6063
6003
6064
6004
6065
6005
6066
6006
6067
6007
6068
6008
6069
6009
6070
6010
6071
6011
6072
6012
6073
6013
6074
6014
6075
6015
6076
6016
6077
6017
6078
6018
6079
6019
6080
6020
6081
6021
6082
6022
6083
6084
6024
6085
6086
6026
6087
6027
6088
6028
6089
6029
6090
6030
6091
6031
6092
6032
6093
6033
6094
6034
6095
6035
6096
6036
6097
6037
6098
6038
6099
6039
6100
6040
6101
6041
6102
6042
6103
6043
6104
6044
6105
6045
6106
6046
6107
6047
6108
6048
6109
6049
6110
6050
6111
6051
6112
6052
6113
6053
6114
6054
6115
6055
6116
6056
6117
6057
6118
6058
6119
6059
6120
6060
6121
6061
6122
6062
6123
6063
6124
6064
6125
6065
6126
6066
6127
6067
6128
6068
6129
6069
6130
6070
6131
6071
6132
6072
6133
6073
6134
6074
6135
6075
6136
6076
6137
6077
6138
6078
6139
6079
6140
6080
6141
6081
6142
6082
6143
6083
6144
6084
6145
6146
6086
6147
6148
6088
6152
6089
6153
6090
6154
6091
6155
6092
6156
6093
6157
6094
6158
6095
6159
6096
6160
6097
6161
6098
6162
6099
6163
6100
6164
6101
6165
6102
6166
6103
6167
6104
6168
6105
6169
6106
6170
6107
6171
6108
6172
6109
6173
6110
6174
6111
6175
6112
6176
6113
6177
6114
6178
6115
6179
6116
6180
6117
6181
6118
6182
6119
6183
6120
6184
6121
6185
6122
6186
6123
6187
6124
6188
6125
6189
6126
6190
6127
6191
6128
6192
6129
6193
6130
6194
6131
6195
6132
6196
6133
6197
6134
6198
6135
6199
6136
6200
6137
6201
6138
6202
6139
6203
6140
6204
6141
6205
6142
6206
6143
6207
6144
6208
6145
6209
6146
6210
6211
6148
6212
6149
6213
6150
6214
6151
6215
6216
6153
6217
6154
6218
6155
6219
6156
6220
6157
6221
6158
6222
6159
6223
6160
6224
6161
6225
6162
6226
6163
6227
6164
6228
6165
6229
6166
6230
6167
6231
6168
6232
6169
6233
6170
6234
6171
6235
6172
6236
6173
6237
6174
6238
6175
6239
6176
6240
6177
6241
6178
6242
6179
6243
6180
6244
6181
6245
6182
6246
6183
6247
6184
6248
6185
6249
6186
6250
6187
6251
6188
6252
6189
6253
6190
6254
6191
6255
6192
6256
6193
6257
6194
6258
6195
6259
6196
6260
6197
6261
6198
6262
6199
6263
6200
6264
6201
6265
6202
6266
6203
6267
6204
6268
6205
6269
6206
6270
6207
6271
6208
6272
6209
6273
6210
6274
6211
6275
6276
6213
6277
6214
6278
6215
6279
6216
6280
6281
6218
6282
6219
6283
6220
6284
6221
6285
6222
6286
6223
6287
6224
6288
6225
6289
6226
6290
6227
6291
6228
6292
6229
6293
6230
6294
6231
6295
6232
6296
6233
6297
6234
6298
6235
6299
6236
6300
6237
6301
6238
6302
6239
6303
6240
6304
6241
6305
6242
6306
6243
6307
6244
6308
6245
6309
6246
6310
6247
6311
6248
6312
6249
6313
6250
6314
6251
6315
6252
6316
6253
6317
6254
6318
6255
6319
6256
6320
6257
6321
6258
6322
6259
6323
6260
6324
6261
6325
6262
6326
6263
6327
6264
6328
6265
6329
6266
6330
6267
6331
6268
6332
6269
6333
6270
6334
6271
6335
6272
6336
6273
6337
6274
6338
6275
6339
6276
6340
6341
6278
6342
6279
6343
6280
6344
6281
6345
6346
6283
6347
6284
6348
6285
6349
6286
6350
6287
6351
6288
6352
6289
6353
6290
6354
6291
6355
6292
6356
6293
6357
6294
6358
6295
6359
6296
6360
6297
6361
6298
6362
6299
6363
6300
6364
6301
6365
6302
6366
6303
6367
6304
6368
6305
6369
6306
6370
6307
6371
6308
6372
6309
6373
6310
6374
6311
6375
6312
6376
6313
6377
6314
6378
6315
6379
6316
6380
6317
6381
6318
6382
6319
6383
6320
6384
6321
6385
6322
6386
6323
6387
6324
6388
6325
6389
6326
6390
6327
6391
6328
6392
6329
6393
6330
6394
6331
6395
6332
6396
6333
6397
6334
6398
6335
6399
6336
6400
6337
6401
6338
6402
6339
6403
6340
6404
6341
6405
6406
6343
6407
6344
6408
6345
6409
6346
6410
6411
6348
6412
6349
6413
6350
6414
6351
6415
6352
6416
6353
6417
6354
6418
6355
6419
6356
6420
6357
6421
6358
6422
6359
6423
6360
6424
6361
6425
6362
6426
6363
6427
6364
6428
6365
6429
6366
6430
6367
6431
6368
6432
6369
6433
6370
6434
6371
6435
6372
6436
6373
6437
6374
6438
6375
6439
6376
6440
6377
6441
6378
6442
6379
6443
6380
6444
6381
6445
6382
6446
6383
6447
6384
6448
6385
6449
6386
6450
6387
6451
6388
6452
6389
6453
6390
6454
6391
6455
6392
6456
6393
6457
6394
6458
6395
6459
6396
6460
6397
6461
6398
6462
6399
6463
6400
6464
6401
6465
6402
6466
6403
6467
6404
6468
6405
6469
6406
6470
6471
6408
6472
6409
6473
6410
6474
6411
6475
6476
6413
6477
6414
6478
6415
6479
6416
6480
6417
6481
6418
6482
6419
6483
6420
6484
6421
6485
6422
6486
6423
6487
6424
6488
6425
6489
6426
6490
6427
6491
6428
6492
6429
6493
6430
6494
6431
6495
6432
6496
6433
6497
6434
6498
6435
6499
6436
6500
6437
6501
6438
6502
6439
6503
6440
6504
6441
6505
6442
6506
6443
6507
6444
6508
6445
6509
6446
6510
6447
6511
6448
6512
6449
6513
6450
6514
6451
6515
6452
6516
6453
6517
6454
6518
6455
6519
6456
6520
6457
6521
6458
6522
6459
6523
6460
6524
6461
6525
6462
6526
6463
6527
6464
6528
6465
6529
6466
6530
6467
6531
6468
6532
6469
6533
6470
6534
6471
6535
6536
6473
6537
6474
6538
6475
6539
6476
6540
6541
6478
6542
6479
6543
6480
6544
6481
6545
6482
6546
6483
6547
6484
6548
6485
6549
6486
6550
6487
6551
6488
6552
6489
6553
6490
6554
6491
6555
6492
6556
6493
6557
6494
6558
6495
6559
6496
6560
6497
6561
6498
6562
6499
6563
6500
6564
6501
6565
6502
6566
6503
6567
6504
6568
6505
6569
6506
6570
6507
6571
6508
6572
6509
6573
6510
6574
6511
6575
6512
6576
6513
6577
6514
6578
6515
6579
6516
6580
6517
6581
6518
6582
6519
6583
6520
6584
6521
6585
6522
6586
6523
6587
6524
6588
6525
6589
6526
6590
6527
6591
6528
6592
6529
6593
6530
6594
6531
6595
6532
6596
6533
6597
6534
6598
6535
6599
6536
6600
6601
6538
6602
6539
6603
6540
6604
6541
6605
6606
6543
6607
6544
6608
6545
6609
6546
6610
6547
6611
6548
6612
6549
6613
6550
6614
6551
6615
6552
6616
6553
6617
6554
6618
6555
6619
6556
6620
6557
6621
6558
6622
6559
6623
6560
6624
6561
6625
6562
6626
6563
6627
6564
6628
6565
6629
6566
6630
6567
6631
6568
6632
6569
6633
6570
6634
6571
6635
6572
6636
6573
6637
6574
6638
6575
6639
6576
6640
6577
6641
6578
6642
6579
6643
6580
6644
6581
6645
6582
6646
6583
6647
6584
6648
6585
6649
6586
6650
6587
6651
6588
6652
6589
6653
6590
6654
6591
6655
6592
6656
6593
6657
6594
6658
6595
6659
6596
6660
6597
6661
6598
6662
6599
6663
6600
6664
6601
6665
6666
6603
6667
6604
6668
6605
6669
6606
6670
6671
6608
6672
6609
6673
6610
6674
6611
6675
6612
6676
6613
6677
6614
6678
6615
6679
6616
6680
6617
6681
6618
6682
6619
6683
6620
6684
6621
6685
6622
6686
6623
6687
6624
6688
6625
6689
6626
6690
6627
6691
6628
6692
6629
6693
6630
6694
6631
6695
6632
6696
6633
6697
6634
6698
6635
6699
6636
6700
6637
6701
6638
6702
6639
6703
6640
6704
6641
6705
6642
6706
6643
6707
6644
6708
6645
6709
6646
6710
6647
6711
6648
6712
6649
6713
6650
6714
6651
6715
6652
6716
6653
6717
6654
6718
6655
6719
6656
6720
6657
6721
6658
6722
6659
6723
6660
6724
6661
6725
6662
6726
6663
6727
6664
6728
6665
6729
6666
6730
6731
6668
6732
6669
6733
6670
6734
6671
6735
6736
6673
6737
6674
6738
6675
6739
6676
6740
6677
6741
6678
6742
6679
6743
6680
6744
6681
6745
6682
6746
6683
6747
6684
6748
6685
6749
6686
6750
6687
6751
6688
6752
6689
6753
6690
6754
6691
6755
6692
6756
6693
6757
6694
6758
6695
6759
6696
6760
6697
6761
6698
6762
6699
6763
6700
6764
6701
6765
6702
6766
6703
6767
6704
6768
6705
6769
6706
6770
6707
6771
6708
6772
6709
6773
6710
6774
6711
6775
6712
6776
6713
6777
6714
6778
6715
6779
6716
6780
6717
6781
6718
6782
6719
6783
6720
6784
6721
6785
6722
6786
6723
6787
6724
6788
6725
6789
6726
6790
6727
6791
6728
6792
6729
6793
6730
6794
6731
6795
6796
6733
6797
6734
6798
6735
6799
6736
6800
6801
6738
6805
6739
6806
6740
6807
6741
6808
6742
6809
6743
6810
6744
6811
6745
6812
6746
6813
6747
6814
6748
6815
6749
6816
6750
6817
6751
6818
6752
6819
6753
6820
6754
6821
6755
6822
6756
6823
6757
6824
6758
6825
6759
6826
6760
6827
6761
6828
6762
6829
6763
6830
6764
6831
6765
6832
6766
6833
6767
6834
6768
6835
6769
6836
6770
6837
6771
6838
6772
6839
6773
6840
6774
6841
6775
6842
6776
6843
6777
6844
6778
6845
6779
6846
6780
6847
6781
6848
6782
6849
6783
6850
6784
6851
6785
6852
6786
6853
6787
6854
6788
6855
6789
6856
6790
6857
6791
6858
6792
6859
6793
6860
6794
6861
6795
6862
6796
6863
6864
6798
6865
6799
6866
6800
6867
6801
6868
6802
6869
6803
6870
6804
6871
6872
6806
6873
6807
6874
6808
6875
6809
6876
6810
6877
6811
6878
6812
6879
6813
6880
6814
6881
6815
6882
6816
6883
6817
6884
6818
6885
6819
6886
6820
6887
6821
6888
6822
6889
6823
6890
6824
6891
6825
6892
6826
6893
6827
6894
6828
6895
6829
6896
6830
6897
6831
6898
6832
6899
6833
6900
6834
6901
6835
6902
6836
6903
6837
6904
6838
6905
6839
6906
6840
6907
6841
6908
6842
6909
6843
6910
6844
6911
6845
6912
6846
6913
6847
6914
6848
6915
6849
6916
6850
6917
6851
6918
6852
6919
6853
6920
6854
6921
6855
6922
6856
6923
6857
6924
6858
6925
6859
6926
6860
6927
6861
6928
6862
6929
6863
6930
6864
6931
6932
6866
6933
6867
6934
6868
6935
6869
6936
6870
6937
6871
6938
6872
6939
6940
6874
6941
6875
6942
6876
6943
6877
6944
6878
6945
6879
6946
6880
6947
6881
6948
6882
6949
6883
6950
6884
6951
6885
6952
6886
6953
6887
6954
6888
6955
6889
6956
6890
6957
6891
6958
6892
6959
6893
6960
6894
6961
6895
6962
6896
6963
6897
6964
6898
6965
6899
6966
6900
6967
6901
6968
6902
6969
6903
6970
6904
6971
6905
6972
6906
6973
6907
6974
6908
6975
6909
6976
6910
6977
6911
6978
6912
6979
6913
6980
6914
6981
6915
6982
6916
6983
6917
6984
6918
6985
6919
6986
6920
6987
6921
6988
6922
6989
6923
6990
6924
6991
6925
6992
6926
6993
6927
6994
6928
6995
6929
6996
6930
6997
6931
6998
6932
6999
7000
6934
7001
6935
7002
6936
7003
6937
7004
6938
7005
6939
7006
6940
7007
7008
6942
7009
6943
7010
6944
7011
6945
7012
6946
7013
6947
7014
6948
7015
6949
7016
6950
7017
6951
7018
6952
7019
6953
7020
6954
7021
6955
7022
6956
7023
6957
7024
6958
7025
6959
7026
6960
7027
6961
7028
6962
7029
6963
7030
6964
7031
6965
7032
6966
7033
6967
7034
6968
7035
6969
7036
6970
7037
6971
7038
6972
7039
6973
7040
6974
7041
6975
7042
6976
7043
6977
7044
6978
7045
6979
7046
6980
7047
6981
7048
6982
7049
6983
7050
6984
7051
6985
7052
6986
7053
6987
7054
6988
7055
6989
7056
6990
7057
6991
7058
6992
7059
6993
7060
6994
7061
6995
7062
6996
7063
6997
7064
6998
7065
6999
7066
7000
7067
7068
7002
7069
7003
7070
7004
7071
7005
7072
7006
7073
7007
7074
7008
7075
7076
7010
7077
7011
7078
7012
7079
7013
7080
7014
7081
7015
7082
7016
7083
7017
7084
7018
7085
7019
7086
7020
7087
7021
7088
7022
7089
7023
7090
7024
7091
7025
7092
7026
7093
7027
7094
7028
7095
7029
7096
7030
7097
7031
7098
7032
7099
7033
7100
7034
7101
7035
7102
7036
7103
7037
7104
7038
7105
7039
7106
7040
7107
7041
7108
7042
7109
7043
7110
7044
7111
7045
7112
7046
7113
7047
7114
7048
7115
7049
7116
7050
7117
7051
7118
7052
7119
7053
7120
7054
7121
7055
7122
7056
7123
7057
7124
7058
7125
7059
7126
7060
7127
7061
7128
7062
7129
7063
7130
7064
7131
7065
7132
7066
7133
7067
7134
7068
7135
7136
7070
7137
7071
7138
7072
7139
7073
7140
7074
7141
7075
7142
7076
7143
7144
7078
7145
7079
7146
7080
7147
7081
7148
7082
7149
7083
7150
7084
7151
7085
7152
7086
7153
7087
7154
7088
7155
7089
7156
7090
7157
7091
7158
7092
7159
7093
7160
7094
7161
7095
7162
7096
7163
7097
7164
7098
7165
7099
7166
7100
7167
7101
7168
7102
7169
7103
7170
7104
7171
7105
7172
7106
7173
7107
7174
7108
7175
7109
7176
7110
7177
7111
7178
7112
7179
7113
7180
7114
7181
7115
7182
7116
7183
7117
7184
7118
7185
7119
7186
7120
7187
7121
7188
7122
7189
7123
7190
7124
7191
7125
7192
7126
7193
7127
7194
7128
7195
7129
7196
7130
7197
7131
7198
7132
7199
7133
7200
7134
7201
7135
7202
7136
7203
7204
7138
7205
7139
7206
7140
7207
7141
7208
7142
7209
7143
7210
7144
7211
7212
7146
7213
7147
7214
7148
7215
7149
7216
7150
7217
7151
7218
7152
7219
7153
7220
7154
7221
7155
7222
7156
7223
7157
7224
7158
7225
7159
7226
7160
7227
7161
7228
7162
7229
7163
7230
7164
7231
7165
7232
7166
7233
7167
7234
7168
7235
7169
7236
7170
7237
7171
7238
7172
7239
7173
7240
7174
7241
7175
7242
7176
7243
7177
7244
7178
7245
7179
7246
7180
7247
7181
7248
7182
7249
7183
7250
7184
7251
7185
7252
7186
7253
7187
7254
7188
7255
7189
7256
7190
7257
7191
7258
7192
7259
7193
7260
7194
7261
7195
7262
7196
7263
7197
7264
7198
7265
7199
7266
7200
7267
7201
7268
7202
7269
7203
7270
7204
7271
7272
7206
7273
7207
7274
7208
7275
7209
7276
7210
7277
7211
7278
7212
7279
7280
7214
7283
7215
7284
7216
7285
7217
7286
7218
7287
7219
7288
7220
7289
7221
7290
7222
7291
7223
7292
7224
7293
7225
7294
7226
7295
7227
7296
7228
7297
7229
7298
7230
7299
7231
7300
7232
7301
7233
7302
7234
7303
7235
7304
7236
7305
7237
7306
7238
7307
7239
7308
7240
7309
7241
7310
7242
7311
7243
7312
7244
7313
7245
7314
7246
7315
7247
7316
7248
7317
7249
7318
7250
7319
7251
7320
7252
7321
7253
7322
7254
7323
7255
7324
7256
7325
7257
7326
7258
7327
7259
7328
7260
7329
7261
7330
7262
7331
7263
7332
7264
7333
7265
7334
7266
7335
7267
7336
7268
7337
7269
7338
7270
7339
7271
7340
7272
7341
7342
7274
7343
7275
7344
7276
7345
7277
7346
7278
7347
7279
7348
7280
7349
7281
7350
7282
7351
7352
7284
7353
7285
7354
7286
7355
7287
7356
7288
7357
7289
7358
7290
7359
7291
7360
7292
7361
7293
7362
7294
7363
7295
7364
7296
7365
7297
7366
7298
7367
7299
7368
7300
7369
7301
7370
7302
7371
7303
7372
7304
7373
7305
7374
7306
7375
7307
7376
7308
7377
7309
7378
7310
7379
7311
7380
7312
7381
7313
7382
7314
7383
7315
7384
7316
7385
7317
7386
7318
7387
7319
7388
7320
7389
7321
7390
7322
7391
7323
7392
7324
7393
7325
7394
7326
7395
7327
7396
7328
7397
7329
7398
7330
7399
7331
7400
7332
7401
7333
7402
7334
7403
7335
7404
7336
7405
7337
7406
7338
7407
7339
7408
7340
7409
7341
7410
7342
7411
7412
7344
7413
7345
7414
7346
7415
7347
7416
7348
7417
7349
7418
7350
7419
7351
7420
7352
7421
7422
7354
7423
7355
7424
7356
7425
7357
7426
7358
7427
7359
7428
7360
7429
7361
7430
7362
7431
7363
7432
7364
7433
7365
7434
7366
7435
7367
7436
7368
7437
7369
7438
7370
7439
7371
7440
7372
7441
7373
7442
7374
7443
7375
7444
7376
7445
7377
7446
7378
7447
7379
7448
7380
7449
7381
7450
7382
7451
7383
7452
7384
7453
7385
7454
7386
7455
7387
7456
7388
7457
7389
7458
7390
7459
7391
7460
7392
7461
7393
7462
7394
7463
7395
7464
7396
7465
7397
7466
7398
7467
7399
7468
7400
7469
7401
7470
7402
7471
7403
7472
7404
7473
7405
7474
7406
7475
7407
7476
7408
7477
7409
7478
7410
7479
7411
7480
7412
7481
7482
7414
7483
7415
7484
7416
7485
7417
7486
7418
7487
7419
7488
7420
7489
7421
7490
7422
7491
7492
7424
7493
7425
7494
7426
7495
7427
7496
7428
7497
7429
7498
7430
7499
7431
7500
7432
7501
7433
7502
7434
7503
7435
7504
7436
7505
7437
7506
7438
7507
7439
7508
7440
7509
7441
7510
7442
7511
7443
7512
7444
7513
7445
7514
7446
7515
7447
7516
7448
7517
7449
7518
7450
7519
7451
7520
7452
7521
7453
7522
7454
7523
7455
7524
7456
7525
7457
7526
7458
7527
7459
7528
7460
7529
7461
7530
7462
7531
7463
7532
7464
7533
7465
7534
7466
7535
7467
7536
7468
7537
7469
7538
7470
7539
7471
7540
7472
7541
7473
7542
7474
7543
7475
7544
7476
7545
7477
7546
7478
7547
7479
7548
7480
7549
7481
7550
7482
7551
7552
7484
7553
7485
7554
7486
7555
7487
7556
7488
7557
7489
7558
7490
7559
7491
7560
7492
7561
7562
7494
7563
7495
7564
7496
7565
7497
7566
7498
7567
7499
7568
7500
7569
7501
7570
7502
7571
7503
7572
7504
7573
7505
7574
7506
7575
7507
7576
7508
7577
7509
7578
7510
7579
7511
7580
7512
7581
7513
7582
7514
7583
7515
7584
7516
7585
7517
7586
7518
7587
7519
7588
7520
7589
7521
7590
7522
7591
7523
7592
7524
7593
7525
7594
7526
7595
7527
7596
7528
7597
7529
7598
7530
7599
7531
7600
7532
7601
7533
7602
7534
7603
7535
7604
7536
7605
7537
7606
7538
7607
7539
7608
7540
7609
7541
7610
7542
7611
7543
7612
7544
7613
7545
7614
7546
7615
7547
7616
7548
7617
7549
7618
7550
7619
7551
7620
7552
7621
7622
7554
7623
7555
7624
7556
7625
7557
7626
7558
7627
7559
7628
7560
7629
7561
7630
7562
7631
7632
7564
7633
7565
7634
7566
7635
7567
7636
7568
7637
7569
7638
7570
7639
7571
7640
7572
7641
7573
7642
7574
7643
7575
7644
7576
7645
7577
7646
7578
7647
7579
7648
7580
7649
7581
7650
7582
7651
7583
7652
7584
7653
7585
7654
7586
7655
7587
7656
7588
7657
7589
7658
7590
7659
7591
7660
7592
7661
7593
7662
7594
7663
7595
7664
7596
7665
7597
7666
7598
7667
7599
7668
7600
7669
7601
7670
7602
7671
7603
7672
7604
7673
7605
7674
7606
7675
7607
7676
7608
7677
7609
7678
7610
7679
7611
7680
7612
7681
7613
7682
7614
7683
7615
7684
7616
7685
7617
7686
7618
7687
7619
7688
7620
7689
7621
7690
7622
7691
7692
7624
7693
7625
7694
7626
7695
7627
7696
7628
7697
7629
7698
7630
7699
7631
7700
7632
7701
7702
7634
7703
7635
7704
7636
7705
7637
7706
7638
7707
7639
7708
7640
7709
7641
7710
7642
7711
7643
7712
7644
7713
7645
7714
7646
7715
7647
7716
7648
7717
7649
7718
7650
7719
7651
7720
7652
7721
7653
7722
7654
7723
7655
7724
7656
7725
7657
7726
7658
7727
7659
7728
7660
7729
7661
7730
7662
7731
7663
7732
7664
7733
7665
7734
7666
7735
7667
7736
7668
7737
7669
7738
7670
7739
7671
7740
7672
7741
7673
7742
7674
7743
7675
7744
7676
7745
7677
7746
7678
7747
7679
7748
7680
7749
7681
7750
7682
7751
7683
7752
7684
7753
7685
7754
7686
7755
7687
7756
7688
7757
7689
7758
7690
7759
7691
7760
7692
7761
7762
7694
7763
7695
7764
7696
7765
7697
7766
7698
7767
7699
7768
7700
7769
7701
7770
7702
7771
7772
7704
7773
7705
7774
7706
7775
7707
7776
7708
7777
7709
7778
7710
7779
7711
7780
7712
7781
7713
7782
7714
7783
7715
7784
7716
7785
7717
7786
7718
7787
7719
7788
7720
7789
7721
7790
7722
7791
7723
7792
7724
7793
7725
7794
7726
7795
7727
7796
7728
7797
7729
7798
7730
7799
7731
7800
7732
7801
7733
7802
7734
7803
7735
7804
7736
7805
7737
7806
7738
7807
7739
7808
7740
7809
7741
7810
7742
7811
7743
7812
7744
7813
7745
7814
7746
7815
7747
7816
7748
7817
7749
7818
7750
7819
7751
7820
7752
7821
7753
7822
7754
7823
7755
7824
7756
7825
7757
7826
7758
7827
7759
7828
7760
7829
7761
7830
7762
7831
7832
7764
7833
7765
7834
7766
7835
7767
7836
7768
7837
7769
7838
7770
7839
7771
7840
7772
7841
7842
7774
7843
7775
7844
7776
7845
7777
7846
7778
7847
7779
7848
7780
7849
7781
7850
7782
7851
7783
7852
7784
7853
7785
7854
7786
7855
7787
7856
7788
7857
7789
7858
7790
7859
7791
7860
7792
7861
7793
7862
7794
7863
7795
7864
7796
7865
7797
7866
7798
7867
7799
7868
7800
7869
7801
7870
7802
7871
7803
7872
7804
7873
7805
7874
7806
7875
7807
7876
7808
7877
7809
7878
7810
7879
7811
7880
7812
7881
7813
7882
7814
7883
7815
7884
7816
7885
7817
7886
7818
7887
7819
7888
7820
7889
7821
7890
7822
7891
7823
7892
7824
7893
7825
7894
7826
7895
7827
7896
7828
7897
7829
7898
7830
7899
7831
7900
7832
7901
7902
7834
7903
7835
7904
7836
7905
7837
7906
7838
7907
7839
7908
7840
7909
7841
7910
7842
7911
7912
7844
7913
7845
7914
7846
7915
7847
7916
7848
7917
7849
7918
7850
7919
7851
7920
7852
7921
7853
7922
7854
7923
7855
7924
7856
7925
7857
7926
7858
7927
7859
7928
7860
7929
7861
7930
7862
7931
7863
7932
7864
7933
7865
7934
7866
7935
7867
7936
7868
7937
7869
7938
7870
7939
7871
7940
7872
7941
7873
7942
7874
7943
7875
7944
7876
7945
7877
7946
7878
7947
7879
7948
7880
7949
7881
7950
7882
7951
7883
7952
7884
7953
7885
7954
7886
7955
7887
7956
7888
7957
7889
7958
7890
7959
7891
7960
7892
7961
7893
7962
7894
7963
7895
7964
7896
7965
7897
7966
7898
7967
7899
7968
7900
7969
7901
7970
7902
7971
7972
7904
7973
7905
7974
7906
7975
7907
7976
7908
7977
7909
7978
7910
7979
7911
7980
7912
7981
7982
7914
7983
7915
7984
7916
7985
7917
7986
7918
7987
7919
7988
7920
7989
7921
7990
7922
7991
7923
7992
7924
7993
7925
7994
7926
7995
7927
7996
7928
7997
7929
7998
7930
7999
7931
8000
7932
8001
7933
8002
7934
8003
7935
8004
7936
8005
7937
8006
7938
8007
7939
8008
7940
8009
7941
8010
7942
8011
7943
8012
7944
8013
7945
8014
7946
8015
7947
8016
7948
8017
7949
8018
7950
8019
7951
8020
7952
8021
7953
8022
7954
8023
7955
8024
7956
8025
7957
8026
7958
8027
7959
8028
7960
8029
7961
8030
7962
8031
7963
8032
7964
8033
7965
8034
7966
8035
7967
8036
7968
8037
7969
8038
7970
8039
7971
8040
7972
8041
8042
7974
8043
7975
8044
7976
8045
7977
8046
7978
8047
7979
8048
7980
8049
7981
8050
7982
8051
8052
7984
8053
7985
8054
7986
8055
7987
8056
7988
8057
7989
8058
7990
8059
7991
8060
7992
8061
7993
8062
7994
8063
7995
8064
7996
8065
7997
8066
7998
8067
7999
8068
8000
8069
8001
8070
8002
8071
8003
8072
8004
8073
8005
8074
8006
8075
8007
8076
8008
8077
8009
8078
8010
8079
8011
8080
8012
8081
8013
8082
8014
8083
8015
8084
8016
8085
8017
8086
8018
8087
8019
8088
8020
8089
8021
8090
8022
8091
8023
8092
8024
8093
8025
8094
8026
8095
8027
8096
8028
8097
8029
8098
8030
8099
8031
8100
8032
8101
8033
8102
8034
8103
8035
8104
8036
8105
8037
8106
8038
8107
8039
8108
8040
8109
8041
8110
8042
8111
8112
8044
8113
8045
8114
8046
8115
8047
8116
8048
8117
8049
8118
8050
8119
8051
8120
8052
8121
8122
8054
8123
8055
8124
8056
8125
8057
8126
8058
8127
8059
8128
8060
8129
8061
8130
8062
8131
8063
8132
8064
8133
8065
8134
8066
8135
8067
8136
8068
8137
8069
8138
8070
8139
8071
8140
8072
8141
8073
8142
8074
8143
8075
8144
8076
8145
8077
8146
8078
8147
8079
8148
8080
8149
8081
8150
8082
8151
8083
8152
8084
8153
8085
8154
8086
8155
8087
8156
8088
8157
8089
8158
8090
8159
8091
8160
8092
8161
8093
8162
8094
8163
8095
8164
8096
8165
8097
8166
8098
8167
8099
8168
8100
8169
8101
8170
8102
8171
8103
8172
8104
8173
8105
8174
8106
8175
8107
8176
8108
8177
8109
8178
8110
8179
8111
8180
8112
8181
8182
8114
8183
8115
8184
8116
8185
8117
8186
8118
8187
8119
8188
8120
8189
8121
8190
8122
8191
8192
8124
8193
8125
8194
8126
8195
8127
8196
8128
8197
8129
8198
8130
8199
8131
8200
8132
8201
8133
8202
8134
8203
8135
8204
8136
8205
8137
8206
8138
8207
8139
8208
8140
8209
8141
8210
8142
8211
8143
8212
8144
8213
8145
8214
8146
8215
8147
8216
8148
8217
8149
8218
8150
8219
8151
8220
8152
8221
8153
8222
8154
8223
8155
8224
8156
8225
8157
8226
8158
8227
8159
8228
8160
8229
8161
8230
8162
8231
8163
8232
8164
8233
8165
8234
8166
8235
8167
8236
8168
8237
8169
8238
8170
8239
8171
8240
8172
8241
8173
8242
8174
8243
8175
8244
8176
8245
8177
8246
8178
8247
8179
8248
8180
8249
8181
8250
8182
8251
8252
8184
8253
8185
8254
8186
8255
8187
8256
8188
8257
8189
8258
8190
8259
8191
8260
8192
8261
8262
8194
8263
8195
8264
8196
8265
8197
8266
8198
8267
8199
8268
8200
8269
8201
8270
8202
8271
8203
8272
8204
8273
8205
8274
8206
8275
8207
8276
8208
8277
8209
8278
8210
8279
8211
8280
8212
8281
8213
8282
8214
8283
8215
8284
8216
8285
8217
8286
8218
8287
8219
8288
8220
8289
8221
8290
8222
8291
8223
8292
8224
8293
8225
8294
8226
8295
8227
8296
8228
8297
8229
8298
8230
8299
8231
8300
8232
8301
8233
8302
8234
8303
8235
8304
8236
8305
8237
8306
8238
8307
8239
8308
8240
8309
8241
8310
8242
8311
8243
8312
8244
8313
8245
8314
8246
8315
8247
8316
8248
8317
8249
8318
8250
8319
8251
8320
8252
8321
8322
8254
8323
8255
8324
8256
8325
8257
8326
8258
8327
8259
8328
8260
8329
8261
8330
8262
8331
8332
8264
8333
8265
8334
8266
8335
8267
8336
8268
8337
8269
8338
8270
8339
8271
8340
8272
8341
8273
8342
8274
8343
8275
8344
8276
8345
8277
8346
8278
8347
8279
8348
8280
8349
8281
8350
8282
8351
8283
8352
8284
8353
8285
8354
8286
8355
8287
8356
8288
8357
8289
8358
8290
8359
8291
8360
8292
8361
8293
8362
8294
8363
8295
8364
8296
8365
8297
8366
8298
8367
8299
8368
8300
8369
8301
8370
8302
8371
8303
8372
8304
8373
8305
8374
8306
8375
8307
8376
8308
8377
8309
8378
8310
8379
8311
8380
8312
8381
8313
8382
8314
8383
8315
8384
8316
8385
8317
8386
8318
8387
8319
8388
8320
8389
8321
8390
8322
8391
8392
8324
8393
8325
8394
8326
8395
8327
8396
8328
8397
8329
8398
8330
8399
8331
8400
8332
8401
8402
8334
8403
8335
8404
8336
8405
8337
8406
8338
8407
8339
8408
8340
8409
8341
8410
8342
8411
8343
8412
8344
8413
8345
8414
8346
8415
8347
8416
8348
8417
8349
8418
8350
8419
8351
8420
8352
8421
8353
8422
8354
8423
8355
8424
8356
8425
8357
8426
8358
8427
8359
8428
8360
8429
8361
8430
8362
8431
8363
8432
8364
8433
8365
8434
8366
8435
8367
8436
8368
8437
8369
8438
8370
8439
8371
8440
8372
8441
8373
8442
8374
8443
8375
8444
8376
8445
8377
8446
8378
8447
8379
8448
8380
8449
8381
8450
8382
8451
8383
8452
8384
8453
8385
8454
8386
8455
8387
8456
8388
8457
8389
8458
8390
8459
8391
8460
8392
8461
8462
8394
8463
8395
8464
8396
8465
8397
8466
8398
8467
8399
8468
8400
8469
8401
8470
8402
8471
8472
8404
8473
8405
8474
8406
8475
8407
8476
8408
8477
8409
8478
8410
8479
8411
8480
8412
8481
8413
8482
8414
8483
8415
8484
8416
8485
8417
8486
8418
8487
8419
8488
8420
8489
8421
8490
8422
8491
8423
8492
8424
8493
8425
8494
8426
8495
8427
8496
8428
8497
8429
8498
8430
8499
8431
8500
8432
8501
8433
8502
8434
8503
8435
8504
8436
8505
8437
8506
8438
8507
8439
8508
8440
8509
8441
8510
8442
8511
8443
8512
8444
8513
8445
8514
8446
8515
8447
8516
8448
8517
8449
8518
8450
8519
8451
8520
8452
8521
8453
8522
8454
8523
8455
8524
8456
8525
8457
8526
8458
8527
8459
8528
8460
8529
8461
8530
8462
8531
8532
8464
8533
8465
8534
8466
8535
8467
8536
8468
8537
8469
8538
8470
8539
8471
8540
8472
8541
8542
8474
8543
8475
8544
8476
8545
8477
8546
8478
8547
8479
8548
8480
8549
8481
8550
8482
8551
8483
8552
8484
8553
8485
8554
8486
8555
8487
8556
8488
8557
8489
8558
8490
8559
8491
8560
8492
8561
8493
8562
8494
8563
8495
8564
8496
8565
8497
8566
8498
8567
8499
8568
8500
8569
8501
8570
8502
8571
8503
8572
8504
8573
8505
8574
8506
8575
8507
8576
8508
8577
8509
8578
8510
8579
8511
8580
8512
8581
8513
8582
8514
8583
8515
8584
8516
8585
8517
8586
8518
8587
8519
8588
8520
8589
8521
8590
8522
8591
8523
8592
8524
8593
8525
8594
8526
8595
8527
8596
8528
8597
8529
8598
8530
8599
8531
8600
8532
8601
8602
8534
8603
8535
8604
8536
8605
8537
8606
8538
8607
8539
8608
8540
8609
8541
8610
8542
8611
8612
8544
8613
8545
8614
8546
8615
8547
8616
8548
8617
8549
8618
8550
8619
8551
8620
8552
8621
8553
8622
8554
8623
8555
8624
8556
8625
8557
8626
8558
8627
8559
8628
8560
8629
8561
8630
8562
8631
8563
8632
8564
8633
8565
8634
8566
8635
8567
8636
8568
8637
8569
8638
8570
8639
8571
8640
8572
8641
8573
8642
8574
8643
8575
8644
8576
8645
8577
8646
8578
8647
8579
8648
8580
8649
8581
8650
8582
8651
8583
8652
8584
8653
8585
8654
8586
8655
8587
8656
8588
8657
8589
8658
8590
8659
8591
8660
8592
8661
8593
8662
8594
8663
8595
8664
8596
8665
8597
8666
8598
8667
8599
8668
8600
8669
8601
8670
8602
8671
8672
8604
8673
8605
8674
8606
8675
8607
8676
8608
8677
8609
8678
8610
8679
8611
8680
8612
8681
8682
8614
8683
8615
8684
8616
8685
8617
8686
8618
8687
8619
8688
8620
8689
8621
8690
8622
8691
8623
8692
8624
8693
8625
8694
8626
8695
8627
8696
8628
8697
8629
8698
8630
8699
8631
8700
8632
8701
8633
8702
8634
8703
8635
8704
8636
8705
8637
8706
8638
8707
8639
8708
8640
8709
8641
8710
8642
8711
8643
8712
8644
8713
8645
8714
8646
8715
8647
8716
8648
8717
8649
8718
8650
8719
8651
8720
8652
8721
8653
8722
8654
8723
8655
8724
8656
8725
8657
8726
8658
8727
8659
8728
8660
8729
8661
8730
8662
8731
8663
8732
8664
8733
8665
8734
8666
8735
8667
8736
8668
8737
8669
8738
8670
8739
8671
8740
8672
8741
8742
8674
8743
8675
8744
8676
8745
8677
8746
8678
8747
8679
8748
8680
8749
8681
8750
8682
8751
8752
8684
8753
8685
8754
8686
8755
8687
8756
8688
8757
8689
8758
8690
8759
8691
8760
8692
8761
8693
8762
8694
8763
8695
8764
8696
8765
8697
8766
8698
8767
8699
8768
8700
8769
8701
8770
8702
8771
8703
8772
8704
8773
8705
8774
8706
8775
8707
8776
8708
8777
8709
8778
8710
8779
8711
8780
8712
8781
8713
8782
8714
8783
8715
8784
8716
8785
8717
8786
8718
8787
8719
8788
8720
8789
8721
8790
8722
8791
8723
8792
8724
8793
8725
8794
8726
8795
8727
8796
8728
8797
8729
8798
8730
8799
8731
8800
8732
8801
8733
8802
8734
8803
8735
8804
8736
8805
8737
8806
8738
8807
8739
8808
8740
8809
8741
8810
8742
8811
8812
8744
8813
8745
8814
8746
8815
8747
8816
8748
8817
8749
8818
8750
8819
8751
8820
8752
8821
8822
8754
8823
8755
8824
8756
8825
8757
8826
8758
8827
8759
8828
8760
8829
8761
8830
8762
8831
8763
8832
8764
8833
8765
8834
8766
8835
8767
8836
8768
8837
8769
8838
8770
8839
8771
8840
8772
8841
8773
8842
8774
8843
8775
8844
8776
8845
8777
8846
8778
8847
8779
8848
8780
8849
8781
8850
8782
8851
8783
8852
8784
8853
8785
8854
8786
8855
8787
8856
8788
8857
8789
8858
8790
8859
8791
8860
8792
8861
8793
8862
8794
8863
8795
8864
8796
8865
8797
8866
8798
8867
8799
8868
8800
8869
8801
8870
8802
8871
8803
8872
8804
8873
8805
8874
8806
8875
8807
8876
8808
8877
8809
8878
8810
8879
8811
8880
8812
8881
8882
8814
8883
8815
8884
8816
8885
8817
8886
8818
8887
8819
8888
8820
8889
8821
8890
8822
8891
8892
8824
8893
8825
8894
8826
8895
8827
8896
8828
8897
8829
8898
8830
8899
8831
8900
8832
8901
8833
8902
8834
8903
8835
8904
8836
8905
8837
8906
8838
8907
8839
8908
8840
8909
8841
8910
8842
8911
8843
8912
8844
8913
8845
8914
8846
8915
8847
8916
8848
8917
8849
8918
8850
8919
8851
8920
8852
8921
8853
8922
8854
8923
8855
8924
8856
8925
8857
8926
8858
8927
8859
8928
8860
8929
8861
8930
8862
8931
8863
8932
8864
8933
8865
8934
8866
8935
8867
8936
8868
8937
8869
8938
8870
8939
8871
8940
8872
8941
8873
8942
8874
8943
8875
8944
8876
8945
8877
8946
8878
8947
8879
8948
8880
8949
8881
8950
8882
8951
8952
8884
8953
8885
8954
8886
8955
8887
8956
8888
8957
8889
8958
8890
8959
8891
8960
8892
8961
8962
8894
8963
8895
8964
8896
8965
8897
8966
8898
8967
8899
8968
8900
8969
8901
8970
8902
8971
8903
8972
8904
8973
8905
8974
8906
8975
8907
8976
8908
8977
8909
8978
8910
8979
8911
8980
8912
8981
8913
8982
8914
8983
8915
8984
8916
8985
8917
8986
8918
8987
8919
8988
8920
8989
8921
8990
8922
8991
8923
8992
8924
8993
8925
8994
8926
8995
8927
8996
8928
8997
8929
8998
8930
8999
8931
9000
8932
9001
8933
9002
8934
9003
8935
9004
8936
9005
8937
9006
8938
9007
8939
9008
8940
9009
8941
9010
8942
9011
8943
9012
8944
9013
8945
9014
8946
9015
8947
9016
8948
9017
8949
9018
8950
9019
8951
9020
8952
9021
9022
8954
9023
8955
9024
8956
9025
8957
9026
8958
9027
8959
9028
8960
9029
8961
9030
8962
9031
9032
8964
9033
8965
9034
8966
9035
8967
9036
8968
9037
8969
9038
8970
9039
8971
9040
8972
9041
8973
9042
8974
9043
8975
9044
8976
9045
8977
9046
8978
9047
8979
9048
8980
9049
8981
9050
8982
9051
8983
9052
8984
9053
8985
9054
8986
9055
8987
9056
8988
9057
8989
9058
8990
9059
8991
9060
8992
9061
8993
9062
8994
9063
8995
9064
8996
9065
8997
9066
8998
9067
8999
9068
9000
9069
9001
9070
9002
9071
9003
9072
9004
9073
9005
9074
9006
9075
9007
9076
9008
9077
9009
9078
9010
9079
9011
9080
9012
9081
9013
9082
9014
9083
9015
9084
9016
9085
9017
9086
9018
9087
9019
9088
9020
9089
9021
9090
9022
9091
9092
9024
9093
9025
9094
9026
9095
9027
9096
9028
9097
9029
9098
9030
9099
9031
9100
9032
9101
9102
9034
9103
9035
9104
9036
9105
9037
9106
9038
9107
9039
9108
9040
9109
9041
9110
9042
9111
9043
9112
9044
9113
9045
9114
9046
9115
9047
9116
9048
9117
9049
9118
9050
9119
9051
9120
9052
9121
9053
9122
9054
9123
9055
9124
9056
9125
9057
9126
9058
9127
9059
9128
9060
9129
9061
9130
9062
9131
9063
9132
9064
9133
9065
9134
9066
9135
9067
9136
9068
9137
9069
9138
9070
9139
9071
9140
9072
9141
9073
9142
9074
9143
9075
9144
9076
9145
9077
9146
9078
9147
9079
9148
9080
9149
9081
9150
9082
9151
9083
9152
9084
9153
9085
9154
9086
9155
9087
9156
9088
9157
9089
9158
9090
9159
9091
9160
9092
9161
9162
9094
9163
9095
9164
9096
9165
9097
9166
9098
9167
9099
9168
9100
9169
9101
9170
9102
9171
9172
9104
9173
9105
9174
9106
9175
9107
9176
9108
9177
9109
9178
9110
9179
9111
9180
9112
9181
9113
9182
9114
9183
9115
9184
9116
9185
9117
9186
9118
9187
9119
9188
9120
9189
9121
9190
9122
9191
9123
9192
9124
9193
9125
9194
9126
9195
9127
9196
9128
9197
9129
9198
9130
9199
9131
9200
9132
9201
9133
9202
9134
9203
9135
9204
9136
9205
9137
9206
9138
9207
9139
9208
9140
9209
9141
9210
9142
9211
9143
9212
9144
9213
9145
9214
9146
9215
9147
9216
9148
9217
9149
9218
9150
9219
9151
9220
9152
9221
9153
9222
9154
9223
9155
9224
9156
9225
9157
9226
9158
9227
9159
9228
9160
9229
9161
9230
9162
9231
9232
9164
9233
9165
9234
9166
9235
9167
9236
9168
9237
9169
9238
9170
9239
9171
9240
9172
9241
9242
9174
9243
9175
9244
9176
9245
9177
9246
9178
9247
9179
9248
9180
9249
9181
9250
9182
9251
9183
9252
9184
9253
9185
9254
9186
9255
9187
9256
9188
9257
9189
9258
9190
9259
9191
9260
9192
9261
9193
9262
9194
9263
9195
9264
9196
9265
9197
9266
9198
9267
9199
9268
9200
9269
9201
9270
9202
9271
9203
9272
9204
9273
9205
9274
9206
9275
9207
9276
9208
9277
9209
9278
9210
9279
9211
9280
9212
9281
9213
9282
9214
9283
9215
9284
9216
9285
9217
9286
9218
9287
9219
9288
9220
9289
9221
9290
9222
9291
9223
9292
9224
9293
9225
9294
9226
9295
9227
9296
9228
9297
9229
9298
9230
9299
9231
9300
9232
9301
9302
9234
9303
9235
9304
9236
9305
9237
9306
9238
9307
9239
9308
9240
9309
9241
9310
9242
9311
9312
9244
9313
9245
9314
9246
9315
9247
9316
9248
9317
9249
9318
9250
9319
9251
9320
9252
9321
9253
9322
9254
9323
9255
9324
9256
9325
9257
9326
9258
9327
9259
9328
9260
9329
9261
9330
9262
9331
9263
9332
9264
9333
9265
9334
9266
9335
9267
9336
9268
9337
9269
9338
9270
9339
9271
9340
9272
9341
9273
9342
9274
9343
9275
9344
9276
9345
9277
9346
9278
9347
9279
9348
9280
9349
9281
9350
9282
9351
9283
9352
9284
9353
9285
9354
9286
9355
9287
9356
9288
9357
9289
9358
9290
9359
9291
9360
9292
9361
9293
9362
9294
9363
9295
9364
9296
9365
9297
9366
9298
9367
9299
9368
9300
9369
9301
9370
9302
9371
9372
9304
9373
9305
9374
9306
9375
9307
9376
9308
9377
9309
9378
9310
9379
9311
9380
9312
9381
9382
9314
9383
9315
9384
9316
9385
9317
9386
9318
9387
9319
9388
9320
9389
9321
9390
9322
9391
9323
9392
9324
9393
9325
9394
9326
9395
9327
9396
9328
9397
9329
9398
9330
9399
9331
9400
9332
9401
9333
9402
9334
9403
9335
9404
9336
9405
9337
9406
9338
9407
9339
9408
9340
9409
9341
9410
9342
9411
9343
9412
9344
9413
9345
9414
9346
9415
9347
9416
9348
9417
9349
9418
9350
9419
9351
9420
9352
9421
9353
9422
9354
9423
9355
9424
9356
9425
9357
9426
9358
9427
9359
9428
9360
9429
9361
9430
9362
9431
9363
9432
9364
9433
9365
9434
9366
9435
9367
9436
9368
9437
9369
9438
9370
9439
9371
9440
9372
9441
9442
9374
9443
9375
9444
9376
9445
9377
9446
9378
9447
9379
9448
9380
9449
9381
9450
9382
9451
9452
9384
9453
9385
9454
9386
9455
9387
9456
9388
9457
9389
9458
9390
9459
9391
9460
9392
9461
9393
9462
9394
9463
9395
9464
9396
9465
9397
9466
9398
9467
9399
9468
9400
9469
9401
9470
9402
9471
9403
9472
9404
9473
9405
9474
9406
9475
9407
9476
9408
9477
9409
9478
9410
9479
9411
9480
9412
9481
9413
9482
9414
9483
9415
9484
9416
9485
9417
9486
9418
9487
9419
9488
9420
9489
9421
9490
9422
9491
9423
9492
9424
9493
9425
9494
9426
9495
9427
9496
9428
9497
9429
9498
9430
9499
9431
9500
9432
9501
9433
9502
9434
9503
9435
9504
9436
9505
9437
9506
9438
9507
9439
9508
9440
9509
9441
9510
9442
9511
9512
9444
9513
9445
9514
9446
9515
9447
9516
9448
9517
9449
9518
9450
9519
9451
9520
9452
9521
9522
9454
9523
9455
9524
9456
9525
9457
9526
9458
9527
9459
9528
9460
9529
9461
9530
9462
9531
9463
9532
9464
9533
9465
9534
9466
9535
9467
9536
9468
9537
9469
9538
9470
9539
9471
9540
9472
9541
9473
9542
9474
9543
9475
9544
9476
9545
9477
9546
9478
9547
9479
9548
9480
9549
9481
9550
9482
9551
9483
9552
9484
9553
9485
9554
9486
9555
9487
9556
9488
9557
9489
9558
9490
9559
9491
9560
9492
9561
9493
9562
9494
9563
9495
9564
9496
9565
9497
9566
9498
9567
9499
9568
9500
9569
9501
9570
9502
9571
9503
9572
9504
9573
9505
9574
9506
9575
9507
9576
9508
9577
9509
9578
9510
9579
9511
9580
9512
9581
9582
9514
9583
9515
9584
9516
9585
9517
9586
9518
9587
9519
9588
9520
9589
9521
9590
9522
9591
9592
9524
9593
9525
9594
9526
9595
9527
9596
9528
9597
9529
9598
9530
9599
9531
9600
9532
9601
9533
9602
9534
9603
9535
9604
9536
9605
9537
9606
9538
9607
9539
9608
9540
9609
9541
9610
9542
9611
9543
9612
9544
9613
9545
9614
9546
9615
9547
9616
9548
9617
9549
9618
9550
9619
9551
9620
9552
9621
9553
9622
9554
9623
9555
9624
9556
9625
9557
9626
9558
9627
9559
9628
9560
9629
9561
9630
9562
9631
9563
9632
9564
9633
9565
9634
9566
9635
9567
9636
9568
9637
9569
9638
9570
9639
9571
9640
9572
9641
9573
9642
9574
9643
9575
9644
9576
9645
9577
9646
9578
9647
9579
9648
9580
9649
9581
9650
9582
9651
9652
9584
9653
9585
9654
9586
9655
9587
9656
9588
9657
9589
9658
9590
9659
9591
9660
9592
9661
9662
9594
9663
9595
9664
9596
9665
9597
9666
9598
9667
9599
9668
9600
9669
9601
9670
9602
9671
9603
9672
9604
9673
9605
9674
9606
9675
9607
9676
9608
9677
9609
9678
9610
9679
9611
9680
9612
9681
9613
9682
9614
9683
9615
9684
9616
9685
9617
9686
9618
9687
9619
9688
9620
9689
9621
9690
9622
9691
9623
9692
9624
9693
9625
9694
9626
9695
9627
9696
9628
9697
9629
9698
9630
9699
9631
9700
9632
9701
9633
9702
9634
9703
9635
9704
9636
9705
9637
9706
9638
9707
9639
9708
9640
9709
9641
9710
9642
9711
9643
9712
9644
9713
9645
9714
9646
9715
9647
9716
9648
9717
9649
9718
9650
9719
9651
9720
9652
9721
9722
9654
9723
9655
9724
9656
9725
9657
9726
9658
9727
9659
9728
9660
9729
9661
9730
9662
9731
9732
9664
9733
9665
9734
9666
9735
9667
9736
9668
9737
9669
9738
9670
9739
9671
9740
9672
9741
9673
9742
9674
9743
9675
9744
9676
9745
9677
9746
9678
9747
9679
9748
9680
9749
9681
9750
9682
9751
9683
9752
9684
9753
9685
9754
9686
9755
9687
9756
9688
9757
9689
9758
9690
9759
9691
9760
9692
9761
9693
9762
9694
9763
9695
9764
9696
9765
9697
9766
9698
9767
9699
9768
9700
9769
9701
9770
9702
9771
9703
9772
9704
9773
9705
9774
9706
9775
9707
9776
9708
9777
9709
9778
9710
9779
9711
9780
9712
9781
9713
9782
9714
9783
9715
9784
9716
9785
9717
9786
9718
9787
9719
9788
9720
9789
9721
9790
9722
9791
9792
9724
9725
9726
9727
9728
9729
9730
9731
9732
9734
9735
9736
9737
9738
9739
9740
9741
9742
9743
9744
9745
9746
9747
9748
9749
9750
9751
9752
9753
9754
9755
9756
9757
9758
9759
9760
9761
9762
9763
9764
9765
9766
9767
9768
9769
9770
9771
9772
9773
9774
9775
9776
9777
9778
9779
9780
9781
9782
9783
9784
9785
9786
9787
9788
9789
9790
9791
9792
)


// ************************************************************************* //
