/*--------------------------------*- C++ -*----------------------------------*\
| =========                 |                                                 |
| \\      /  F ield         | OpenFOAM: The Open Source CFD Toolbox           |
|  \\    /   O peration     | Version:  5.x                                   |
|   \\  /    A nd           | Web:      www.OpenFOAM.org                      |
|    \\/     M anipulation  |                                                 |
\*---------------------------------------------------------------------------*/
FoamFile
{
    version     2.0;
    format      ascii;
    class       faceSet;
    location    "constant/polyMesh/sets";
    object      inletFaceSet;
}
// * * * * * * * * * * * * * * * * * * * * * * * * * * * * * * * * * * * * * //


390
(
69825 
69826 
69827 
69828 
69829 
69830 
69831 
69832 
69833 
69834 
69835 
69836 
69837 
69838 
69839 
69840 
69841 
69842 
69843 
69844 
69845 
69846 
69847 
69848 
69849 
69850 
69851 
69852 
69853 
69854 
69855 
69856 
69857 
69858 
69859 
69860 
69861 
69862 
69863 
69864 
69865 
69866 
69867 
69868 
69869 
69870 
69871 
69872 
69873 
69874 
69875 
69876 
69877 
69878 
69879 
69880 
69881 
69882 
69883 
69884 
69885 
69886 
69887 
69888 
69889 
69890 
69891 
69892 
69893 
69894 
69895 
69896 
69897 
69898 
69899 
69900 
69901 
69902 
69903 
69904 
69905 
69906 
69907 
69908 
69909 
69910 
69911 
69912 
69913 
69914 
69915 
69916 
69917 
69918 
69919 
69920 
69921 
69922 
69923 
69924 
69925 
69926 
69927 
69928 
69929 
69930 
69931 
69932 
69933 
69934 
69935 
69936 
69937 
69938 
69939 
69940 
69941 
69942 
69943 
69944 
69945 
69946 
69947 
69948 
69949 
69950 
69951 
69952 
69953 
69954 
69955 
69956 
69957 
69958 
69959 
69960 
69961 
69962 
69963 
69964 
69965 
69966 
69967 
69968 
69969 
69970 
69971 
69972 
69973 
69974 
69975 
69976 
69977 
69978 
69979 
69980 
69981 
69982 
69983 
69984 
69985 
69986 
69987 
69988 
69989 
69990 
69991 
69992 
69993 
69994 
69995 
69996 
69997 
69998 
69999 
70000 
70001 
70002 
70003 
70004 
70005 
70006 
70007 
70008 
70009 
70010 
70011 
70012 
70013 
70014 
70015 
70016 
70017 
70018 
70019 
70020 
70021 
70022 
70023 
70024 
70025 
70026 
70027 
70028 
70029 
70030 
70031 
70032 
70033 
70034 
70035 
70036 
70037 
70038 
70039 
70040 
70041 
70042 
70043 
70044 
70045 
70046 
70047 
70048 
70049 
70050 
70051 
70052 
70053 
70054 
70055 
70056 
70057 
70058 
70059 
70060 
70061 
70062 
70063 
70064 
70065 
70066 
70067 
70068 
70069 
70070 
70071 
70072 
70073 
70074 
70075 
70076 
70077 
70078 
70079 
70080 
70081 
70082 
70083 
70084 
70085 
70086 
70087 
70088 
70089 
70090 
70091 
70092 
70093 
70094 
70095 
70096 
70097 
70098 
70099 
70100 
70101 
70102 
70103 
70104 
70105 
70106 
70107 
70108 
70109 
70110 
70111 
70112 
70113 
70114 
70115 
70116 
70117 
70118 
70119 
70120 
70121 
70122 
70123 
70124 
70125 
70126 
70127 
70128 
70129 
70130 
70131 
70132 
70133 
70134 
70135 
70136 
70137 
70138 
70139 
70140 
70141 
70142 
70143 
70144 
70145 
70146 
70147 
70148 
70149 
70150 
70151 
70152 
70153 
70154 
70155 
70156 
70157 
70158 
70159 
70160 
70161 
70162 
70163 
70164 
70165 
70166 
70167 
70168 
70169 
70170 
70171 
70172 
70173 
70174 
70175 
70176 
70177 
70178 
70179 
70180 
70181 
70182 
70183 
70184 
70185 
70186 
70187 
70188 
70189 
70190 
70191 
70192 
70193 
70194 
70195 
70196 
70197 
70198 
70199 
70200 
70201 
70202 
70203 
70204 
70205 
70206 
70207 
70208 
70209 
70210 
70211 
70212 
70213 
70214 
)

// ************************************************************************* //
