/*--------------------------------*- C++ -*----------------------------------*\
| =========                 |                                                 |
| \\      /  F ield         | OpenFOAM: The Open Source CFD Toolbox           |
|  \\    /   O peration     | Version:  5.x                                   |
|   \\  /    A nd           | Web:      www.OpenFOAM.org                      |
|    \\/     M anipulation  |                                                 |
\*---------------------------------------------------------------------------*/
FoamFile
{
    version     2.0;
    format      ascii;
    class       cellSet;
    location    "constant/polyMesh/sets";
    object      inletCellSet;
}
// * * * * * * * * * * * * * * * * * * * * * * * * * * * * * * * * * * * * * //


195
(
0 
29700 
13320 
26640 
10260 
23580 
7200 
20520 
4140 
33840 
17460 
1080 
30780 
14400 
27720 
11340 
24660 
8280 
21600 
5220 
34920 
18540 
2160 
31860 
15480 
28800 
12420 
25740 
9360 
22680 
6300 
19620 
3240 
32940 
16560 
180 
29880 
13500 
26820 
10440 
23760 
7380 
20700 
4320 
34020 
17640 
1260 
30960 
14580 
27900 
11520 
24840 
8460 
21780 
5400 
18720 
2340 
32040 
15660 
28980 
12600 
25920 
9540 
22860 
6480 
19800 
3420 
33120 
16740 
360 
30060 
13680 
27000 
10620 
23940 
7560 
20880 
4500 
34200 
17820 
1440 
31140 
14760 
28080 
11700 
25020 
8640 
21960 
5580 
18900 
2520 
32220 
15840 
29160 
12780 
26100 
9720 
23040 
6660 
19980 
3600 
33300 
16920 
540 
30240 
13860 
27180 
10800 
24120 
7740 
21060 
4680 
34380 
18000 
1620 
31320 
14940 
28260 
11880 
25200 
8820 
22140 
5760 
19080 
2700 
32400 
16020 
29340 
12960 
26280 
9900 
23220 
6840 
20160 
3780 
33480 
17100 
720 
30420 
14040 
27360 
10980 
24300 
7920 
21240 
4860 
34560 
18180 
1800 
31500 
15120 
28440 
12060 
25380 
9000 
22320 
5940 
19260 
2880 
32580 
16200 
29520 
13140 
26460 
10080 
23400 
7020 
20340 
3960 
33660 
17280 
900 
30600 
14220 
27540 
11160 
24480 
8100 
21420 
5040 
34740 
18360 
1980 
31680 
15300 
28620 
12240 
25560 
9180 
22500 
6120 
19440 
3060 
32760 
16380 
)

// ************************************************************************* //
