/*--------------------------------*- C++ -*----------------------------------*\
| =========                 |                                                 |
| \\      /  F ield         | OpenFOAM: The Open Source CFD Toolbox           |
|  \\    /   O peration     | Version:  2.4.0                                 |
|   \\  /    A nd           | Web:      www.OpenFOAM.org                      |
|    \\/     M anipulation  |                                                 |
\*---------------------------------------------------------------------------*/
FoamFile
{
    version     2.0;
    format      ascii;
    class       faceSet;
    location    "constant/polyMesh/sets";
    object      inletFaceSet;
}
// * * * * * * * * * * * * * * * * * * * * * * * * * * * * * * * * * * * * * //


248
(
19456 
19457 
19458 
19459 
19460 
19461 
19462 
19463 
19464 
19465 
19466 
19467 
19468 
19469 
19470 
19471 
19472 
19473 
19474 
19233 
19234 
19235 
19236 
19237 
19238 
19239 
19240 
19241 
19242 
19243 
19244 
19245 
19246 
19247 
19248 
19249 
19250 
19251 
19252 
19253 
19254 
19255 
19256 
19257 
19258 
19259 
19260 
19261 
19262 
19263 
19264 
19265 
19266 
19267 
19268 
19269 
19270 
19271 
19272 
19273 
19274 
19275 
19276 
19277 
19278 
19279 
19280 
19281 
19282 
19283 
19284 
19285 
19286 
19287 
19288 
19289 
19290 
19291 
19292 
19293 
19294 
19295 
19296 
19297 
19298 
19299 
19300 
19301 
19302 
19303 
19304 
19305 
19306 
19307 
19308 
19309 
19310 
19311 
19312 
19313 
19314 
19315 
19316 
19317 
19318 
19319 
19320 
19321 
19322 
19323 
19324 
19325 
19326 
19327 
19328 
19329 
19330 
19331 
19332 
19333 
19334 
19335 
19336 
19337 
19338 
19339 
19340 
19341 
19342 
19343 
19344 
19345 
19346 
19347 
19348 
19349 
19350 
19351 
19352 
19353 
19354 
19355 
19356 
19357 
19358 
19359 
19360 
19361 
19362 
19363 
19364 
19365 
19366 
19367 
19368 
19369 
19370 
19371 
19372 
19373 
19374 
19375 
19376 
19377 
19378 
19379 
19380 
19381 
19382 
19383 
19384 
19385 
19386 
19387 
19388 
19389 
19390 
19391 
19392 
19393 
19394 
19395 
19396 
19397 
19398 
19399 
39368 
19400 
39369 
19401 
39370 
19402 
39371 
19403 
39372 
19404 
39373 
19405 
19406 
19407 
19408 
19409 
19410 
19411 
19412 
19413 
19414 
19415 
19416 
19417 
19418 
19419 
19420 
19421 
19422 
19423 
19424 
19425 
19426 
19427 
19428 
19429 
19430 
19431 
19432 
19433 
19434 
19435 
19436 
19437 
19438 
19439 
19440 
19441 
19442 
19443 
19444 
19445 
19446 
19447 
19448 
19449 
19450 
19451 
19452 
19453 
19454 
19455 
)

// ************************************************************************* //
