0.000531858 	0.000129239 	-2.21077e-08 	-3.12221e-24
0.00163525 	0.000378255 	-1.10957e-07 	0
0.00282097 	0.000607345 	-3.50653e-07 	1.92808e-24
0.00409516 	0.000810853 	-7.38807e-07 	-1.69259e-24
0.0054644 	0.000992425 	-1.27902e-06 	0
0.00693581 	0.00115705 	-1.97528e-06 	5.38473e-24
0.00851699 	0.00130881 	-2.85518e-06 	0
0.0102161 	0.00144525 	-3.93347e-06 	2.08409e-24
0.0120421 	0.00156412 	-5.19556e-06 	-3.59587e-24
0.0140042 	0.00166892 	-6.6652e-06 	3.13494e-24
0.0161127 	0.0017635 	-8.35262e-06 	0
0.0183786 	0.00185054 	-1.0264e-05 	0
0.0208135 	0.00193196 	-1.24106e-05 	-2.34585e-24
0.0234301 	0.00200916 	-1.48069e-05 	-2.18046e-24
0.0262418 	0.00208323 	-1.74693e-05 	-4.06638e-24
0.0292634 	0.00215502 	-2.04164e-05 	-3.84617e-24
0.0325104 	0.00222523 	-2.36684e-05 	3.68611e-24
0.0359997 	0.00229445 	-2.72479e-05 	0
0.0397492 	0.00236317 	-3.11794e-05 	0
0.0437785 	0.00243188 	-3.54892e-05 	0
0.0481085 	0.00250098 	-4.02063e-05 	-6.40207e-24
0.0527615 	0.00257087 	-4.53615e-05 	0
0.0577616 	0.00264195 	-5.09881e-05 	0
0.0631348 	0.00271462 	-5.71217e-05 	0
0.0689088 	0.00278925 	-6.38004e-05 	0
0.0751137 	0.00286628 	-7.10648e-05 	-2.33428e-23
0.0817815 	0.00294613 	-7.89579e-05 	2.31321e-23
0.0889467 	0.00302927 	-8.75254e-05 	0
0.0966466 	0.00311619 	-9.68153e-05 	1.45987e-25
0.104921 	0.00320746 	-0.000106878 	-2.27755e-23
0.113813 	0.00330366 	-0.000117766 	4.57192e-23
0.123368 	0.00340547 	-0.000129533 	0
0.133635 	0.00351362 	-0.000142236 	0
0.144669 	0.00362895 	-0.000155931 	0
0.156527 	0.00375237 	-0.000170674 	4.66083e-23
0.169268 	0.00388493 	-0.000186522 	0
0.182961 	0.0040278 	-0.000203527 	0
0.197675 	0.00418232 	-0.000221739 	-3.15626e-25
0.213487 	0.00434997 	-0.000241199 	-9.87311e-23
0.230478 	0.00453244 	-0.000261942 	0
0.248737 	0.00473167 	-0.000283987 	0
0.268359 	0.00494979 	-0.000307338 	1.04011e-22
0.289444 	0.00518926 	-0.000331975 	0
0.312103 	0.00545282 	-0.000357847 	0
0.336452 	0.00574356 	-0.000384866 	2.20418e-22
0.362618 	0.0060649 	-0.000412898 	2.23218e-22
0.390735 	0.00642069 	-0.000441745 	0
0.420951 	0.00681514 	-0.000471141 	-2.31385e-22
0.453421 	0.00725284 	-0.000500728 	0
0.488313 	0.00773877 	-0.000530045 	4.79725e-22
0.525809 	0.00827817 	-0.000558506 	4.81832e-22
0.566102 	0.00887646 	-0.00058539 	-4.85497e-22
0.609402 	0.00953903 	-0.000609818 	-4.8724e-22
0.653442 	0.0102709 	-0.000630758 	0
0.677543 	0.0102972 	-0.000570775 	0
0.705933 	0.0110927 	-0.000583975 	1.94857e-21
0.759665 	0.0119643 	-0.000591354 	5.85208e-24
0.817405 	0.0129132 	-0.000591635 	0
0.879454 	0.0139375 	-0.000583617 	-1.84346e-21
0.946132 	0.0150314 	-0.000566344 	0
1.01778 	0.0161843 	-0.000539345 	1.70609e-21
1.09478 	0.0173801 	-0.000502887 	1.61177e-21
1.17753 	0.0185975 	-0.00045819 	0
1.26644 	0.0198121 	-0.000407467 	0
1.36199 	0.0209989 	-0.000353686 	-2.64172e-21
1.46467 	0.0221359 	-0.000300067 	-2.42605e-21
1.57104 	0.0231678 	-0.000251175 	0
1.67372 	0.0240356 	-0.000210774 	-2.35886e-21
1.76927 	0.0247429 	-0.000178567 	0
1.85819 	0.0253214 	-0.000152597 	-2.41957e-21
1.94093 	0.0257953 	-0.000131307 	0
2.01793 	0.0261833 	-0.000113529 	0
2.08958 	0.0264997 	-9.84036e-05 	0
2.15626 	0.0267562 	-8.53109e-05 	-1.30003e-21
2.21831 	0.0269622 	-7.37987e-05 	6.64561e-22
2.27605 	0.0271254 	-6.35375e-05 	0
2.32978 	0.0272518 	-5.42847e-05 	0
2.37978 	0.0273467 	-4.58602e-05 	-7.17604e-22
2.42631 	0.0274139 	-3.81289e-05 	0
2.46961 	0.0274568 	-3.09879e-05 	0
2.50991 	0.0274777 	-2.4358e-05 	5.5683e-25
2.5474 	0.0274784 	-1.8177e-05 	0
2.58229 	0.0274604 	-1.23952e-05 	0
2.61476 	0.0274243 	-6.97243e-06 	4.48884e-22
2.64498 	0.0273706 	-1.8755e-06 	-4.71589e-22
2.6731 	0.0272992 	2.92298e-06 	-2.48521e-22
2.69926 	0.0272096 	7.44562e-06 	5.24807e-22
2.72361 	0.0271014 	1.17106e-05 	0
2.74627 	0.0269734 	1.57316e-05 	0
2.76736 	0.0268244 	1.9518e-05 	0
2.78698 	0.0266531 	2.3074e-05 	0
2.80524 	0.0264579 	2.63986e-05 	-1.79259e-22
2.82223 	0.0262374 	2.94851e-05 	0
2.83804 	0.0259901 	3.23214e-05 	-3.06623e-22
2.85275 	0.0257146 	3.489e-05 	0
2.86645 	0.0254102 	3.71692e-05 	0
2.87919 	0.0250761 	3.91348e-05 	-1.64488e-25
2.89104 	0.0247123 	4.07618e-05 	0
2.90208 	0.0243191 	4.2027e-05 	0
2.91235 	0.0238973 	4.29115e-05 	0
2.9219 	0.0234482 	4.34027e-05 	-7.67968e-23
2.93079 	0.0229731 	4.3496e-05 	8.05197e-23
2.93907 	0.0224737 	4.31955e-05 	1.14049e-25
2.94677 	0.0219516 	4.25143e-05 	8.78435e-23
2.95393 	0.0214081 	4.1474e-05 	-6.23481e-26
2.9606 	0.0208445 	4.01034e-05 	4.76109e-23
2.96681 	0.0202617 	3.84372e-05 	-9.91273e-23
2.97258 	0.0196601 	3.65146e-05 	7.07362e-26
2.97795 	0.0190397 	3.43776e-05 	2.6808e-23
2.98295 	0.0183999 	3.20698e-05 	3.85008e-26
2.98761 	0.0177399 	2.96351e-05 	0
2.99194 	0.017058 	2.7117e-05 	0
2.99597 	0.0163523 	2.45574e-05 	-3.18444e-23
2.99971 	0.0156202 	2.19968e-05 	0
3.0032 	0.0148589 	1.94735e-05 	1.75824e-23
3.00645 	0.014065 	1.70231e-05 	0
3.00947 	0.0132353 	1.46788e-05 	0
3.01228 	0.0123665 	1.24706e-05 	0
3.0149 	0.011456 	1.04259e-05 	-2.17513e-23
3.01734 	0.0105031 	8.56908e-06 	-1.14477e-23
3.0196 	0.00950962 	6.90934e-06 	-2.37877e-23
3.02171 	0.00849364 	5.45048e-06 	2.41974e-23
3.02367 	0.00747956 	4.19998e-06 	0
3.0255 	0.00647811 	3.13554e-06 	5.97615e-24
3.0272 	0.00549567 	2.2499e-06 	0
3.02878 	0.00453928 	1.53414e-06 	5.71424e-24
3.03025 	0.0036161 	9.74879e-07 	0
3.03162 	0.0027326 	5.56992e-07 	0
3.03289 	0.00189366 	2.6556e-07 	0
3.03408 	0.00110229 	8.6861e-08 	4.69006e-24
3.03518 	0.000359591 	1.49332e-09 	-1.48469e-24
