1 	2.16731e-06 	-1.35579e-08 	6.8702e-30 	2.16711e-06 	4.00149e-33 	2.16721e-06
1.00071 	3.4491e-06 	-1.04768e-07 	7.81309e-29 	3.44808e-06 	-3.28907e-30 	3.44858e-06
1.00148 	4.86109e-06 	-2.83014e-07 	-4.77121e-26 	4.85971e-06 	-9.08342e-29 	4.86038e-06
1.0023 	6.40011e-06 	-5.63632e-07 	2.13853e-25 	6.39974e-06 	4.25771e-28 	6.39986e-06
1.00319 	8.04451e-06 	-9.46243e-07 	-2.01217e-25 	8.04718e-06 	-4.30383e-28 	8.04571e-06
1.00414 	9.75727e-06 	-1.41311e-06 	2.00542e-27 	9.76487e-06 	7.12806e-29 	9.76086e-06
1.00516 	1.14947e-05 	-1.93682e-06 	-2.7915e-27 	1.15077e-05 	1.49101e-28 	1.15009e-05
1.00626 	1.32164e-05 	-2.49117e-06 	1.09887e-24 	1.32326e-05 	9.05385e-29 	1.3224e-05
1.00744 	1.48908e-05 	-3.02474e-06 	1.78155e-25 	1.49047e-05 	-9.27301e-28 	1.48971e-05
1.00871 	1.64692e-05 	-3.81577e-06 	-4.24621e-24 	1.6471e-05 	5.98874e-28 	1.64693e-05
1.01007 	1.78635e-05 	-4.57069e-06 	2.84631e-24 	1.78337e-05 	5.35536e-28 	1.78475e-05
1.01154 	1.90527e-05 	-5.23843e-06 	4.14599e-24 	1.89652e-05 	1.00128e-27 	1.90075e-05
1.01311 	2.00465e-05 	-5.81872e-06 	-4.94108e-24 	1.98718e-05 	-1.72448e-27 	1.99572e-05
1.0148 	2.08662e-05 	-6.30804e-06 	3.57203e-30 	2.05746e-05 	4.4243e-29 	2.0718e-05
1.01662 	2.1539e-05 	-6.70472e-06 	5.33848e-27 	2.11023e-05 	-2.21871e-27 	2.13177e-05
1.01857 	2.20941e-05 	-7.00952e-06 	9.41792e-24 	2.14869e-05 	3.0231e-26 	2.1787e-05
1.02067 	2.25604e-05 	-7.22578e-06 	-1.05976e-23 	2.17608e-05 	-2.36584e-26 	2.21564e-05
1.02293 	2.29646e-05 	-7.35772e-06 	-1.2752e-23 	2.19539e-05 	-7.73628e-26 	2.24544e-05
1.02535 	2.33301e-05 	-7.41322e-06 	2.87165e-23 	2.20929e-05 	1.57885e-25 	2.27058e-05
1.02796 	2.36762e-05 	-7.40044e-06 	-1.60662e-23 	2.21999e-05 	-8.19719e-26 	2.29314e-05
1.03076 	2.40178e-05 	-7.32793e-06 	1.44578e-26 	2.22922e-05 	5.2517e-27 	2.31474e-05
1.03376 	2.43663e-05 	-7.20467e-06 	-2.07212e-23 	2.23827e-05 	-2.12343e-25 	2.33657e-05
1.037 	2.47293e-05 	-7.03847e-06 	2.24743e-23 	2.24807e-05 	2.18576e-25 	2.35949e-05
1.04047 	2.51112e-05 	-6.83892e-06 	-2.51808e-23 	2.25912e-05 	-3.08136e-25 	2.38398e-05
1.0442 	2.55147e-05 	-6.61125e-06 	2.70357e-23 	2.27175e-05 	3.00816e-25 	2.41032e-05
1.04822 	2.59403e-05 	-6.35913e-06 	-4.15569e-26 	2.28603e-05 	6.30112e-26 	2.43858e-05
1.05253 	2.63873e-05 	-6.09074e-06 	-3.20633e-23 	2.30189e-05 	-5.52012e-25 	2.46868e-05
1.05716 	2.68542e-05 	-5.80827e-06 	3.39114e-23 	2.31914e-05 	5.01049e-25 	2.50046e-05
1.06214 	2.73382e-05 	-5.51351e-06 	-2.48043e-28 	2.33757e-05 	4.40676e-26 	2.53368e-05
1.06748 	2.78366e-05 	-5.2102e-06 	-5.25773e-29 	2.3569e-05 	-2.22057e-28 	2.56806e-05
1.07323 	2.83456e-05 	-4.89799e-06 	1.56798e-25 	2.37684e-05 	7.96364e-26 	2.60325e-05
1.07941 	2.88608e-05 	-4.57951e-06 	-4.26258e-23 	2.39715e-05 	-1.15834e-24 	2.63894e-05
1.08605 	2.93772e-05 	-4.25529e-06 	8.84877e-23 	2.41755e-05 	2.12145e-24 	2.67474e-05
1.09318 	2.98899e-05 	-3.92291e-06 	-4.59915e-23 	2.43785e-05 	-9.39271e-25 	2.71027e-05
1.10085 	3.03917e-05 	-3.58711e-06 	-4.65806e-25 	2.45792e-05 	-1.08387e-25 	2.74519e-05
1.10908 	3.08765e-05 	-3.24796e-06 	1.51036e-27 	2.47761e-05 	1.68993e-28 	2.77903e-05
1.11794 	3.13357e-05 	-2.90416e-06 	-3.88317e-25 	2.49691e-05 	1.63128e-25 	2.81142e-05
1.12745 	3.17609e-05 	-2.55997e-06 	-5.10704e-23 	2.51578e-05 	-1.6552e-24 	2.84192e-05
1.13767 	3.21427e-05 	-2.21756e-06 	-5.63806e-25 	2.53428e-05 	-4.70636e-25 	2.87009e-05
1.14865 	3.24708e-05 	-1.87768e-06 	5.15129e-23 	2.55247e-05 	1.75734e-24 	2.89549e-05
1.16046 	3.27359e-05 	-1.54585e-06 	1.88266e-26 	2.57034e-05 	1.96578e-25 	2.91759e-05
1.17314 	3.29265e-05 	-1.22844e-06 	8.19902e-25 	2.58798e-05 	3.06049e-25 	2.93592e-05
1.18677 	3.30337e-05 	-9.27716e-07 	-5.29232e-23 	2.60527e-05 	-2.46294e-24 	2.94996e-05
1.20142 	3.30474e-05 	-6.51277e-07 	5.23673e-23 	2.62208e-05 	1.85991e-24 	2.95916e-05
1.21716 	3.29589e-05 	-4.06227e-07 	6.55756e-25 	2.63819e-05 	2.98569e-25 	2.963e-05
1.23408 	3.27626e-05 	-1.974e-07 	-7.02016e-25 	2.65307e-05 	-1.75047e-27 	2.96085e-05
1.25226 	3.24522e-05 	-3.17801e-08 	-8.55649e-25 	2.66617e-05 	-2.86337e-26 	2.95221e-05
1.27179 	3.20255e-05 	8.45949e-08 	4.00425e-24 	2.67663e-05 	1.1676e-25 	2.93647e-05
1.29278 	3.14812e-05 	1.49231e-07 	-1.75018e-26 	2.68352e-05 	2.68877e-26 	2.91312e-05
1.31534 	3.08216e-05 	1.58153e-07 	1.2553e-24 	2.68563e-05 	3.10812e-27 	2.88162e-05
1.33958 	3.00512e-05 	1.09575e-07 	-1.49073e-24 	2.68163e-05 	-3.30741e-27 	2.84149e-05
1.36563 	2.91752e-05 	6.50072e-09 	2.18151e-25 	2.67022e-05 	5.60176e-25 	2.79236e-05
1.39362 	2.82023e-05 	-1.44609e-07 	-4.44983e-23 	2.64994e-05 	-2.75915e-24 	2.73392e-05
1.4237 	2.71419e-05 	-3.36293e-07 	4.25196e-23 	2.61944e-05 	8.97727e-25 	2.66594e-05
1.45602 	2.60034e-05 	-5.59932e-07 	4.41933e-23 	2.57763e-05 	2.72041e-24 	2.58835e-05
1.49076 	2.47984e-05 	-8.03127e-07 	2.89024e-25 	2.52353e-05 	1.82149e-24 	2.50121e-05
1.52809 	2.35352e-05 	-1.04779e-06 	-7.04069e-23 	2.4567e-05 	-4.09755e-24 	2.4048e-05
1.5682 	2.22248e-05 	-1.27832e-06 	3.06254e-23 	2.37703e-05 	5.24288e-25 	2.29945e-05
1.6113 	2.08733e-05 	-1.47978e-06 	2.59045e-24 	2.28509e-05 	6.98063e-25 	2.18599e-05
1.65763 	1.94901e-05 	-1.63454e-06 	-8.03341e-24 	2.18185e-05 	2.69278e-25 	2.06524e-05
1.7074 	1.80823e-05 	-1.73043e-06 	-2.79714e-23 	2.06898e-05 	-1.62792e-24 	1.93845e-05
1.76089 	1.66602e-05 	-1.7581e-06 	1.30771e-23 	1.94846e-05 	9.19684e-26 	1.80708e-05
1.81838 	1.52349e-05 	-1.71353e-06 	-8.04401e-25 	1.8227e-05 	2.44414e-25 	1.67293e-05
1.88015 	1.38197e-05 	-1.5979e-06 	1.97337e-25 	1.69435e-05 	0 	1.538e-05
1.94653 	1.24326e-05 	-1.41423e-06 	6.03854e-25 	1.56585e-05 	9.91505e-28 	1.40441e-05
2.01786 	1.11422e-05 	-1.17915e-06 	-4.37421e-25 	1.44389e-05 	0 	1.279e-05
2.08919 	1.00339e-05 	-9.21287e-07 	2.25683e-25 	1.33682e-05 	-5.627e-25 	1.17013e-05
2.15557 	9.11675e-06 	-6.65456e-07 	2.5369e-23 	1.24593e-05 	1.0568e-24 	1.07885e-05
2.21734 	8.35789e-06 	-4.18162e-07 	-1.33016e-23 	1.16824e-05 	1.64041e-26 	1.00207e-05
2.27482 	7.73057e-06 	-1.83578e-07 	7.17029e-24 	1.10124e-05 	4.7914e-26 	9.372e-06
2.32831 	7.21328e-06 	3.72442e-08 	-8.00893e-24 	1.04289e-05 	-6.11875e-27 	8.82142e-06
2.37809 	6.78772e-06 	2.45622e-07 	4.85352e-25 	9.91612e-06 	-1.86156e-25 	8.35256e-06
2.42441 	6.44041e-06 	4.40508e-07 	1.24576e-25 	9.46087e-06 	2.32398e-25 	7.95132e-06
2.46752 	6.15848e-06 	6.24484e-07 	-8.14022e-24 	9.05418e-06 	-4.12071e-25 	7.60755e-06
2.50763 	5.93387e-06 	7.98842e-07 	9.21193e-24 	8.68785e-06 	-5.24123e-26 	7.31168e-06
2.54496 	5.75653e-06 	9.63753e-07 	-7.88531e-25 	8.35763e-06 	-1.7631e-25 	7.05783e-06
2.57969 	5.619e-06 	1.11888e-06 	1.25589e-23 	8.06003e-06 	4.98512e-25 	6.84077e-06
2.61202 	5.51706e-06 	1.26756e-06 	-8.33716e-24 	7.79186e-06 	5.31771e-25 	6.65558e-06
2.6421 	5.44468e-06 	1.40823e-06 	-8.37297e-24 	7.55195e-06 	-6.92624e-25 	6.49935e-06
2.67009 	5.39785e-06 	1.54143e-06 	8.08519e-24 	7.33925e-06 	-1.43158e-25 	6.36948e-06
2.69614 	5.37298e-06 	1.66843e-06 	3.4953e-25 	7.15321e-06 	2.74485e-25 	6.26411e-06
2.72038 	5.36788e-06 	1.7863e-06 	-3.99395e-25 	6.99315e-06 	-9.95884e-28 	6.18147e-06
2.74293 	5.38051e-06 	1.89834e-06 	2.72173e-25 	6.8587e-06 	-1.68971e-25 	6.12032e-06
2.76392 	5.40857e-06 	2.00287e-06 	3.21904e-24 	6.74985e-06 	2.1462e-25 	6.08012e-06
2.78346 	5.45182e-06 	2.09778e-06 	-3.36378e-24 	6.66567e-06 	1.04722e-25 	6.05959e-06
2.80164 	5.50916e-06 	2.18622e-06 	-2.75733e-25 	6.60571e-06 	-1.04531e-25 	6.05819e-06
2.81855 	5.57982e-06 	2.26634e-06 	-4.86302e-25 	6.56932e-06 	1.72317e-25 	6.07534e-06
2.83429 	5.66369e-06 	2.33775e-06 	-2.93349e-24 	6.55544e-06 	-2.49654e-25 	6.11021e-06
2.84894 	5.76011e-06 	2.40182e-06 	2.78742e-24 	6.56318e-06 	-1.44956e-25 	6.16221e-06
2.86257 	5.86866e-06 	2.45758e-06 	2.95679e-25 	6.59141e-06 	3.40624e-25 	6.23061e-06
2.87526 	5.98901e-06 	2.50598e-06 	-2.43215e-24 	6.63889e-06 	-1.90397e-25 	6.31456e-06
2.88706 	6.12091e-06 	2.54757e-06 	2.24852e-24 	6.70423e-06 	-1.31263e-25 	6.41308e-06
2.89804 	6.26361e-06 	2.5823e-06 	1.69903e-25 	6.78628e-06 	1.44174e-25 	6.52541e-06
2.90827 	6.41666e-06 	2.61093e-06 	4.54904e-26 	6.88377e-06 	1.26164e-26 	6.65061e-06
2.91778 	6.57945e-06 	2.63468e-06 	-1.8213e-25 	6.99551e-06 	8.32527e-27 	6.78784e-06
2.92663 	6.75119e-06 	2.65342e-06 	6.51936e-26 	7.1203e-06 	9.56281e-26 	6.93611e-06
2.93487 	6.9315e-06 	2.66809e-06 	-9.37836e-25 	7.2571e-06 	-9.2962e-27 	7.0946e-06
2.94253 	7.11937e-06 	2.67898e-06 	2.41478e-27 	7.40483e-06 	-2.67066e-25 	7.2624e-06
2.94967 	7.31386e-06 	2.68617e-06 	1.41048e-24 	7.56212e-06 	2.05554e-25 	7.43822e-06
2.9563 	7.51376e-06 	2.68991e-06 	-1.3886e-24 	7.72783e-06 	4.69498e-26 	7.62101e-06
2.96248 	7.71741e-06 	2.68952e-06 	5.59739e-25 	7.90006e-06 	-1.4373e-25 	7.80893e-06
2.96823 	7.92265e-06 	2.68496e-06 	-1.32245e-26 	8.07658e-06 	6.96223e-26 	7.99977e-06
2.97358 	8.1263e-06 	2.67492e-06 	-2.11606e-26 	8.25428e-06 	-1.86174e-27 	8.19042e-06
2.97856 	8.32446e-06 	2.65838e-06 	2.02228e-27 	8.42919e-06 	2.55516e-27 	8.37695e-06
2.98319 	8.51169e-06 	2.63359e-06 	-1.3083e-26 	8.59584e-06 	-2.35838e-27 	8.55387e-06
2.9875 	8.68114e-06 	2.59827e-06 	4.04348e-27 	8.74734e-06 	-2.11807e-27 	8.71432e-06
2.99151 	8.82431e-06 	2.5504e-06 	-1.81706e-27 	8.87511e-06 	0 	8.84978e-06
2.99524 	8.93106e-06 	2.48738e-06 	6.57392e-27 	8.96891e-06 	1.6392e-29 	8.95004e-06
2.99872 	8.98978e-06 	2.4067e-06 	-5.64308e-27 	9.01699e-06 	-1.80676e-26 	9.00343e-06
3.00195 	8.98791e-06 	2.30581e-06 	4.87023e-26 	9.0066e-06 	1.80651e-26 	8.99729e-06
3.00496 	8.91308e-06 	2.18279e-06 	-4.33243e-26 	8.92516e-06 	1.22606e-26 	8.91916e-06
3.00776 	8.75442e-06 	2.0366e-06 	-2.86533e-29 	8.76157e-06 	-1.22472e-26 	8.75802e-06
3.01036 	8.5045e-06 	1.86751e-06 	-3.0679e-27 	8.50815e-06 	-7.61883e-30 	8.50635e-06
3.01279 	8.16173e-06 	1.67759e-06 	2.51782e-27 	8.16306e-06 	3.59409e-28 	8.16241e-06
3.01504 	7.73237e-06 	1.4709e-06 	6.48986e-28 	7.73229e-06 	2.84433e-28 	7.73234e-06
3.01714 	7.232e-06 	1.2496e-06 	-1.49433e-27 	7.2312e-06 	-2.469e-28 	7.23161e-06
3.01909 	6.69123e-06 	1.0776e-06 	1.26323e-31 	6.6901e-06 	-3.58401e-27 	6.69067e-06
3.02091 	6.13045e-06 	9.34634e-07 	5.0965e-27 	6.12923e-06 	3.09238e-27 	6.12985e-06
3.0226 	5.55861e-06 	7.92608e-07 	-4.3859e-27 	5.55745e-06 	-1.54708e-28 	5.55804e-06
3.02418 	4.9854e-06 	6.56132e-07 	2.76626e-27 	4.9844e-06 	1.01018e-28 	4.9849e-06
3.02564 	4.42149e-06 	5.28016e-07 	-2.25608e-27 	4.42069e-06 	1.40474e-27 	4.42109e-06
3.027 	3.87732e-06 	4.1128e-07 	2.42515e-32 	3.87672e-06 	-1.17681e-27 	3.87702e-06
3.02827 	3.36191e-06 	3.08692e-07 	6.3353e-29 	3.36149e-06 	-1.36998e-29 	3.3617e-06
3.02945 	2.88193e-06 	2.22131e-07 	-2.74626e-29 	2.88166e-06 	-1.57914e-28 	2.88179e-06
3.03055 	2.4413e-06 	1.52198e-07 	7.95029e-29 	2.44113e-06 	1.15585e-28 	2.44121e-06
3.03157 	2.04116e-06 	9.81998e-08 	-4.48304e-29 	2.04107e-06 	6.72384e-29 	2.04111e-06
3.03253 	1.6804e-06 	5.84472e-08 	-3.31995e-30 	1.68036e-06 	-4.00844e-29 	1.68038e-06
3.03341 	1.35627e-06 	3.06997e-08 	-2.2286e-32 	1.35626e-06 	-3.6492e-35 	1.35627e-06
3.03423 	1.06508e-06 	1.25853e-08 	1.64221e-31 	1.06507e-06 	4.59663e-34 	1.06507e-06
3.035 	8.02753e-07 	1.89415e-09 	-1.43734e-32 	8.02753e-07 	-4.1919e-35 	8.02753e-07
3.03571 	8.02753e-07 	1.89415e-09 	-1.43734e-32 	8.02753e-07 	-4.1919e-35 	8.02753e-07
