0.856932 	2.34799e-07 	1.18935e-09 	-1.09337e-25 	2.27031e-07 	-1.52098e-25 	2.30908e-07
0.857724 	5.02804e-07 	9.52857e-09 	7.99762e-25 	4.40304e-07 	1.20169e-24 	4.71613e-07
0.858576 	8.06028e-07 	2.50918e-08 	3.76631e-24 	6.43675e-07 	4.82147e-24 	7.24878e-07
0.859491 	1.13473e-06 	4.61086e-08 	-9.20391e-24 	8.3911e-07 	-2.0282e-23 	9.86924e-07
0.860474 	1.47519e-06 	6.96319e-08 	-5.13216e-24 	1.03209e-06 	2.09239e-23 	1.25367e-06
0.861531 	1.81385e-06 	9.23867e-08 	4.1998e-23 	1.2296e-06 	9.45822e-24 	1.52179e-06
0.862666 	2.1406e-06 	1.11434e-07 	-4.06709e-23 	1.4381e-06 	-2.06012e-23 	1.78946e-06
0.863886 	2.45002e-06 	1.24432e-07 	5.27403e-23 	1.66275e-06 	1.76992e-23 	2.05654e-06
0.865197 	2.74093e-06 	1.29589e-07 	-5.26774e-23 	1.90766e-06 	-7.70002e-23 	2.32451e-06
0.866606 	3.01534e-06 	1.25395e-07 	-3.96088e-23 	2.17644e-06 	2.43698e-23 	2.59616e-06
0.86812 	3.27742e-06 	1.10343e-07 	3.47093e-23 	2.47295e-06 	4.86857e-23 	2.87549e-06
0.869747 	3.53301e-06 	8.27474e-08 	-3.49512e-23 	2.8016e-06 	-4.74671e-23 	3.16771e-06
0.871496 	3.78675e-06 	4.00433e-08 	-2.51877e-23 	3.17042e-06 	8.88251e-23 	3.47923e-06
0.873375 	4.05704e-06 	-2.03745e-08 	1.12252e-22 	3.56302e-06 	1.64545e-23 	3.8108e-06
0.875394 	4.32179e-06 	-1.06672e-07 	-4.36468e-23 	4.00007e-06 	-6.53938e-23 	4.16173e-06
0.877564 	4.59175e-06 	-2.19649e-07 	-4.50755e-23 	4.48452e-06 	-6.07871e-23 	4.53909e-06
0.879895 	4.87861e-06 	-3.60597e-07 	-8.17068e-23 	5.02272e-06 	5.7862e-23 	4.95175e-06
0.882401 	5.19353e-06 	-5.30872e-07 	5.31297e-23 	5.62302e-06 	6.92378e-23 	5.40956e-06
0.885093 	5.54749e-06 	-7.31447e-07 	1.32188e-23 	6.29552e-06 	-1.73697e-24 	5.92287e-06
0.887987 	5.95012e-06 	-9.63687e-07 	1.09322e-22 	7.05239e-06 	1.34653e-22 	6.50256e-06
0.891096 	6.41071e-06 	-1.22917e-06 	7.23674e-24 	7.90571e-06 	-2.4283e-22 	7.15957e-06
0.894437 	6.9401e-06 	-1.52851e-06 	-1.36516e-22 	8.86441e-06 	2.01862e-23 	7.90369e-06
0.898027 	7.54956e-06 	-1.86206e-06 	1.93115e-22 	9.9332e-06 	1.69654e-22 	8.74284e-06
0.901886 	8.24886e-06 	-2.23033e-06 	-1.62982e-22 	1.11119e-05 	-2.41112e-22 	9.68185e-06
0.906032 	9.04514e-06 	-2.63394e-06 	-7.97006e-24 	1.23946e-05 	-1.97431e-23 	1.07213e-05
0.910487 	9.94223e-06 	-3.07387e-06 	2.28375e-22 	1.3768e-05 	2.69834e-22 	1.18568e-05
0.915275 	1.09417e-05 	-3.54996e-06 	-2.10583e-22 	1.52089e-05 	-8.15342e-23 	1.30773e-05
0.92042 	1.20406e-05 	-4.0614e-06 	1.76277e-24 	1.66866e-05 	-1.40797e-22 	1.43657e-05
0.925949 	1.32273e-05 	-4.60839e-06 	3.52594e-23 	1.81668e-05 	7.14974e-23 	1.56993e-05
0.931891 	1.44849e-05 	-5.19014e-06 	1.37449e-23 	1.9612e-05 	-2.51422e-26 	1.7051e-05
0.938276 	1.57929e-05 	-5.80357e-06 	3.84934e-23 	2.09816e-05 	5.98141e-23 	1.83899e-05
0.945137 	1.71282e-05 	-6.44206e-06 	-4.60635e-22 	2.22331e-05 	-5.85531e-23 	1.96833e-05
0.95251 	1.84676e-05 	-7.09497e-06 	8.1217e-22 	2.33248e-05 	-2.03304e-22 	2.08987e-05
0.960433 	1.97879e-05 	-7.74731e-06 	1.70435e-22 	2.42184e-05 	1.29429e-22 	2.20054e-05
0.968947 	2.10686e-05 	-8.37952e-06 	1.15764e-22 	2.48835e-05 	4.67677e-23 	2.29779e-05
0.978096 	2.22919e-05 	-8.96998e-06 	-7.38123e-22 	2.53014e-05 	1.09342e-22 	2.37977e-05
0.987928 	2.34432e-05 	-9.49859e-06 	-4.87344e-23 	2.54696e-05 	-7.05299e-23 	2.4457e-05
0.998493 	2.45141e-05 	-9.94908e-06 	1.48197e-25 	2.54041e-05 	-1.48273e-26 	2.49595e-05
1.00985 	2.55019e-05 	-1.03109e-05 	1.8194e-23 	2.51393e-05 	-2.82744e-26 	2.53207e-05
1.02205 	2.64061e-05 	-1.05812e-05 	-3.99498e-23 	2.4728e-05 	8.01834e-26 	2.55667e-05
1.03516 	2.72257e-05 	-1.07629e-05 	5.98481e-23 	2.42365e-05 	5.65933e-23 	2.57303e-05
1.04925 	2.79562e-05 	-1.08594e-05 	-2.32954e-21 	2.37359e-05 	1.4644e-22 	2.58442e-05
1.06439 	2.85864e-05 	-1.08769e-05 	2.46512e-21 	2.32929e-05 	-3.66194e-22 	2.59369e-05
1.08066 	2.91057e-05 	-1.08259e-05 	3.20258e-21 	2.29554e-05 	-8.90456e-23 	2.60285e-05
1.09814 	2.95162e-05 	-1.07188e-05 	-3.2844e-21 	2.27404e-05 	3.90202e-22 	2.61281e-05
1.11693 	2.9835e-05 	-1.05714e-05 	-3.95894e-21 	2.26317e-05 	9.54316e-23 	2.62361e-05
1.13712 	3.0093e-05 	-1.0393e-05 	4.03874e-21 	2.25875e-05 	-3.24959e-22 	2.63449e-05
1.15881 	3.03166e-05 	-1.0186e-05 	-3.42381e-24 	2.25597e-05 	7.44289e-23 	2.64435e-05
1.18212 	3.05155e-05 	-9.94356e-06 	5.28096e-23 	2.25097e-05 	2.42537e-26 	2.65183e-05
1.20718 	3.06789e-05 	-9.65252e-06 	-3.43452e-23 	2.24173e-05 	1.3828e-25 	2.6553e-05
1.2341 	3.07754e-05 	-9.30323e-06 	-2.40889e-23 	2.22804e-05 	-1.27975e-25 	2.6531e-05
1.26303 	3.07618e-05 	-8.89689e-06 	7.34984e-23 	2.21099e-05 	6.37584e-23 	2.64373e-05
1.29412 	3.0597e-05 	-8.44612e-06 	-4.76001e-21 	2.19178e-05 	6.13585e-23 	2.62579e-05
1.32752 	3.0252e-05 	-7.96432e-06 	4.51624e-21 	2.17094e-05 	-1.8719e-22 	2.59803e-05
1.36342 	2.97113e-05 	-7.4696e-06 	1.05531e-22 	2.14798e-05 	6.40314e-23 	2.55941e-05
1.402 	2.89715e-05 	-6.97951e-06 	5.43944e-26 	2.12155e-05 	5.6169e-26 	2.50924e-05
1.44345 	2.80429e-05 	-6.50231e-06 	3.70907e-23 	2.08947e-05 	-2.02312e-25 	2.4468e-05
1.488 	2.69387e-05 	-6.03929e-06 	9.5687e-24 	2.04951e-05 	-2.63506e-25 	2.37168e-05
1.53587 	2.56766e-05 	-5.58891e-06 	-3.50399e-23 	1.99962e-05 	1.97554e-25 	2.28362e-05
1.58731 	2.42741e-05 	-5.14761e-06 	-3.48226e-25 	1.93837e-05 	2.33192e-27 	2.18278e-05
1.64259 	2.27482e-05 	-4.71041e-06 	8.37027e-24 	1.86513e-05 	5.3383e-23 	2.06992e-05
1.70199 	2.11243e-05 	-4.27025e-06 	-3.61751e-21 	1.77981e-05 	-3.9408e-23 	1.94606e-05
1.76582 	1.94288e-05 	-3.82012e-06 	1.59574e-21 	1.68335e-05 	-9.30154e-23 	1.81302e-05
1.83441 	1.76897e-05 	-3.35416e-06 	3.1921e-21 	1.57776e-05 	4.20543e-23 	1.67326e-05
1.90812 	1.59397e-05 	-2.87056e-06 	7.43626e-23 	1.46574e-05 	9.01953e-23 	1.52977e-05
1.98448 	1.4277e-05 	-2.38172e-06 	-2.9935e-21 	1.35453e-05 	-2.74454e-23 	1.39107e-05
2.05818 	1.28274e-05 	-1.91852e-06 	-8.70893e-23 	1.25382e-05 	-7.37069e-23 	1.26823e-05
2.12677 	1.16141e-05 	-1.49961e-06 	1.66282e-21 	1.16677e-05 	4.82594e-23 	1.164e-05
2.19059 	1.05963e-05 	-1.12489e-06 	-1.76915e-21 	1.09216e-05 	-2.39928e-23 	1.07589e-05
2.24998 	9.74337e-06 	-7.89387e-07 	1.90018e-21 	1.02815e-05 	2.49813e-23 	1.00126e-05
2.30525 	9.02763e-06 	-4.86786e-07 	-1.96433e-21 	9.73012e-06 	-2.58716e-23 	9.37926e-06
2.35668 	8.42729e-06 	-2.1352e-07 	2.04241e-21 	9.2522e-06 	-1.8059e-23 	8.83991e-06
2.40454 	7.92224e-06 	3.60664e-08 	1.83399e-23 	8.83587e-06 	1.724e-23 	8.37969e-06
2.44907 	7.49959e-06 	2.65338e-07 	1.10576e-21 	8.46946e-06 	6.21513e-23 	7.98455e-06
2.49052 	7.14422e-06 	4.76761e-07 	-2.2553e-21 	8.14639e-06 	-2.30874e-23 	7.64579e-06
2.52908 	6.84828e-06 	6.72705e-07 	1.12992e-21 	7.85894e-06 	-4.14741e-23 	7.35378e-06
2.56497 	6.60154e-06 	8.55496e-07 	-5.24659e-24 	7.60336e-06 	2.67266e-23 	7.10289e-06
2.59836 	6.3982e-06 	1.0267e-06 	1.27514e-23 	7.37543e-06 	3.26961e-23 	6.88717e-06
2.62944 	6.23226e-06 	1.18719e-06 	-1.14638e-21 	7.17297e-06 	-4.17068e-23 	6.70276e-06
2.65836 	6.09828e-06 	1.33756e-06 	1.13352e-21 	6.99425e-06 	-2.23204e-23 	6.54645e-06
2.68527 	5.99251e-06 	1.47911e-06 	-1.95021e-24 	6.83811e-06 	3.06095e-23 	6.41572e-06
2.71031 	5.91275e-06 	1.61252e-06 	1.71541e-24 	6.70319e-06 	1.88677e-23 	6.30804e-06
2.73361 	5.85513e-06 	1.73647e-06 	-5.14977e-22 	6.58957e-06 	-4.14425e-23 	6.22249e-06
2.7553 	5.81837e-06 	1.85094e-06 	1.00507e-21 	6.49649e-06 	2.85443e-23 	6.15752e-06
2.77548 	5.80062e-06 	1.95701e-06 	-9.57341e-22 	6.42371e-06 	8.0644e-24 	6.11235e-06
2.79426 	5.80093e-06 	2.05506e-06 	4.58105e-22 	6.37087e-06 	-3.11436e-23 	6.08613e-06
2.81173 	5.81861e-06 	2.14434e-06 	-9.54551e-24 	6.33754e-06 	-3.54566e-24 	6.07819e-06
2.82799 	5.85258e-06 	2.22505e-06 	4.11418e-22 	6.3236e-06 	2.29649e-23 	6.08823e-06
2.84313 	5.90273e-06 	2.2975e-06 	-3.90407e-22 	6.32848e-06 	-5.67001e-24 	6.11565e-06
2.85721 	5.96844e-06 	2.36209e-06 	3.69022e-22 	6.35191e-06 	5.46358e-24 	6.16017e-06
2.87031 	6.04936e-06 	2.41916e-06 	-3.48028e-22 	6.39347e-06 	2.65609e-23 	6.22147e-06
2.88251 	6.14548e-06 	2.47014e-06 	-1.56822e-22 	6.45262e-06 	-2.93321e-23 	6.29906e-06
2.89385 	6.25639e-06 	2.5144e-06 	1.46655e-22 	6.52899e-06 	-8.10265e-24 	6.39268e-06
2.90441 	6.3818e-06 	2.55253e-06 	1.8573e-24 	6.6222e-06 	8.9199e-24 	6.50205e-06
2.91424 	6.52172e-06 	2.58651e-06 	-1.01923e-24 	6.73171e-06 	6.47812e-27 	6.62669e-06
2.92338 	6.67561e-06 	2.61557e-06 	5.00357e-24 	6.85732e-06 	1.08727e-23 	6.76647e-06
2.93189 	6.84319e-06 	2.64018e-06 	-1.16921e-22 	6.99841e-06 	-2.23789e-23 	6.9208e-06
2.93981 	7.02401e-06 	2.66154e-06 	2.13592e-22 	7.15453e-06 	-7.56757e-24 	7.08926e-06
2.94718 	7.21736e-06 	2.67923e-06 	-1.20973e-24 	7.32505e-06 	3.92633e-23 	7.2712e-06
2.95404 	7.42218e-06 	2.69369e-06 	-1.81068e-22 	7.50889e-06 	-1.19869e-23 	7.46553e-06
2.96042 	7.63692e-06 	2.70391e-06 	8.27417e-23 	7.70456e-06 	-1.68037e-23 	7.67072e-06
2.96636 	7.85917e-06 	2.70926e-06 	6.46455e-25 	7.90976e-06 	1.38606e-23 	7.88447e-06
2.97188 	8.08592e-06 	2.70901e-06 	-3.40681e-23 	8.12141e-06 	-5.47282e-24 	8.10367e-06
2.97702 	8.31265e-06 	2.70168e-06 	3.16022e-23 	8.33509e-06 	-3.87593e-24 	8.32386e-06
2.98181 	8.53334e-06 	2.68575e-06 	-5.31659e-25 	8.5448e-06 	-8.80046e-25 	8.53906e-06
2.98626 	8.74042e-06 	2.6585e-06 	2.48745e-23 	8.74293e-06 	5.12368e-24 	8.74166e-06
2.99041 	8.92443e-06 	2.61787e-06 	-2.21679e-23 	8.91997e-06 	-1.09276e-24 	8.9222e-06
2.99426 	9.07393e-06 	2.56176e-06 	1.88951e-23 	9.06434e-06 	3.29819e-24 	9.06913e-06
2.99785 	9.17599e-06 	2.48724e-06 	-2.53017e-23 	9.16295e-06 	3.17173e-24 	9.16946e-06
3.00119 	9.21674e-06 	2.39194e-06 	5.51037e-26 	9.20179e-06 	-9.14869e-24 	9.20927e-06
3.0043 	9.18208e-06 	2.2743e-06 	1.23663e-23 	9.16646e-06 	2.13573e-24 	9.17426e-06
3.00719 	9.05942e-06 	2.133e-06 	-5.24528e-24 	9.04418e-06 	4.61127e-24 	9.0518e-06
3.00988 	8.83945e-06 	1.96817e-06 	-4.25704e-24 	8.82535e-06 	-3.05407e-24 	8.8324e-06
3.01238 	8.51829e-06 	1.78129e-06 	3.62563e-24 	8.50584e-06 	-2.55518e-24 	8.51207e-06
3.01471 	8.09953e-06 	1.5759e-06 	2.69569e-24 	8.08901e-06 	2.4017e-24 	8.09426e-06
3.01688 	7.59627e-06 	1.35692e-06 	-2.22855e-24 	7.58773e-06 	8.6485e-25 	7.592e-06
3.0189 	7.03222e-06 	1.13295e-06 	-2.12282e-27 	7.02552e-06 	-3.61603e-25 	7.02887e-06
3.02078 	6.44598e-06 	9.89413e-07 	-6.11241e-25 	6.44051e-06 	-3.92163e-25 	6.44324e-06
3.02253 	5.84747e-06 	8.42559e-07 	5.24372e-25 	5.84317e-06 	-5.87502e-25 	5.84532e-06
3.02415 	5.24593e-06 	7.00632e-07 	3.6398e-25 	5.24267e-06 	5.22958e-25 	5.2443e-06
3.02566 	4.65223e-06 	5.66265e-07 	-2.98879e-25 	4.64985e-06 	2.90133e-25 	4.65104e-06
3.02707 	4.0775e-06 	4.42669e-07 	-9.43506e-26 	4.07586e-06 	-2.43465e-25 	4.07668e-06
3.02838 	3.53185e-06 	3.3304e-07 	7.16757e-26 	3.53077e-06 	-1.14595e-25 	3.53131e-06
3.0296 	3.02316e-06 	2.39828e-07 	3.72422e-26 	3.02249e-06 	8.83559e-26 	3.02283e-06
3.03074 	2.55634e-06 	1.64156e-07 	-2.64167e-26 	2.55596e-06 	2.75262e-26 	2.55615e-06
3.03179 	2.13325e-06 	1.05638e-07 	2.2727e-28 	2.13305e-06 	-1.9079e-26 	2.13315e-06
3.03278 	1.75301e-06 	6.26309e-08 	-1.73447e-28 	1.75292e-06 	-3.86357e-32 	1.75297e-06
3.03369 	1.41276e-06 	3.27439e-08 	6.80999e-29 	1.41272e-06 	1.2919e-31 	1.41274e-06
3.03454 	1.10844e-06 	1.33572e-08 	-6.24451e-30 	1.10843e-06 	3.8604e-31 	1.10843e-06
3.03533 	8.35494e-07 	2.00096e-09 	2.37226e-33 	8.35493e-07 	2.99812e-32 	8.35493e-07
