0.00163525 	1.66076e-06 	2.34735e-07 	0 	1.6612e-06 	2.46661e-28 	1.66097e-06
0.00282097 	2.38632e-06 	5.18374e-07 	0 	2.38833e-06 	0 	2.38732e-06
0.00409516 	3.05638e-06 	7.88177e-07 	-1.90972e-29 	3.06188e-06 	5.23348e-29 	3.05913e-06
0.0054644 	3.66629e-06 	1.00163e-06 	-1.46835e-28 	3.67766e-06 	9.2462e-30 	3.67198e-06
0.00693581 	4.22539e-06 	1.15616e-06 	0 	4.2452e-06 	-1.06108e-28 	4.23533e-06
0.00851699 	4.74653e-06 	1.26145e-06 	-8.63699e-29 	4.77754e-06 	-3.57489e-27 	4.76209e-06
0.0102161 	5.24165e-06 	1.31126e-06 	-3.89924e-27 	5.28709e-06 	7.24575e-27 	5.26427e-06
0.0120421 	5.70561e-06 	1.38071e-06 	9.9938e-27 	5.77382e-06 	6.40486e-27 	5.73959e-06
0.0140042 	6.12305e-06 	1.44197e-06 	0 	6.2249e-06 	-2.15895e-26 	6.17405e-06
0.0161127 	6.49745e-06 	1.44329e-06 	-1.7816e-26 	6.64019e-06 	-1.02832e-26 	6.5689e-06
0.0183786 	6.83957e-06 	1.416e-06 	-2.11962e-26 	7.03003e-06 	2.54051e-27 	6.93481e-06
0.0208135 	7.15722e-06 	1.36724e-06 	-2.44861e-26 	7.40198e-06 	1.25601e-26 	7.2796e-06
0.0234301 	7.45625e-06 	1.30165e-06 	-4.16004e-28 	7.76201e-06 	1.36417e-26 	7.60914e-06
0.0262418 	7.74094e-06 	1.22187e-06 	8.8834e-28 	8.11452e-06 	-2.24957e-26 	7.92774e-06
0.0292634 	8.01475e-06 	1.12938e-06 	-6.58921e-26 	8.46311e-06 	-2.53962e-27 	8.23894e-06
0.0325104 	8.28029e-06 	1.02545e-06 	1.07575e-27 	8.81051e-06 	-1.7981e-26 	8.5454e-06
0.0359997 	8.53989e-06 	9.10552e-07 	-1.59791e-25 	9.15918e-06 	4.05132e-26 	8.84953e-06
0.0397492 	8.79535e-06 	7.84922e-07 	1.76001e-25 	9.51105e-06 	6.14267e-26 	9.1532e-06
0.0437785 	9.04843e-06 	6.48439e-07 	0 	9.86797e-06 	-5.48131e-26 	9.4582e-06
0.0481085 	9.30062e-06 	5.00884e-07 	2.9472e-27 	1.02315e-05 	-8.87061e-29 	9.76606e-06
0.0527615 	9.55331e-06 	3.42235e-07 	-3.17981e-27 	1.06031e-05 	9.57079e-29 	1.00782e-05
0.0577616 	9.80797e-06 	1.71955e-07 	-3.29976e-27 	1.09842e-05 	-9.66384e-26 	1.03961e-05
0.0631348 	1.00659e-05 	-1.05889e-08 	-4.31441e-25 	1.1376e-05 	-1.7242e-26 	1.07209e-05
0.0689088 	1.03285e-05 	-2.05704e-07 	3.16289e-28 	1.17799e-05 	1.05987e-25 	1.10542e-05
0.0751137 	1.05975e-05 	-4.13901e-07 	2.70043e-26 	1.21971e-05 	-9.99978e-26 	1.13973e-05
0.0817815 	1.0874e-05 	-6.36151e-07 	-4.44627e-25 	1.26288e-05 	-1.92133e-26 	1.17514e-05
0.0889467 	1.11599e-05 	-8.73215e-07 	0 	1.30764e-05 	1.12291e-25 	1.21181e-05
0.0966466 	1.14569e-05 	-1.12582e-06 	-1.0069e-25 	1.35411e-05 	5.7732e-27 	1.2499e-05
0.104921 	1.17667e-05 	-1.39473e-06 	0 	1.40243e-05 	1.93449e-25 	1.28955e-05
0.113813 	1.20916e-05 	-1.68069e-06 	8.62129e-25 	1.45274e-05 	5.85443e-26 	1.33095e-05
0.123368 	1.24334e-05 	-1.98515e-06 	0 	1.50518e-05 	-2.10822e-25 	1.37426e-05
0.133635 	1.27945e-05 	-2.30881e-06 	2.6915e-26 	1.55992e-05 	-8.5511e-28 	1.41969e-05
0.144669 	1.31773e-05 	-2.65251e-06 	0 	1.6171e-05 	0 	1.46741e-05
0.156527 	1.35844e-05 	-3.018e-06 	0 	1.6769e-05 	0 	1.51767e-05
0.169268 	1.40184e-05 	-3.40585e-06 	6.60617e-26 	1.7395e-05 	-2.09883e-27 	1.57067e-05
0.182961 	1.44821e-05 	-3.8171e-06 	0 	1.80509e-05 	0 	1.62664e-05
0.197675 	1.49782e-05 	-4.25343e-06 	7.93054e-26 	1.87385e-05 	7.87905e-25 	1.68583e-05
0.213487 	1.55099e-05 	-4.71582e-06 	2.41401e-24 	1.94596e-05 	3.69174e-25 	1.74847e-05
0.230478 	1.60797e-05 	-5.20526e-06 	0 	2.0216e-05 	-1.16908e-26 	1.81479e-05
0.248737 	1.66905e-05 	-5.72275e-06 	1.89059e-24 	2.10093e-05 	1.20341e-24 	1.88499e-05
0.268359 	1.73448e-05 	-6.26936e-06 	1.31665e-24 	2.18404e-05 	-3.20494e-25 	1.95926e-05
0.289444 	1.80446e-05 	-6.84587e-06 	0 	2.271e-05 	-7.87071e-25 	2.03772e-05
0.312103 	1.87915e-05 	-7.45248e-06 	-4.42136e-25 	2.36173e-05 	1.4047e-26 	2.12044e-05
0.336452 	1.95863e-05 	-8.08934e-06 	4.69674e-25 	2.45604e-05 	-3.06157e-24 	2.20733e-05
0.362618 	2.04288e-05 	-8.75575e-06 	-1.19303e-24 	2.55353e-05 	-2.01122e-24 	2.29819e-05
0.390735 	2.1317e-05 	-9.45012e-06 	0 	2.65349e-05 	2.93117e-24 	2.39259e-05
0.420951 	2.2247e-05 	-1.01695e-05 	-5.78302e-25 	2.75485e-05 	2.84303e-24 	2.48977e-05
0.453421 	2.3212e-05 	-1.09088e-05 	-2.12993e-24 	2.856e-05 	2.08114e-24 	2.5886e-05
0.488313 	2.42013e-05 	-1.16603e-05 	0 	2.95462e-05 	-4.60043e-26 	2.68737e-05
0.525809 	2.51983e-05 	-1.24115e-05 	-2.03964e-24 	3.04746e-05 	2.04762e-24 	2.78364e-05
0.566102 	2.61788e-05 	-1.31438e-05 	-1.30332e-24 	3.1301e-05 	-2.3965e-24 	2.874e-05
0.609402 	2.71072e-05 	-1.38298e-05 	0 	3.19671e-05 	-4.47452e-24 	2.95373e-05
0.653442 	2.79336e-05 	-1.44302e-05 	2.44476e-23 	3.23986e-05 	-4.67571e-24 	3.01664e-05
0.677543 	2.758e-05 	-1.42619e-05 	7.89086e-24 	3.21112e-05 	-1.16801e-23 	2.9846e-05
0.705933 	2.82878e-05 	-1.47542e-05 	3.33589e-23 	3.23055e-05 	-3.58272e-25 	3.02971e-05
0.759665 	2.87566e-05 	-1.50479e-05 	-2.27267e-23 	3.20861e-05 	1.13222e-23 	3.04217e-05
0.817405 	2.8889e-05 	-1.50715e-05 	0 	3.13645e-05 	-3.36062e-24 	3.01269e-05
0.879454 	2.86022e-05 	-1.47689e-05 	0 	3.00997e-05 	0 	2.93509e-05
0.946132 	2.78685e-05 	-1.41266e-05 	1.6694e-25 	2.83386e-05 	1.82717e-27 	2.81034e-05
1.01778 	2.67489e-05 	-1.31893e-05 	4.10828e-24 	2.62373e-05 	3.78952e-24 	2.64926e-05
1.09478 	2.53846e-05 	-1.2057e-05 	-6.9389e-23 	2.40258e-05 	1.04635e-23 	2.47048e-05
1.17753 	2.39399e-05 	-1.0854e-05 	-7.98014e-23 	2.19226e-05 	-3.76383e-24 	2.29309e-05
1.26644 	2.25306e-05 	-9.69227e-06 	1.56189e-22 	2.00538e-05 	-5.07535e-24 	2.12922e-05
1.36199 	2.11964e-05 	-8.64423e-06 	-3.34822e-22 	1.84282e-05 	3.16589e-23 	1.98124e-05
1.46467 	1.99127e-05 	-7.73208e-06 	7.42884e-24 	1.69697e-05 	-1.2969e-23 	1.84412e-05
1.57104 	1.8668e-05 	-6.9429e-06 	7.55098e-24 	1.56181e-05 	5.65437e-24 	1.71431e-05
1.67372 	1.74911e-05 	-6.26256e-06 	-2.22019e-22 	1.43665e-05 	1.09904e-23 	1.5929e-05
1.76927 	1.63954e-05 	-5.65482e-06 	4.15091e-25 	1.32103e-05 	-1.05216e-23 	1.48028e-05
1.85819 	1.53711e-05 	-5.08297e-06 	1.51354e-22 	1.21398e-05 	-6.18912e-24 	1.37555e-05
1.94093 	1.44204e-05 	-4.53228e-06 	0 	1.11586e-05 	4.16384e-24 	1.27896e-05
2.01793 	1.35458e-05 	-3.99894e-06 	4.79974e-24 	1.02732e-05 	-5.35206e-24 	1.191e-05
2.08958 	1.27503e-05 	-3.48612e-06 	1.82736e-22 	9.48523e-06 	-5.8919e-24 	1.11177e-05
2.15626 	1.20296e-05 	-2.99611e-06 	0 	8.79405e-06 	5.47298e-24 	1.04118e-05
2.21831 	1.13797e-05 	-2.53076e-06 	0 	8.19483e-06 	0 	9.78731e-06
2.27605 	1.07945e-05 	-2.09142e-06 	0 	7.68038e-06 	3.57877e-24 	9.23736e-06
2.32978 	1.02667e-05 	-1.67848e-06 	-1.12561e-22 	7.24288e-06 	2.60509e-24 	8.75466e-06
2.37978 	9.78908e-06 	-1.29063e-06 	0 	6.87405e-06 	4.96908e-25 	8.33167e-06
2.42631 	9.35622e-06 	-9.29268e-07 	-1.17073e-22 	6.56572e-06 	4.47312e-24 	7.96126e-06
2.46961 	8.96311e-06 	-5.92653e-07 	-6.40183e-23 	6.30987e-06 	-2.78234e-24 	7.63662e-06
2.50991 	8.60539e-06 	-2.78341e-07 	-1.17868e-24 	6.09968e-06 	-2.08027e-24 	7.35233e-06
2.5474 	8.27915e-06 	1.39611e-08 	0 	5.92937e-06 	-5.06149e-24 	7.10408e-06
2.58229 	7.98244e-06 	2.84763e-07 	1.27216e-22 	5.79326e-06 	-1.86783e-24 	6.8877e-06
2.61476 	7.71342e-06 	5.35123e-07 	1.02176e-24 	5.68672e-06 	4.61975e-24 	6.70005e-06
2.64498 	7.4713e-06 	7.68457e-07 	4.33958e-25 	5.60576e-06 	-1.43491e-24 	6.53846e-06
2.6731 	7.25486e-06 	9.84582e-07 	3.05464e-23 	5.54756e-06 	-3.40693e-25 	6.40131e-06
2.69926 	7.06447e-06 	1.18479e-06 	0 	5.50939e-06 	2.74777e-24 	6.28693e-06
2.72361 	6.89958e-06 	1.36965e-06 	-2.77146e-23 	5.48981e-06 	2.48297e-25 	6.19473e-06
2.74627 	6.76062e-06 	1.54096e-06 	3.98496e-25 	5.48763e-06 	-5.26721e-25 	6.12419e-06
2.76736 	6.64789e-06 	1.70014e-06 	-1.28429e-23 	5.50248e-06 	1.04767e-25 	6.07534e-06
2.78698 	6.56237e-06 	1.84675e-06 	-1.44486e-25 	5.53423e-06 	1.40022e-25 	6.04836e-06
2.80524 	6.50462e-06 	1.98304e-06 	-1.13053e-23 	5.58356e-06 	5.16724e-26 	6.04404e-06
2.82223 	6.4753e-06 	2.10971e-06 	0 	5.65162e-06 	-6.56045e-25 	6.06348e-06
2.83804 	6.47585e-06 	2.22752e-06 	-7.6064e-26 	5.7395e-06 	2.41661e-27 	6.10766e-06
2.85275 	6.5071e-06 	2.33618e-06 	0 	5.84893e-06 	0 	6.17803e-06
2.86645 	6.57016e-06 	2.4369e-06 	0 	5.98153e-06 	0 	6.27591e-06
2.87919 	6.66606e-06 	2.53027e-06 	0 	6.13882e-06 	0 	6.40244e-06
2.89104 	6.79509e-06 	2.61615e-06 	0 	6.32223e-06 	2.06585e-25 	6.55865e-06
2.90208 	6.95729e-06 	2.6943e-06 	-1.69247e-24 	6.53258e-06 	-1.08582e-27 	6.74493e-06
2.91235 	7.15183e-06 	2.76448e-06 	-4.82939e-26 	6.76978e-06 	-1.63949e-25 	6.96079e-06
2.9219 	7.37677e-06 	2.82617e-06 	-2.28854e-26 	7.03282e-06 	7.27086e-28 	7.20481e-06
2.93079 	7.62901e-06 	2.87879e-06 	0 	7.31923e-06 	-2.02393e-25 	7.47416e-06
2.93907 	7.90403e-06 	2.92113e-06 	1.21929e-24 	7.62504e-06 	-1.94469e-25 	7.76453e-06
2.94677 	8.19546e-06 	2.95269e-06 	1.0532e-24 	7.94467e-06 	3.68577e-25 	8.07007e-06
2.95393 	8.49576e-06 	2.97225e-06 	-9.74668e-25 	8.2709e-06 	1.54035e-25 	8.38334e-06
2.9606 	8.79566e-06 	2.97797e-06 	-5.35973e-27 	8.59487e-06 	3.33406e-26 	8.69527e-06
2.96681 	9.08499e-06 	2.96945e-06 	-7.97668e-25 	8.90662e-06 	-9.24424e-27 	8.99579e-06
2.97258 	9.35241e-06 	2.9454e-06 	-1.06067e-26 	9.19506e-06 	-1.56084e-25 	9.27372e-06
2.97795 	9.58621e-06 	2.90488e-06 	-2.85451e-27 	9.44859e-06 	-7.74964e-28 	9.5174e-06
2.98295 	9.7744e-06 	2.84676e-06 	0 	9.6552e-06 	0 	9.7148e-06
2.98761 	9.90503e-06 	2.77029e-06 	2.44202e-27 	9.80297e-06 	-7.75851e-29 	9.854e-06
2.99194 	9.96671e-06 	2.67499e-06 	0 	9.88049e-06 	0 	9.9236e-06
2.99597 	9.94867e-06 	2.55988e-06 	0 	9.87693e-06 	4.08154e-26 	9.9128e-06
2.99971 	9.84145e-06 	2.42475e-06 	-8.78732e-26 	9.78282e-06 	-2.17011e-27 	9.81213e-06
3.0032 	9.63702e-06 	2.26921e-06 	-1.26337e-27 	9.59005e-06 	-3.12229e-26 	9.61353e-06
3.00645 	9.32998e-06 	2.09321e-06 	0 	9.29322e-06 	-1.64902e-28 	9.3116e-06
3.00947 	8.91827e-06 	1.8973e-06 	0 	8.89027e-06 	2.3584e-26 	8.90427e-06
3.01228 	8.40479e-06 	1.6827e-06 	-2.97824e-26 	8.38414e-06 	5.70674e-27 	8.39447e-06
3.0149 	7.7992e-06 	1.45213e-06 	-7.81237e-27 	7.78453e-06 	-1.02223e-26 	7.79186e-06
3.01734 	7.11987e-06 	1.2099e-06 	-5.68977e-27 	7.10986e-06 	2.16246e-28 	7.11487e-06
3.0196 	6.3963e-06 	9.64238e-07 	-4.03995e-27 	6.38972e-06 	-3.98768e-27 	6.39302e-06
3.02171 	5.67788e-06 	8.0829e-07 	-1.82487e-28 	5.67328e-06 	2.11631e-28 	5.67558e-06
3.02367 	4.97613e-06 	6.51406e-07 	-2.20194e-27 	4.97304e-06 	-1.98406e-28 	4.97459e-06
3.0255 	4.29934e-06 	5.03853e-07 	2.58355e-29 	4.29737e-06 	-2.11444e-27 	4.29835e-06
3.0272 	3.65772e-06 	3.70387e-07 	-3.52875e-29 	3.65654e-06 	-1.62018e-27 	3.65713e-06
3.02878 	3.06117e-06 	2.55971e-07 	5.71431e-28 	3.06052e-06 	8.19651e-29 	3.06085e-06
3.03025 	2.51718e-06 	1.64091e-07 	6.82447e-30 	2.51685e-06 	7.36234e-28 	2.51701e-06
3.03162 	2.0292e-06 	9.55469e-08 	0 	2.02906e-06 	1.05254e-28 	2.02913e-06
3.03289 	1.59646e-06 	4.83864e-08 	-1.37873e-29 	1.59642e-06 	-5.74491e-29 	1.59644e-06
3.03408 	1.21469e-06 	1.88636e-08 	3.01306e-30 	1.21467e-06 	-2.05562e-29 	1.21468e-06
3.03518 	8.7746e-07 	2.67978e-09 	2.92617e-32 	8.7746e-07 	3.18023e-30 	8.7746e-07
