1.00029 	0.000141303 	-8.36768e-09 	1.43921e-20
1.00089 	0.000437775 	-7.21108e-08 	5.38518e-20
1.00153 	0.000765756 	-2.10707e-07 	3.94564e-20
1.0022 	0.0011311 	-3.68003e-07 	-3.32314e-24
1.00291 	0.0015382 	-4.54624e-07 	6.14433e-23
1.00367 	0.0019919 	-3.51211e-07 	6.17992e-23
1.00447 	0.0024975 	9.48922e-08 	-1.35076e-22
1.00532 	0.00306059 	1.07584e-06 	-1.3531e-22
1.00622 	0.00368677 	2.82781e-06 	7.86852e-23
1.00718 	0.00438107 	5.63368e-06 	8.33579e-23
1.00819 	0.00514705 	9.82336e-06 	4.83203e-24
1.00927 	0.00598546 	1.57708e-05 	-5.38608e-24
1.0104 	0.00689295 	2.38861e-05 	-1.07334e-23
1.01161 	0.00786104 	3.46015e-05 	-2.07928e-26
1.01289 	0.00887626 	4.83489e-05 	5.43445e-24
1.01424 	0.00992133 	6.55275e-05 	-6.18973e-22
1.01568 	0.0109771 	8.64609e-05 	-6.47943e-22
1.0172 	0.0120241 	0.000111346 	5.62089e-22
1.01882 	0.0130441 	0.000140205 	5.86997e-22
1.02053 	0.0140203 	0.000172849 	4.77778e-20
1.02234 	0.0149381 	0.000208869 	5.14084e-20
1.02427 	0.015786 	0.000247669 	-4.05166e-20
1.02631 	0.0165557 	0.000288529 	-4.41497e-20
1.02847 	0.0172433 	0.000330689 	-3.29883e-20
1.03076 	0.0178492 	0.000373438 	-3.63074e-20
1.03319 	0.0183774 	0.000416174 	2.63726e-20
1.03576 	0.0188346 	0.000458446 	2.96713e-20
1.03849 	0.0192294 	0.000499956 	-4.55715e-21
1.04138 	0.0195706 	0.00054054 	-4.9953e-21
1.04444 	0.019867 	0.000580143 	3.71879e-21
1.04769 	0.0201264 	0.000618783 	4.12882e-21
1.05114 	0.0203558 	0.00065653 	1.26517e-20
1.05479 	0.020561 	0.000693482 	1.36761e-20
1.05866 	0.0207469 	0.000729746 	-1.6637e-20
1.06276 	0.0209173 	0.000765435 	-1.80625e-20
1.06711 	0.0210758 	0.000800657 	5.16221e-21
1.07172 	0.021225 	0.000835509 	5.56089e-21
1.07661 	0.021367 	0.000870078 	7.60461e-25
1.08179 	0.0215038 	0.000904439 	4.19696e-25
1.08728 	0.0216367 	0.000938649 	-5.798e-26
1.09311 	0.0217671 	0.00097275 	-2.20041e-25
1.09928 	0.0218961 	0.00100677 	6.30918e-26
1.10582 	0.0220245 	0.00104072 	5.20669e-25
1.11275 	0.0221531 	0.0010746 	-6.25417e-26
1.1201 	0.0222827 	0.00110837 	5.42511e-25
1.12789 	0.0224139 	0.001142 	8.6604e-25
1.13615 	0.0225472 	0.00117543 	-7.82641e-25
1.1449 	0.0226831 	0.00120855 	3.78986e-20
1.15418 	0.0228221 	0.00124127 	2.80092e-20
1.16402 	0.0229647 	0.00127345 	-3.05762e-20
1.17445 	0.0231114 	0.00130496 	-9.60642e-21
1.1855 	0.0232626 	0.0013356 	-6.15386e-21
1.19722 	0.0234189 	0.00136519 	-3.02519e-21
1.20964 	0.0235808 	0.00139351 	1.36491e-20
1.2228 	0.0237488 	0.00142034 	3.37901e-21
1.23676 	0.0239236 	0.00144542 	3.17553e-21
1.25155 	0.0241056 	0.00146851 	-1.74245e-20
1.26723 	0.0242956 	0.00148937 	-6.69845e-20
1.28386 	0.0244944 	0.00150775 	-5.02037e-20
1.30148 	0.0247025 	0.00152343 	4.95862e-20
1.32016 	0.0249209 	0.00153622 	5.06435e-20
1.33996 	0.02515 	0.00154594 	6.34341e-22
1.36094 	0.0253907 	0.00155248 	3.86382e-23
1.38319 	0.0256434 	0.00155574 	-1.19928e-22
1.40678 	0.0259084 	0.00155569 	-1.03137e-23
1.43177 	0.0261859 	0.00155233 	-8.01337e-23
1.45827 	0.0264755 	0.00154568 	8.45898e-20
1.48636 	0.0267767 	0.00153579 	8.52039e-20
1.51614 	0.0270884 	0.00152269 	-1.73417e-19
1.5477 	0.0274091 	0.00150643 	-1.75668e-19
1.58116 	0.0277366 	0.00148699 	8.7797e-20
1.61663 	0.0280686 	0.00146431 	8.88255e-20
1.65422 	0.028402 	0.00143828 	-1.01697e-19
1.69408 	0.0287337 	0.00140871 	-2.03147e-19
1.73632 	0.0290604 	0.00137536 	4.49259e-20
1.7811 	0.0293786 	0.00133793 	2.96081e-19
1.82857 	0.0296855 	0.00129609 	1.00741e-19
1.87889 	0.0299781 	0.0012495 	-4.59318e-20
1.93222 	0.0302543 	0.00119789 	4.03422e-21
1.98876 	0.0305111 	0.00114146 	-2.50857e-19
2.04695 	0.0307418 	0.001082 	-2.44553e-19
2.10349 	0.0309398 	0.00102261 	2.2101e-19
2.15683 	0.0311048 	0.000965486 	2.1128e-19
2.20715 	0.0312414 	0.000911282 	2.65007e-24
2.25461 	0.0313539 	0.000860094 	-1.99727e-21
2.29939 	0.0314457 	0.000811899 	-1.41855e-21
2.34164 	0.031519 	0.000766601 	1.71466e-21
2.38149 	0.0315756 	0.000724063 	4.37122e-21
2.41909 	0.0316167 	0.000684125 	1.57402e-21
2.45455 	0.0316431 	0.000646617 	3.60578e-19
2.48801 	0.0316554 	0.000611372 	3.38413e-19
2.51957 	0.0316539 	0.000578224 	-4.05137e-19
2.54935 	0.0316388 	0.000547021 	-8.18796e-19
2.57744 	0.03161 	0.000517614 	-1.77733e-19
2.60394 	0.0315673 	0.000489867 	7.09149e-19
2.62894 	0.0315106 	0.000463655 	2.03872e-19
2.65252 	0.0314393 	0.000438858 	-2.46422e-19
2.67477 	0.0313531 	0.000415367 	-1.17493e-24
2.69576 	0.0312516 	0.000393082 	6.20394e-25
2.71556 	0.0311344 	0.000371908 	-5.07702e-24
2.73424 	0.0310013 	0.000351758 	-5.90643e-24
2.75186 	0.0308521 	0.000332553 	-3.65227e-24
2.76848 	0.0306867 	0.00031422 	-1.78917e-24
2.78416 	0.0305056 	0.000296692 	-3.93207e-19
2.79895 	0.030309 	0.000279908 	-3.79009e-19
2.81291 	0.0300976 	0.000263813 	4.29888e-19
2.82608 	0.0298723 	0.000248359 	8.60392e-19
2.8385 	0.0296339 	0.000233504 	-3.68031e-20
2.85021 	0.0293836 	0.000219211 	-9.41058e-19
2.86127 	0.0291224 	0.000205451 	3.13411e-20
2.87169 	0.0288513 	0.000192198 	4.83798e-19
2.88153 	0.0285714 	0.000179434 	4.83372e-21
2.89081 	0.0282834 	0.000167144 	6.51868e-21
2.89956 	0.0279881 	0.000155319 	2.05075e-25
2.90782 	0.027686 	0.000143953 	5.84828e-19
2.91561 	0.0273774 	0.000133044 	5.68069e-19
2.92296 	0.0270623 	0.000122592 	-6.12103e-19
2.9299 	0.0267407 	0.000112597 	-5.99442e-19
2.93644 	0.0264122 	0.000103063 	-6.27915e-19
2.94261 	0.0260764 	9.39922e-05 	-6.1435e-19
2.94843 	0.0257323 	8.53865e-05 	6.75731e-19
2.95392 	0.0253792 	7.72476e-05 	6.6499e-19
2.9591 	0.0250158 	6.95758e-05 	4.4997e-21
2.96399 	0.0246409 	6.23696e-05 	-1.68878e-20
2.9686 	0.024253 	5.5626e-05 	-1.45957e-20
2.97295 	0.0238506 	4.93393e-05 	8.05502e-19
2.97705 	0.023432 	4.35023e-05 	7.73371e-19
2.98092 	0.0229949 	3.81122e-05 	-8.69716e-19
2.98457 	0.0225362 	3.31676e-05 	-8.37584e-19
2.98802 	0.0220524 	2.86678e-05 	-1.37917e-24
2.99127 	0.0215404 	2.46116e-05 	-1.35206e-24
2.99434 	0.020998 	2.09869e-05 	6.53574e-25
2.99723 	0.0204233 	1.77708e-05 	1.38137e-24
2.99996 	0.0198151 	1.49371e-05 	1.45328e-24
3.00253 	0.0191724 	1.24582e-05 	1.18858e-18
3.00496 	0.0184947 	1.03061e-05 	1.14781e-18
3.00725 	0.0177821 	8.45262e-06 	-1.28291e-18
3.00941 	0.0170356 	6.86981e-06 	9.64055e-20
3.01145 	0.0162565 	5.53069e-06 	1.2929e-18
3.01337 	0.0154466 	4.408e-06 	-1.12448e-21
3.01518 	0.0146068 	3.47342e-06 	4.26142e-21
3.0169 	0.0137387 	2.70028e-06 	-1.46618e-18
3.01851 	0.0128466 	2.06568e-06 	-1.43452e-18
3.02003 	0.0119377 	1.55067e-06 	9.70865e-25
3.02147 	0.0110211 	1.13878e-06 	-9.8539e-25
3.02283 	0.0101067 	8.14791e-07 	-9.8656e-25
3.0241 	0.00920418 	5.64811e-07 	1.67172e-20
3.02531 	0.00832216 	3.76231e-07 	1.25832e-20
3.02645 	0.00746719 	2.37709e-07 	-1.08647e-20
3.02752 	0.00664374 	1.39201e-07 	-1.60812e-20
3.02854 	0.00585439 	7.1977e-08 	1.55342e-25
3.02949 	0.00510021 	2.8607e-08 	1.40233e-25
3.03039 	0.00438123 	2.8886e-09 	-4.27687e-25
3.03124 	0.00369682 	-1.02574e-08 	-9.58202e-26
3.03204 	0.00304596 	-1.49148e-08 	4.36076e-26
3.0328 	0.00242746 	-1.43064e-08 	8.5732e-19
3.03352 	0.00184004 	-1.09308e-08 	9.02272e-19
3.03419 	0.0012824 	-6.70383e-09 	-7.49333e-19
3.03482 	0.000753228 	-3.02447e-09 	-7.99321e-19
3.03542 	0.000247801 	-7.31615e-10 	5.08334e-21
