0.00151289 	-0.000129947 	-1.67394e-06 	-1.47575e-25
0.00324548 	-0.000204717 	-4.0169e-06 	2.03465e-25
0.00588241 	-0.000247935 	-8.39121e-06 	5.91925e-26
0.00889253 	-0.000268691 	-1.4357e-05 	-1.33968e-24
0.0122355 	-0.000280383 	-2.17024e-05 	-3.21626e-24
0.0158787 	-0.000286303 	-3.02264e-05 	-2.60619e-24
0.019798 	-0.000287623 	-3.98123e-05 	2.44805e-24
0.023977 	-0.000284898 	-5.04094e-05 	2.2948e-24
0.0284056 	-0.000278423 	-6.19897e-05 	4.83431e-25
0.0330792 	-0.000268351 	-7.45379e-05 	4.112e-24
0.0379968 	-0.000254742 	-8.80498e-05 	-2.3634e-24
0.0431607 	-0.00023759 	-0.000102531 	3.91117e-25
0.0485753 	-0.000216837 	-0.000117995 	2.95059e-24
0.054247 	-0.000192386 	-0.000134462 	-1.38473e-23
0.0601834 	-0.0001641 	-0.000151956 	-5.76144e-24
0.0663932 	-0.000131812 	-0.000170508 	1.00944e-23
0.0728862 	-9.53253e-05 	-0.000190148 	1.60395e-23
0.0796726 	-5.44164e-05 	-0.000210912 	-4.59769e-24
0.0867635 	-8.83506e-06 	-0.000232836 	-1.51688e-23
0.0941703 	4.16948e-05 	-0.000255956 	7.66434e-24
0.101905 	9.74742e-05 	-0.000280312 	1.48369e-23
0.10998 	0.00015883 	-0.000305942 	7.68745e-24
0.118408 	0.000226114 	-0.000332884 	-8.49733e-24
0.127202 	0.000299705 	-0.000361173 	-8.17675e-24
0.136376 	0.000380007 	-0.000390846 	3.26125e-23
0.145943 	0.000467454 	-0.000421935 	2.98533e-23
0.155918 	0.000562504 	-0.00045447 	-6.29048e-24
0.166314 	0.000665647 	-0.000488477 	-1.83441e-23
0.177147 	0.000777401 	-0.000523978 	-1.85302e-23
0.18843 	0.000898312 	-0.000560989 	9.5367e-24
0.200179 	0.00102896 	-0.000599521 	4.394e-23
0.212409 	0.00116995 	-0.000639574 	-1.12918e-23
0.225135 	0.00132192 	-0.000681144 	-5.25613e-23
0.238371 	0.00148555 	-0.000724216 	-4.98469e-23
0.252133 	0.00166154 	-0.000768762 	4.40408e-23
0.266436 	0.00185061 	-0.000814747 	-1.50728e-23
0.281294 	0.00205352 	-0.000862118 	-2.95961e-23
0.296723 	0.00227105 	-0.00091081 	5.08331e-23
0.312736 	0.00250402 	-0.000960741 	-3.91009e-23
0.329348 	0.00275325 	-0.00101181 	3.70096e-23
0.346572 	0.00301958 	-0.0010639 	2.18648e-23
0.364422 	0.00330384 	-0.00111688 	-1.38993e-22
0.382911 	0.0036069 	-0.00117058 	2.71331e-22
0.402049 	0.00392957 	-0.00122481 	-5.10918e-23
0.421849 	0.00427268 	-0.00127938 	-1.53429e-22
0.44232 	0.004637 	-0.00133403 	9.53844e-23
0.463472 	0.00502325 	-0.00138851 	3.87629e-23
0.485314 	0.00543207 	-0.00144253 	-2.01124e-23
0.507853 	0.00586402 	-0.00149577 	-7.4548e-23
0.531093 	0.00631953 	-0.00154788 	2.55576e-23
0.555041 	0.00679886 	-0.00159848 	-5.25761e-23
0.5797 	0.00730212 	-0.00164719 	-2.58261e-22
0.60507 	0.00782915 	-0.0016936 	2.29865e-23
0.631151 	0.00837958 	-0.00173727 	3.13553e-22
0.657943 	0.00895271 	-0.00177777 	7.16447e-23
0.685441 	0.00954749 	-0.00181467 	-1.92016e-22
0.71364 	0.0101626 	-0.00184756 	3.72749e-22
0.742532 	0.0107961 	-0.00187607 	5.28254e-23
0.772108 	0.0114459 	-0.00189983 	-3.87225e-22
0.802357 	0.0121092 	-0.00191856 	-3.19694e-22
0.833265 	0.0127831 	-0.00193205 	3.40106e-22
0.864816 	0.013464 	-0.00194017 	4.09193e-23
0.896992 	0.0141483 	-0.0019429 	3.14202e-22
0.929775 	0.014832 	-0.00194029 	1.36079e-22
0.96314 	0.0155109 	-0.00193252 	2.28456e-23
0.997066 	0.016181 	-0.00191989 	-1.14883e-21
1.03153 	0.0168383 	-0.00190276 	5.65602e-22
1.06649 	0.0174793 	-0.00188159 	-5.78729e-22
1.10193 	0.0181009 	-0.00185687 	4.0693e-22
1.13782 	0.0187003 	-0.00182914 	6.26085e-22
1.17411 	0.0192757 	-0.00179894 	3.73229e-22
1.21079 	0.0198257 	-0.0017668 	-4.92081e-23
1.2478 	0.0203496 	-0.0017332 	1.63492e-23
1.28512 	0.0208473 	-0.00169855 	-5.90948e-22
1.3227 	0.0213192 	-0.00166325 	6.72615e-24
1.3605 	0.0217661 	-0.00162758 	7.25626e-23
1.39849 	0.022189 	-0.00159178 	5.07188e-22
1.43662 	0.0225894 	-0.00155604 	-4.54914e-22
1.47486 	0.0229684 	-0.00152049 	-7.06776e-22
1.51315 	0.0233275 	-0.00148519 	1.05509e-21
1.55146 	0.023668 	-0.00145022 	-2.51387e-22
1.58975 	0.0239913 	-0.00141558 	2.6319e-22
1.62797 	0.0242986 	-0.00138127 	-5.15144e-22
1.66608 	0.0245908 	-0.0013473 	-7.50915e-24
1.70405 	0.0248689 	-0.00131363 	2.26409e-22
1.74183 	0.0251338 	-0.00128026 	-1.93762e-22
1.77937 	0.0253861 	-0.00124715 	-1.46357e-22
1.81666 	0.0256264 	-0.0012143 	2.09789e-22
1.85364 	0.0258552 	-0.00118168 	-1.03763e-23
1.89027 	0.0260729 	-0.00114929 	-1.91447e-23
1.92654 	0.0262799 	-0.00111712 	-2.65711e-22
1.9624 	0.0264764 	-0.00108519 	-7.46165e-23
1.99782 	0.0266627 	-0.00105348 	1.25162e-22
2.03277 	0.0268391 	-0.00102203 	1.90167e-22
2.06723 	0.0270056 	-0.000990832 	-2.14162e-22
2.10116 	0.0271626 	-0.00095992 	1.52228e-22
2.13455 	0.0273102 	-0.000929313 	9.25141e-23
2.16737 	0.0274484 	-0.000899035 	2.58221e-22
2.1996 	0.0275776 	-0.000869112 	-2.12092e-22
2.23122 	0.0276978 	-0.000839571 	8.37295e-23
2.26222 	0.0278093 	-0.000810438 	1.23081e-22
2.29257 	0.0279121 	-0.00078174 	-1.44592e-22
2.32228 	0.0280066 	-0.000753502 	-1.86646e-22
2.35132 	0.0280928 	-0.00072575 	-6.90928e-23
2.3797 	0.028171 	-0.000698505 	6.76885e-23
2.40739 	0.0282414 	-0.00067179 	-8.71537e-23
2.4344 	0.028304 	-0.000645623 	8.59409e-23
2.46072 	0.0283592 	-0.00062002 	1.53379e-22
2.48635 	0.028407 	-0.000594995 	-1.77033e-22
2.51129 	0.0284476 	-0.000570561 	-4.46057e-23
2.53554 	0.028481 	-0.000546726 	-9.14557e-24
2.55911 	0.0285075 	-0.000523497 	-1.43498e-22
2.58199 	0.0285271 	-0.000500878 	6.43008e-23
2.60419 	0.0285398 	-0.000478869 	1.48887e-22
2.62572 	0.0285456 	-0.000457468 	-4.94512e-23
2.64658 	0.0285445 	-0.000436672 	1.74934e-23
2.66679 	0.0285363 	-0.000416471 	-5.20081e-23
2.68634 	0.0285208 	-0.000396856 	-9.32133e-23
2.70526 	0.0284977 	-0.000377811 	1.96086e-23
2.72355 	0.0284666 	-0.000359318 	1.26901e-22
2.74123 	0.0284271 	-0.000341355 	-3.2493e-23
2.7583 	0.0283783 	-0.000323893 	2.08944e-23
2.77477 	0.0283195 	-0.0003069 	-4.62211e-24
2.79067 	0.0282493 	-0.000290334 	-7.42294e-24
2.80599 	0.0281662 	-0.000274146 	-2.5193e-23
2.82077 	0.0280681 	-0.000258276 	-7.63533e-23
2.835 	0.0279524 	-0.000242648 	-2.91954e-23
2.84871 	0.0278154 	-0.000227174 	1.83636e-23
2.8619 	0.0276523 	-0.000211741 	1.15664e-22
2.8746 	0.0274565 	-0.000196217 	1.22212e-22
2.88681 	0.0272195 	-0.000180444 	3.37754e-23
2.89855 	0.0269301 	-0.000164251 	3.35465e-23
2.90983 	0.0265744 	-0.000147477 	3.64323e-23
2.92067 	0.0261365 	-0.000130018 	8.48281e-23
2.93107 	0.0256007 	-0.000111908 	-2.57202e-23
2.94105 	0.0249542 	-9.33847e-05 	-9.87549e-23
2.95063 	0.0241903 	-7.49149e-05 	3.6927e-23
2.9598 	0.0233084 	-5.71282e-05 	-2.3989e-24
2.96859 	0.0223113 	-4.06924e-05 	-7.18742e-23
2.97699 	0.0211991 	-2.61938e-05 	-1.7186e-23
2.98501 	0.0199631 	-1.4069e-05 	-1.45128e-23
2.99265 	0.0185781 	-4.59321e-06 	3.04287e-23
2.99991 	0.0169918 	2.09899e-06 	2.02901e-23
3.00677 	0.0151129 	5.95927e-06 	-6.28493e-23
3.01322 	0.0128119 	7.02946e-06 	-2.7649e-23
3.01921 	0.0100231 	5.77648e-06 	2.12594e-23
3.02472 	0.00693346 	3.41508e-06 	1.79002e-23
3.02967 	0.00393172 	1.37513e-06 	1.0687e-23
