0.458493 	0.000742476 	0.000577202 	-8.36873e-20
0.461294 	0.00227885 	0.00177004 	-1.02232e-19
0.464584 	0.00382832 	0.00296737 	5.84577e-20
0.468306 	0.00514192 	0.00397155 	-2.3327e-20
0.472411 	0.00604867 	0.00464911 	-3.94472e-21
0.476858 	0.00661885 	0.00505706 	-1.25506e-21
0.481616 	0.00699708 	0.00530994 	-7.77412e-21
0.486667 	0.00727823 	0.00548248 	1.45302e-20
0.491995 	0.00750869 	0.00561135 	1.21599e-20
0.497594 	0.00771029 	0.00571398 	-2.21249e-20
0.503459 	0.00789423 	0.00579932 	3.1821e-21
0.509592 	0.0080669 	0.00587242 	-6.36399e-21
0.515995 	0.00823229 	0.00593638 	-3.93266e-21
0.522671 	0.00839312 	0.00599324 	8.42865e-21
0.529627 	0.00855128 	0.00604442 	-1.45683e-22
0.536868 	0.00870824 	0.00609092 	-2.18726e-21
0.544402 	0.00886509 	0.00613347 	8.56808e-21
0.552236 	0.00902274 	0.00617261 	4.28423e-21
0.560379 	0.00918193 	0.00620877 	1.09785e-21
0.568837 	0.00934329 	0.00624223 	3.2197e-21
0.57762 	0.00950736 	0.00627324 	-1.63802e-21
0.586735 	0.00967462 	0.00630195 	-7.21003e-21
0.59619 	0.00984548 	0.00632847 	2.69301e-21
0.605994 	0.0100204 	0.00635287 	-4.39377e-21
0.616154 	0.0101996 	0.00637518 	5.09826e-21
0.626678 	0.0103834 	0.00639539 	-4.82643e-21
0.637575 	0.0105722 	0.00641347 	-3.28554e-21
0.648851 	0.0107662 	0.00642934 	-3.45878e-21
0.660514 	0.0109657 	0.00644292 	9.30407e-21
0.672571 	0.0111707 	0.0064541 	-4.65665e-22
0.685029 	0.0113816 	0.00646274 	5.75343e-22
0.697895 	0.0115985 	0.00646868 	9.63779e-22
0.711175 	0.0118215 	0.00647176 	2.0187e-21
0.724875 	0.0120507 	0.00647178 	-6.26058e-21
0.739001 	0.0122863 	0.00646854 	5.65223e-21
0.753557 	0.0125281 	0.00646183 	-3.42483e-21
0.768549 	0.0127762 	0.00645143 	-1.37468e-21
0.783981 	0.0130307 	0.00643711 	1.38565e-21
0.799857 	0.0132913 	0.00641865 	-5.33157e-21
0.816181 	0.0135581 	0.00639583 	5.70626e-21
0.832957 	0.0138308 	0.00636842 	-8.13592e-22
0.850188 	0.0141093 	0.00633624 	-8.17399e-22
0.867876 	0.0143933 	0.0062991 	3.88822e-21
0.886023 	0.0146827 	0.00625682 	-5.03365e-21
0.904631 	0.014977 	0.00620928 	2.07928e-21
0.923702 	0.015276 	0.00615637 	-9.83424e-22
0.943237 	0.0155793 	0.00609802 	-5.58101e-21
0.963236 	0.0158865 	0.0060342 	3.89599e-21
0.983699 	0.0161974 	0.00596492 	-9.48533e-22
1.00463 	0.0165113 	0.00589024 	1.38599e-21
1.02602 	0.0168279 	0.00581026 	-6.28936e-22
1.04787 	0.0171468 	0.00572513 	-1.75956e-21
1.07019 	0.0174675 	0.00563506 	2.75634e-21
1.09296 	0.0177897 	0.00554027 	-3.36298e-21
1.11618 	0.0181127 	0.00544107 	1.49053e-21
1.13986 	0.0184364 	0.00533778 	-1.61261e-21
1.16399 	0.0187603 	0.00523077 	5.55366e-21
1.18855 	0.0190839 	0.00512042 	-1.18877e-21
1.21355 	0.019407 	0.00500716 	-5.51793e-22
1.23898 	0.0197291 	0.00489143 	-8.23114e-22
1.26482 	0.02005 	0.00477367 	1.78422e-22
1.29107 	0.0203693 	0.00465436 	-3.40942e-22
1.31772 	0.0206867 	0.00453394 	3.12177e-21
1.34476 	0.0210019 	0.00441286 	-7.93504e-22
1.37217 	0.0213147 	0.00429155 	-1.13225e-21
1.39994 	0.0216248 	0.00417042 	2.31275e-22
1.42805 	0.0219318 	0.00404988 	1.41587e-21
1.45649 	0.0222354 	0.00393027 	-1.20606e-21
1.48524 	0.0225354 	0.00381192 	9.32239e-22
1.51427 	0.0228315 	0.00369512 	-7.22417e-23
1.54357 	0.0231233 	0.00358014 	1.64372e-21
1.57311 	0.0234104 	0.00346718 	-2.54751e-21
1.60287 	0.0236926 	0.00335644 	-1.60097e-21
1.63283 	0.0239694 	0.00324805 	1.58498e-21
1.66296 	0.0242405 	0.00314214 	1.013e-22
1.69323 	0.0245055 	0.00303878 	-1.29396e-21
1.72362 	0.0247641 	0.00293803 	1.7836e-21
1.75409 	0.0250158 	0.00283992 	-1.72813e-21
1.78463 	0.0252603 	0.00274446 	-7.31695e-23
1.81519 	0.0254973 	0.00265164 	2.37426e-21
1.84575 	0.0257264 	0.00256142 	-2.00523e-21
1.87629 	0.0259475 	0.00247378 	1.08748e-21
1.90676 	0.0261601 	0.00238866 	5.9379e-22
1.93714 	0.0263642 	0.002306 	-4.44327e-23
1.9674 	0.0265595 	0.00222575 	2.14191e-22
1.9975 	0.026746 	0.00214785 	-9.85217e-22
2.02743 	0.0269233 	0.00207223 	-7.1679e-23
2.05714 	0.0270917 	0.00199883 	-1.74315e-22
2.08662 	0.0272509 	0.00192758 	-7.18191e-22
2.11583 	0.0274011 	0.00185843 	7.10616e-22
2.14475 	0.0275423 	0.00179132 	4.73571e-22
2.17335 	0.0276746 	0.00172618 	5.08659e-22
2.20161 	0.0277981 	0.00166297 	-6.30485e-22
2.2295 	0.0279129 	0.00160163 	-2.04121e-22
2.257 	0.0280193 	0.00154211 	1.12487e-21
2.28409 	0.0281172 	0.00148437 	2.05493e-22
2.31075 	0.0282071 	0.00142835 	-3.17599e-22
2.33697 	0.028289 	0.00137402 	-7.50793e-22
2.36272 	0.028363 	0.00132133 	8.03092e-23
2.38799 	0.0284296 	0.00127023 	-3.87016e-22
2.41277 	0.0284887 	0.0012207 	1.39393e-22
2.43705 	0.0285406 	0.00117267 	7.42923e-23
2.46081 	0.0285854 	0.00112613 	1.80468e-23
2.48404 	0.0286233 	0.00108102 	-5.17753e-23
2.50675 	0.0286544 	0.00103731 	2.80593e-22
2.52891 	0.0286788 	0.000994962 	-2.78434e-22
2.55054 	0.0286966 	0.000953933 	-1.4522e-22
2.57161 	0.0287076 	0.000914185 	2.92643e-22
2.59214 	0.0287121 	0.00087568 	1.55263e-22
2.61212 	0.0287099 	0.00083838 	2.83384e-22
2.63155 	0.0287009 	0.000802243 	-5.71629e-22
2.65043 	0.028685 	0.000767231 	-2.34819e-22
2.66877 	0.028662 	0.000733302 	2.40045e-22
2.68656 	0.0286316 	0.000700415 	-6.8609e-23
2.70382 	0.0285936 	0.000668528 	-1.04538e-22
2.72055 	0.0285475 	0.000637597 	1.48103e-22
2.73675 	0.028493 	0.000607576 	8.3848e-23
2.75243 	0.0284295 	0.000578421 	-3.91563e-24
2.7676 	0.0283565 	0.000550083 	-1.8562e-22
2.78227 	0.0282733 	0.000522515 	-1.29314e-22
2.79644 	0.0281794 	0.000495668 	1.8196e-22
2.81014 	0.028074 	0.000469494 	1.85186e-22
2.82335 	0.0279564 	0.000443942 	2.10316e-22
2.8361 	0.0278258 	0.000418965 	-2.47553e-22
2.8484 	0.0276814 	0.000394516 	-2.5748e-23
2.86025 	0.0275223 	0.000370551 	1.05279e-24
2.87167 	0.0273477 	0.00034703 	-3.40118e-23
2.88267 	0.0271566 	0.000323917 	6.62662e-24
2.89326 	0.026948 	0.000301182 	-1.97134e-22
2.90345 	0.0267207 	0.000278802 	2.63743e-22
2.91325 	0.0264732 	0.000256762 	-1.25183e-24
2.92267 	0.0262034 	0.000235054 	-2.37812e-22
2.93173 	0.0259086 	0.000213681 	7.74321e-23
2.94043 	0.0255849 	0.000192657 	1.92377e-22
2.94878 	0.0252268 	0.000172009 	-4.66485e-23
2.95681 	0.0248263 	0.000151781 	-6.36466e-23
2.9645 	0.0243715 	0.00013204 	-6.08508e-23
2.97189 	0.0238446 	0.000112886 	4.02355e-25
2.97896 	0.0232198 	9.44659e-05 	1.4369e-22
2.98575 	0.0224591 	7.69846e-05 	4.15008e-23
2.99224 	0.0215095 	6.07188e-05 	7.95255e-23
2.99845 	0.0203005 	4.60148e-05 	2.0018e-22
3.00438 	0.0187437 	3.3255e-05 	1.15858e-22
3.01003 	0.0167449 	2.27519e-05 	-1.12748e-22
3.01541 	0.0142532 	1.46011e-05 	-4.86946e-23
3.02051 	0.0113347 	8.64535e-06 	-1.72439e-23
3.02532 	0.00816089 	4.56735e-06 	-7.84066e-23
3.02983 	0.00490265 	1.99891e-06 	-1.61269e-23
