0.00102579 	-0.000360151 	1.19957e-06 	1.97134e-24
0.00227828 	-0.000793327 	2.69988e-06 	4.07817e-24
0.0035979 	-0.00117493 	4.27177e-06 	4.78898e-24
0.00628381 	-0.00180067 	7.15046e-06 	5.56703e-24
0.0097908 	-0.00230895 	9.93787e-06 	3.06795e-24
0.0138067 	-0.00260473 	1.17082e-05 	-7.41909e-24
0.0182759 	-0.00277169 	1.24248e-05 	-4.84122e-24
0.0231526 	-0.00287411 	1.22891e-05 	9.64149e-24
0.0284024 	-0.00294077 	1.14193e-05 	4.20132e-24
0.0340013 	-0.0029843 	9.86861e-06 	4.18261e-24
0.0399337 	-0.00301095 	7.65264e-06 	7.48411e-24
0.0461911 	-0.00302421 	4.765e-06 	-1.03428e-23
0.0527704 	-0.00302624 	1.18529e-06 	-5.92828e-24
0.0596722 	-0.00301838 	-3.1164e-06 	1.17443e-23
0.0669001 	-0.00300154 	-8.17737e-06 	-2.3613e-24
0.0744602 	-0.00297629 	-1.40413e-05 	-1.3007e-23
0.0823599 	-0.00294297 	-2.07576e-05 	-6.15558e-24
0.0906081 	-0.00290176 	-2.83819e-05 	4.36305e-24
0.0992145 	-0.00285272 	-3.6975e-05 	1.84719e-23
0.108189 	-0.00279578 	-4.66039e-05 	-1.00515e-23
0.117544 	-0.0027308 	-5.73415e-05 	1.29274e-23
0.127289 	-0.00265755 	-6.92671e-05 	-7.38854e-24
0.137436 	-0.00257574 	-8.24659e-05 	-1.11192e-23
0.147997 	-0.00248502 	-9.70301e-05 	-5.28715e-24
0.158985 	-0.00238495 	-0.000113059 	-7.9078e-24
0.17041 	-0.00227507 	-0.000130658 	5.14122e-24
0.182286 	-0.00215482 	-0.00014994 	4.91474e-24
0.194623 	-0.0020236 	-0.000171027 	-1.07461e-23
0.207435 	-0.00188075 	-0.000194043 	-3.19964e-23
0.220732 	-0.00172554 	-0.000219124 	3.20288e-23
0.234527 	-0.0015572 	-0.000246409 	-3.20311e-23
0.248831 	-0.00137485 	-0.000276042 	1.49903e-23
0.263656 	-0.00117757 	-0.00030817 	2.04193e-23
0.279011 	-0.000964379 	-0.000342945 	3.38193e-23
0.294908 	-0.0007342 	-0.000380516 	2.15259e-23
0.311357 	-0.000485894 	-0.000421028 	-1.53206e-23
0.328368 	-0.000218246 	-0.00046462 	-2.46952e-23
0.34595 	7.00329e-05 	-0.000511415 	-9.05511e-23
0.364111 	0.000380304 	-0.000561521 	6.99429e-23
0.38286 	0.000713992 	-0.000615019 	-1.96942e-23
0.402204 	0.00107258 	-0.000671955 	1.07636e-23
0.422149 	0.00145758 	-0.000732332 	3.85577e-23
0.442701 	0.00187054 	-0.000796098 	-8.85996e-25
0.463865 	0.00231299 	-0.000863134 	-2.74872e-23
0.485646 	0.00278643 	-0.000933246 	5.28622e-23
0.508046 	0.00329223 	-0.00100615 	-1.87139e-23
0.531067 	0.00383165 	-0.00108146 	-1.04767e-23
0.554711 	0.00440568 	-0.00115868 	2.97865e-24
0.578978 	0.00501506 	-0.00123721 	1.68469e-23
0.603865 	0.0056601 	-0.00131631 	-5.2678e-23
0.629372 	0.00634058 	-0.00139514 	5.78085e-23
0.655494 	0.00705573 	-0.00147276 	-1.32582e-22
0.682226 	0.00780405 	-0.00154814 	1.49084e-22
0.709562 	0.00858322 	-0.00162016 	-2.38033e-22
0.737495 	0.0093901 	-0.00168772 	2.67725e-22
0.766016 	0.0102206 	-0.00174971 	9.29833e-23
0.795114 	0.0110696 	-0.00180508 	4.77796e-23
0.824778 	0.0119315 	-0.00185292 	-2.81365e-22
0.854995 	0.0127994 	-0.0018925 	5.04989e-22
0.88575 	0.0136662 	-0.00192332 	-5.12785e-22
0.917028 	0.0145245 	-0.00194514 	-3.4673e-22
0.948812 	0.0153666 	-0.00195807 	2.00061e-22
0.981083 	0.0161854 	-0.00196246 	2.62912e-22
1.01382 	0.0169748 	-0.00195895 	-3.31885e-22
1.047 	0.0177294 	-0.0019484 	7.38386e-22
1.08061 	0.0184455 	-0.00193182 	-4.21484e-22
1.11462 	0.0191208 	-0.00191026 	4.52623e-22
1.149 	0.0197542 	-0.00188479 	-7.7757e-22
1.18372 	0.0203464 	-0.00185637 	6.75724e-22
1.21877 	0.0208988 	-0.00182583 	3.98395e-23
1.25411 	0.0214139 	-0.00179388 	-3.17573e-22
1.28971 	0.0218945 	-0.00176106 	-2.77827e-22
1.32555 	0.0223437 	-0.00172775 	7.20156e-22
1.36158 	0.0227647 	-0.00169422 	-4.87501e-22
1.39779 	0.0231606 	-0.00166063 	-3.74124e-23
1.43413 	0.023534 	-0.00162708 	1.11325e-22
1.47057 	0.0238875 	-0.00159359 	-2.59141e-22
1.50709 	0.0242232 	-0.00156016 	2.23709e-22
1.54363 	0.0245429 	-0.00152678 	3.06413e-23
1.58018 	0.0248482 	-0.00149341 	2.28601e-22
1.61669 	0.0251403 	-0.00146001 	-5.93348e-22
1.65314 	0.0254201 	-0.00142659 	5.47467e-22
1.68948 	0.0256886 	-0.00139311 	-5.24976e-22
1.72569 	0.0259464 	-0.00135958 	2.56467e-23
1.76172 	0.0261937 	-0.00132599 	2.90578e-22
1.79755 	0.0264313 	-0.00129237 	4.46469e-22
1.83314 	0.0266593 	-0.00125874 	-6.63569e-22
1.86846 	0.0268778 	-0.00122512 	8.81546e-23
1.90347 	0.0270871 	-0.00119155 	3.40642e-22
1.93816 	0.0272873 	-0.00115806 	-1.44176e-22
1.97249 	0.0274785 	-0.00112469 	-8.01002e-23
2.00642 	0.0276606 	-0.0010915 	3.35192e-23
2.03994 	0.027834 	-0.00105852 	-3.36324e-22
2.07301 	0.0279984 	-0.00102578 	2.65635e-22
2.10562 	0.0281541 	-0.000993353 	-1.06908e-22
2.13774 	0.028301 	-0.000961253 	8.6038e-23
2.16934 	0.0284393 	-0.000929527 	2.06244e-22
2.20042 	0.028569 	-0.000898213 	-3.90198e-22
2.23094 	0.0286903 	-0.000867344 	1.48571e-22
2.2609 	0.0288032 	-0.000836954 	2.6013e-23
2.29028 	0.0289078 	-0.000807072 	2.90323e-22
2.31906 	0.0290044 	-0.000777726 	-2.86851e-22
2.34723 	0.029093 	-0.000748939 	-2.50606e-22
2.37479 	0.0291738 	-0.000720733 	1.6589e-23
2.40172 	0.0292469 	-0.000693127 	2.60744e-23
2.42802 	0.0293125 	-0.000666139 	8.00736e-23
2.45368 	0.0293708 	-0.000639781 	2.89118e-22
2.47869 	0.029422 	-0.000614065 	-1.26158e-22
2.50307 	0.029466 	-0.000589001 	-1.0646e-22
2.5268 	0.0295032 	-0.000564594 	7.16146e-23
2.54988 	0.0295335 	-0.000540851 	1.2556e-22
2.57232 	0.0295571 	-0.000517772 	-2.35481e-23
2.59412 	0.0295742 	-0.00049536 	-7.60056e-23
2.61529 	0.0295846 	-0.000473613 	-5.80073e-23
2.63582 	0.0295885 	-0.000452528 	1.16458e-22
2.65573 	0.0295858 	-0.000432101 	2.00493e-23
2.67502 	0.0295765 	-0.000412325 	-2.6603e-23
2.6937 	0.0295603 	-0.000393194 	-2.86197e-23
2.71178 	0.0295373 	-0.000374695 	-8.17632e-23
2.72926 	0.0295071 	-0.000356819 	5.3948e-23
2.74617 	0.0294695 	-0.000339552 	2.96368e-23
2.7625 	0.0294239 	-0.000322876 	3.37602e-23
2.77827 	0.0293699 	-0.000306774 	-3.15184e-23
2.79349 	0.0293069 	-0.000291221 	-7.33001e-23
2.80818 	0.0292339 	-0.000276192 	3.19151e-23
2.82234 	0.0291499 	-0.000261655 	5.85192e-23
2.83599 	0.0290536 	-0.000247572 	-1.38906e-23
2.84914 	0.028943 	-0.000233896 	-8.91155e-24
2.8618 	0.0288158 	-0.000220571 	1.60883e-23
2.87399 	0.0286689 	-0.000207525 	-2.68634e-23
2.88571 	0.0284978 	-0.00019467 	-3.83946e-23
2.89699 	0.0282966 	-0.000181891 	2.21492e-23
2.90784 	0.0280571 	-0.000169045 	4.147e-24
2.91826 	0.0277677 	-0.00015595 	-1.54524e-23
2.92827 	0.0274125 	-0.00014239 	-3.2942e-24
2.93788 	0.0269704 	-0.000128128 	-3.3276e-24
2.94711 	0.0264158 	-0.000112969 	1.64818e-24
2.95595 	0.0257213 	-9.6854e-05 	2.80662e-23
2.96444 	0.0248624 	-7.99745e-05 	2.99562e-23
2.97256 	0.0238205 	-6.28196e-05 	4.76412e-23
2.98034 	0.0225819 	-4.6123e-05 	3.57672e-23
2.98777 	0.0211291 	-3.07428e-05 	-1.02974e-22
2.99486 	0.0194294 	-1.75632e-05 	-1.11321e-22
3.00161 	0.0174229 	-7.46824e-06 	2.92194e-23
3.00801 	0.0150296 	-1.15964e-06 	5.61729e-23
3.01404 	0.0122306 	1.42914e-06 	-8.38337e-24
3.0197 	0.009192 	1.49881e-06 	-9.51811e-24
3.02494 	0.00621026 	7.67126e-07 	9.31366e-24
3.0292 	0.00380009 	3.19672e-07 	4.25386e-24
3.03147 	0.00253385 	2.00823e-07 	-1.07674e-24
