0.448113 	9.37469e-10 	5.21362e-12 	6.04551e-28 	8.96405e-10 	1.38793e-27 	9.16918e-10
0.449383 	1.11705e-07 	6.20896e-10 	7.19579e-26 	1.06815e-07 	1.65242e-25 	1.09258e-07
0.452176 	5.8712e-07 	8.52912e-09 	-1.32742e-24 	5.19043e-07 	-1.90123e-24 	5.53102e-07
0.455479 	1.6095e-06 	4.1234e-08 	-3.57418e-24 	1.27199e-06 	-2.08618e-24 	1.44091e-06
0.459224 	2.93421e-06 	9.53411e-08 	7.24089e-25 	2.11496e-06 	-3.62404e-24 	2.52495e-06
0.463359 	4.04213e-06 	1.24686e-07 	1.6043e-23 	2.85225e-06 	1.95167e-24 	3.44749e-06
0.467844 	4.76458e-06 	1.06331e-07 	-3.56377e-23 	3.48666e-06 	6.12554e-23 	4.12569e-06
0.472646 	5.23292e-06 	5.53486e-08 	-5.3128e-23 	4.05609e-06 	-4.25098e-24 	4.64449e-06
0.477744 	5.57394e-06 	-1.15476e-08 	1.91322e-23 	4.58258e-06 	-5.74231e-23 	5.07833e-06
0.483125 	5.84963e-06 	-8.73133e-08 	5.27815e-23 	5.08493e-06 	-4.55095e-23 	5.46741e-06
0.488779 	6.08771e-06 	-1.70227e-07 	6.821e-23 	5.57785e-06 	-2.88784e-23 	5.83293e-06
0.494703 	6.30267e-06 	-2.60259e-07 	-2.40791e-23 	6.0715e-06 	-1.52091e-24 	6.18726e-06
0.500897 	6.50355e-06 	-3.57929e-07 	1.97492e-22 	6.57304e-06 	-1.61803e-22 	6.53846e-06
0.507363 	6.69656e-06 	-4.64155e-07 	4.09884e-24 	7.08795e-06 	8.15899e-23 	6.89242e-06
0.514105 	6.88663e-06 	-5.80027e-07 	-1.98557e-22 	7.62084e-06 	1.49525e-22 	7.25388e-06
0.521128 	7.0779e-06 	-7.06951e-07 	2.11281e-23 	8.17565e-06 	-8.7455e-23 	7.62695e-06
0.52844 	7.27412e-06 	-8.46446e-07 	1.55139e-22 	8.75623e-06 	-6.92009e-23 	8.01538e-06
0.536045 	7.47891e-06 	-1.0003e-06 	-2.20163e-22 	9.36641e-06 	2.60476e-22 	8.42287e-06
0.543953 	7.69581e-06 	-1.17065e-06 	-1.78725e-22 	1.00098e-05 	6.56987e-23 	8.85308e-06
0.552171 	7.92876e-06 	-1.35981e-06 	9.18633e-23 	1.06903e-05 	-1.55559e-22 	9.30984e-06
0.560708 	8.18183e-06 	-1.57033e-06 	1.72333e-22 	1.14117e-05 	-6.09017e-23 	9.79711e-06
0.56957 	8.45953e-06 	-1.8051e-06 	-1.52564e-22 	1.2178e-05 	2.38773e-22 	1.0319e-05
0.578767 	8.76659e-06 	-2.06746e-06 	-1.24111e-22 	1.29931e-05 	1.31413e-23 	1.08802e-05
0.588306 	9.10832e-06 	-2.36092e-06 	8.07374e-23 	1.38612e-05 	-2.44795e-22 	1.14851e-05
0.598196 	9.49054e-06 	-2.68919e-06 	2.18728e-22 	1.47862e-05 	-2.78681e-22 	1.21388e-05
0.608446 	9.91944e-06 	-3.05627e-06 	6.35418e-23 	1.5772e-05 	4.77086e-23 	1.28462e-05
0.619062 	1.04013e-05 	-3.46626e-06 	-2.9652e-23 	1.68218e-05 	1.83042e-22 	1.3612e-05
0.630053 	1.09412e-05 	-3.92363e-06 	-6.70224e-23 	1.79374e-05 	5.59236e-23 	1.44398e-05
0.641426 	1.15426e-05 	-4.43286e-06 	-8.61604e-23 	1.91182e-05 	-1.10148e-22 	1.5331e-05
0.653189 	1.2208e-05 	-4.99796e-06 	2.06837e-22 	2.03599e-05 	2.48527e-22 	1.62846e-05
0.665349 	1.29392e-05 	-5.62179e-06 	1.62512e-22 	2.16556e-05 	-3.44246e-23 	1.72981e-05
0.677913 	1.37364e-05 	-6.30612e-06 	-2.67883e-22 	2.29948e-05 	-1.70764e-22 	1.83664e-05
0.690887 	1.45981e-05 	-7.05088e-06 	-4.47877e-22 	2.43635e-05 	4.84631e-23 	1.94817e-05
0.704278 	1.55213e-05 	-7.85351e-06 	2.82169e-22 	2.57434e-05 	3.31461e-23 	2.06333e-05
0.718091 	1.65002e-05 	-8.70856e-06 	-5.18152e-22 	2.71121e-05 	2.49107e-23 	2.18071e-05
0.732332 	1.75269e-05 	-9.60705e-06 	1.15933e-22 	2.84436e-05 	8.05725e-23 	2.29864e-05
0.747006 	1.85915e-05 	-1.0536e-05 	8.20478e-22 	2.97088e-05 	-1.10338e-22 	2.41514e-05
0.762118 	1.96817e-05 	-1.14781e-05 	1.05136e-22 	3.08772e-05 	-3.23784e-23 	2.52808e-05
0.777673 	2.07833e-05 	-1.24123e-05 	8.56573e-22 	3.19183e-05 	-1.75977e-22 	2.63522e-05
0.793673 	2.18806e-05 	-1.3314e-05 	-6.41693e-22 	3.28037e-05 	7.53545e-23 	2.73436e-05
0.810125 	2.29572e-05 	-1.41566e-05 	5.15944e-22 	3.35096e-05 	-1.28882e-22 	2.82347e-05
0.827029 	2.39962e-05 	-1.49126e-05 	-2.41163e-21 	3.4018e-05 	4.16983e-22 	2.90085e-05
0.84439 	2.49815e-05 	-1.55564e-05 	7.38746e-22 	3.43196e-05 	-2.57764e-23 	2.96519e-05
0.862209 	2.58984e-05 	-1.60644e-05 	9.74642e-22 	3.44143e-05 	-1.73049e-22 	3.01576e-05
0.88049 	2.67345e-05 	-1.64195e-05 	4.78889e-22 	3.43117e-05 	-9.58327e-23 	3.05239e-05
0.899233 	2.74791e-05 	-1.6613e-05 	3.6795e-22 	3.40308e-05 	-8.20681e-23 	3.07556e-05
0.918439 	2.81257e-05 	-1.66431e-05 	-1.35659e-21 	3.35986e-05 	2.30256e-22 	3.0863e-05
0.938111 	2.86736e-05 	-1.65158e-05 	1.72909e-21 	3.30474e-05 	-2.90011e-22 	3.08612e-05
0.958248 	2.91238e-05 	-1.62464e-05 	-5.01621e-21 	3.2413e-05 	7.10703e-22 	3.07688e-05
0.97885 	2.9481e-05 	-1.58569e-05 	3.23961e-21 	3.1731e-05 	-4.08759e-22 	3.06062e-05
0.999917 	2.97521e-05 	-1.53742e-05 	-3.16769e-21 	3.10344e-05 	3.4783e-22 	3.03938e-05
1.02145 	2.99493e-05 	-1.48255e-05 	-8.13521e-22 	3.03513e-05 	1.34427e-22 	3.01506e-05
1.04344 	3.00829e-05 	-1.42399e-05 	1.30937e-21 	2.97032e-05 	-1.41112e-22 	2.98929e-05
1.06589 	3.01633e-05 	-1.36454e-05 	2.87679e-21 	2.91039e-05 	-3.79649e-22 	2.96336e-05
1.08881 	3.02027e-05 	-1.30628e-05 	-3.77376e-21 	2.85603e-05 	4.32502e-22 	2.93816e-05
1.11217 	3.02125e-05 	-1.2509e-05 	7.45478e-21 	2.80724e-05 	-7.09353e-22 	2.91422e-05
1.13599 	3.01998e-05 	-1.19981e-05 	4.43237e-21 	2.76357e-05 	-5.26822e-22 	2.89174e-05
1.16025 	3.0171e-05 	-1.15361e-05 	-4.95549e-21 	2.72417e-05 	4.16256e-22 	2.87062e-05
1.18495 	3.0132e-05 	-1.11236e-05 	-6.06484e-21 	2.68806e-05 	6.18554e-22 	2.8506e-05
1.21008 	3.00847e-05 	-1.07597e-05 	2.01855e-21 	2.65417e-05 	-1.1269e-22 	2.83128e-05
1.23564 	3.00288e-05 	-1.04387e-05 	3.8112e-21 	2.62152e-05 	-3.69861e-22 	2.81217e-05
1.26161 	2.9963e-05 	-1.0154e-05 	-4.73045e-21 	2.58926e-05 	3.58768e-22 	2.7928e-05
1.288 	2.98866e-05 	-9.89633e-06 	-1.12852e-21 	2.55676e-05 	1.03693e-22 	2.7727e-05
1.31477 	2.97939e-05 	-9.65861e-06 	-1.90479e-21 	2.52351e-05 	1.52169e-22 	2.75144e-05
1.34193 	2.96814e-05 	-9.43466e-06 	1.78873e-21 	2.48923e-05 	-1.20526e-22 	2.72868e-05
1.36946 	2.95459e-05 	-9.21639e-06 	1.74066e-21 	2.45378e-05 	-1.40434e-22 	2.70412e-05
1.39735 	2.93813e-05 	-9.00191e-06 	-3.81766e-23 	2.41708e-05 	-9.48798e-24 	2.67753e-05
1.42558 	2.91844e-05 	-8.78744e-06 	6.07651e-22 	2.37915e-05 	-5.52231e-23 	2.64878e-05
1.45413 	2.89542e-05 	-8.56782e-06 	-2.36793e-21 	2.34011e-05 	1.33329e-22 	2.61775e-05
1.48298 	2.86882e-05 	-8.34396e-06 	-8.95532e-22 	2.30008e-05 	8.92415e-23 	2.58442e-05
1.51211 	2.83856e-05 	-8.11345e-06 	6.51772e-21 	2.25914e-05 	-3.80398e-22 	2.5488e-05
1.54151 	2.80452e-05 	-7.87824e-06 	-1.9246e-21 	2.21748e-05 	8.85019e-23 	2.51094e-05
1.57115 	2.76679e-05 	-7.63945e-06 	2.4871e-21 	2.17517e-05 	-1.60911e-22 	2.47093e-05
1.60101 	2.72551e-05 	-7.39584e-06 	-9.30057e-21 	2.13231e-05 	4.84117e-22 	2.42888e-05
1.63106 	2.6809e-05 	-7.1504e-06 	7.58829e-21 	2.08904e-05 	-3.21502e-22 	2.38495e-05
1.66127 	2.63322e-05 	-6.9038e-06 	1.12353e-21 	2.04536e-05 	-9.8478e-23 	2.33928e-05
1.69162 	2.58276e-05 	-6.65528e-06 	-3.67109e-21 	2.00136e-05 	1.37305e-22 	2.29205e-05
1.72209 	2.52983e-05 	-6.40655e-06 	-4.25309e-21 	1.9571e-05 	2.32588e-22 	2.24345e-05
1.75264 	2.47465e-05 	-6.16111e-06 	1.03451e-20 	1.91267e-05 	-4.03482e-22 	2.19367e-05
1.78325 	2.41769e-05 	-5.91659e-06 	-2.15321e-21 	1.86809e-05 	2.71841e-23 	2.14291e-05
1.81388 	2.35933e-05 	-5.67391e-06 	-4.12382e-21 	1.82341e-05 	1.70387e-22 	2.09137e-05
1.84451 	2.29983e-05 	-5.43398e-06 	3.80869e-21 	1.77874e-05 	-1.21388e-22 	2.03924e-05
1.8751 	2.23933e-05 	-5.1971e-06 	-2.16012e-21 	1.73412e-05 	5.5243e-23 	1.98672e-05
1.90563 	2.17843e-05 	-4.96345e-06 	-1.12811e-21 	1.68963e-05 	3.75661e-23 	1.93402e-05
1.93607 	2.11735e-05 	-4.73163e-06 	-1.41435e-21 	1.64535e-05 	5.41955e-23 	1.88132e-05
1.96638 	2.05618e-05 	-4.50368e-06 	2.96511e-21 	1.60139e-05 	-7.22138e-23 	1.82879e-05
1.99654 	1.99539e-05 	-4.27774e-06 	2.6619e-21 	1.55782e-05 	-9.19979e-23 	1.77661e-05
2.02651 	1.93517e-05 	-4.05501e-06 	-3.50811e-21 	1.51475e-05 	8.33603e-23 	1.72494e-05
2.05627 	1.87556e-05 	-3.8353e-06 	4.02262e-24 	1.47228e-05 	1.19875e-23 	1.67394e-05
2.08579 	1.81694e-05 	-3.61836e-06 	1.41812e-22 	1.4305e-05 	3.33498e-24 	1.62374e-05
2.11504 	1.75946e-05 	-3.40339e-06 	2.10037e-21 	1.3895e-05 	-5.26268e-23 	1.57447e-05
2.144 	1.70314e-05 	-3.19131e-06 	-1.7918e-21 	1.34937e-05 	2.74783e-23 	1.52625e-05
2.17264 	1.64812e-05 	-2.98258e-06 	-1.22536e-21 	1.31019e-05 	3.50785e-23 	1.47918e-05
2.20093 	1.59466e-05 	-2.7756e-06 	1.94363e-21 	1.27204e-05 	-3.63349e-23 	1.43334e-05
2.22885 	1.54265e-05 	-2.57228e-06 	-1.18014e-21 	1.23497e-05 	1.78616e-23 	1.3888e-05
2.25639 	1.49219e-05 	-2.37314e-06 	6.68768e-22 	1.19905e-05 	-1.18298e-23 	1.34562e-05
2.28351 	1.4434e-05 	-2.17618e-06 	-8.59106e-22 	1.1643e-05 	1.53622e-23 	1.30384e-05
2.3102 	1.39627e-05 	-1.98177e-06 	1.51883e-21 	1.13077e-05 	-2.7316e-23 	1.26351e-05
2.33644 	1.35072e-05 	-1.79181e-06 	-1.51074e-21 	1.09848e-05 	1.9051e-23 	1.22462e-05
2.36222 	1.30692e-05 	-1.60481e-06 	-2.95887e-23 	1.06743e-05 	7.359e-24 	1.18719e-05
2.38752 	1.26482e-05 	-1.4219e-06 	1.26292e-21 	1.03763e-05 	-1.92432e-23 	1.15122e-05
2.41232 	1.22432e-05 	-1.24328e-06 	-7.72959e-22 	1.00907e-05 	9.62678e-24 	1.11669e-05
2.43662 	1.18545e-05 	-1.06815e-06 	1.01317e-21 	9.81745e-06 	-1.16324e-23 	1.08358e-05
2.4604 	1.14812e-05 	-8.97045e-07 	-2.93775e-22 	9.55619e-06 	7.03173e-25 	1.05186e-05
2.48366 	1.1123e-05 	-7.29907e-07 	-6.1987e-22 	9.30668e-06 	6.74062e-24 	1.02149e-05
2.50638 	1.07801e-05 	-5.6656e-07 	-5.36492e-22 	9.06862e-06 	9.17394e-24 	9.92434e-06
2.52857 	1.04517e-05 	-4.08246e-07 	9.65479e-22 	8.84156e-06 	-9.15134e-24 	9.64645e-06
2.55021 	1.01366e-05 	-2.54447e-07 	1.43509e-22 	8.62509e-06 	-2.73335e-24 	9.3808e-06
2.5713 	9.83504e-06 	-1.04435e-07 	2.87528e-22 	8.41879e-06 	-3.34537e-24 	9.12687e-06
2.59184 	9.54645e-06 	4.12755e-08 	-3.09578e-22 	8.22216e-06 	8.62741e-25 	8.88416e-06
2.61184 	9.26984e-06 	1.81618e-07 	-8.59502e-22 	8.0347e-06 	1.06072e-23 	8.65216e-06
2.63128 	9.00481e-06 	3.16762e-07 	1.04532e-21 	7.85593e-06 	-9.1627e-24 	8.43035e-06
2.65017 	8.75101e-06 	4.47368e-07 	-3.6113e-22 	7.68538e-06 	4.63484e-25 	8.21827e-06
2.66852 	8.50813e-06 	5.73011e-07 	-1.12412e-22 	7.52252e-06 	1.93339e-24 	8.01542e-06
2.68633 	8.27586e-06 	6.9363e-07 	7.78343e-23 	7.36687e-06 	2.64248e-25 	7.82134e-06
2.7036 	8.05323e-06 	8.08788e-07 	2.3502e-22 	7.21803e-06 	-1.9791e-24 	7.63561e-06
2.72034 	7.84003e-06 	9.18152e-07 	-2.12996e-23 	7.0755e-06 	-1.24203e-24 	7.45778e-06
2.73655 	7.63607e-06 	1.02141e-06 	-3.95059e-22 	6.93885e-06 	3.63626e-24 	7.28748e-06
2.75225 	7.44093e-06 	1.11888e-06 	1.94319e-22 	6.80768e-06 	1.04813e-25 	7.12433e-06
2.76743 	7.25437e-06 	1.21063e-06 	1.96517e-22 	6.6816e-06 	-2.0026e-24 	6.96798e-06
2.78211 	7.076e-06 	1.29598e-06 	-4.13518e-23 	6.56028e-06 	3.3581e-25 	6.81813e-06
2.79629 	6.9056e-06 	1.3747e-06 	1.61747e-22 	6.44337e-06 	-7.93061e-25 	6.67448e-06
2.80999 	6.743e-06 	1.44692e-06 	4.2105e-23 	6.33061e-06 	-1.62438e-24 	6.53678e-06
2.82322 	6.58796e-06 	1.5126e-06 	-2.8377e-22 	6.22173e-06 	1.48592e-24 	6.40482e-06
2.83598 	6.44027e-06 	1.5717e-06 	-7.6216e-23 	6.11652e-06 	1.14536e-24 	6.2784e-06
2.84828 	6.29985e-06 	1.62419e-06 	-4.92737e-23 	6.01482e-06 	1.04966e-24 	6.15736e-06
2.86014 	6.16669e-06 	1.67031e-06 	1.42368e-22 	5.91651e-06 	-5.08182e-25 	6.04163e-06
2.87157 	6.04071e-06 	1.71028e-06 	5.58686e-23 	5.82158e-06 	-9.01535e-25 	5.93117e-06
2.88258 	5.92197e-06 	1.74422e-06 	-3.65412e-23 	5.73009e-06 	-2.62532e-25 	5.82605e-06
2.89317 	5.81063e-06 	1.7723e-06 	-5.60112e-23 	5.64226e-06 	4.77266e-25 	5.72644e-06
2.90336 	5.70691e-06 	1.79492e-06 	5.87068e-24 	5.55846e-06 	2.24879e-25 	5.63268e-06
2.91317 	5.61133e-06 	1.81294e-06 	9.89526e-24 	5.47935e-06 	-1.81092e-25 	5.54534e-06
2.9226 	5.52464e-06 	1.82659e-06 	-1.74706e-23 	5.40587e-06 	2.34488e-25 	5.46527e-06
2.93166 	5.4479e-06 	1.83535e-06 	1.88324e-23 	5.33942e-06 	-5.33736e-26 	5.39368e-06
2.94037 	5.38244e-06 	1.83862e-06 	2.00181e-24 	5.28186e-06 	-3.35789e-25 	5.33216e-06
2.94873 	5.32966e-06 	1.83482e-06 	-2.11155e-23 	5.23532e-06 	7.95171e-26 	5.2825e-06
2.95675 	5.29031e-06 	1.82099e-06 	-5.12714e-24 	5.20146e-06 	2.5862e-25 	5.2459e-06
2.96446 	5.26255e-06 	1.79402e-06 	5.9176e-24 	5.17935e-06 	3.27753e-26 	5.22095e-06
2.97185 	5.23796e-06 	1.7514e-06 	2.34643e-24 	5.16138e-06 	-1.03884e-25 	5.19967e-06
2.97893 	5.19531e-06 	1.68924e-06 	-1.1827e-24 	5.12685e-06 	-2.38257e-26 	5.16106e-06
2.98571 	5.09253e-06 	1.59746e-06 	-5.5091e-25 	5.03396e-06 	3.12278e-26 	5.06322e-06
2.99221 	4.85928e-06 	1.45478e-06 	2.9149e-25 	4.81241e-06 	1.15284e-26 	4.83582e-06
2.99843 	4.39711e-06 	1.22858e-06 	1.5208e-25 	4.36328e-06 	2.37053e-27 	4.38017e-06
3.00436 	3.6171e-06 	8.96706e-07 	1.43283e-25 	3.59633e-06 	-1.33506e-27 	3.60672e-06
3.01002 	2.56487e-06 	5.13589e-07 	3.8642e-26 	2.55487e-06 	-3.09417e-27 	2.55989e-06
3.01541 	1.50301e-06 	2.12429e-07 	-9.98484e-27 	1.49952e-06 	-2.08201e-28 	1.50127e-06
3.02051 	7.17549e-07 	6.26546e-08 	1.22814e-27 	7.16682e-07 	-1.30736e-30 	7.17116e-07
3.02532 	2.77087e-07 	1.4464e-08 	-1.99732e-28 	2.76923e-07 	-7.08203e-29 	2.77005e-07
3.02915 	9.74131e-08 	3.24292e-09 	-5.90479e-29 	9.73846e-08 	9.79743e-30 	9.73987e-08
3.03133 	4.36136e-08 	1.18012e-09 	-1.12988e-29 	4.36045e-08 	3.85608e-30 	4.3609e-08
