0.00102579 	0.000432516 	3.24049e-08 	1.12018e-24
0.0032282 	0.00130221 	-1.77667e-07 	3.81531e-24
0.00581417 	0.00208762 	-1.21021e-06 	2.5883e-24
0.00874241 	0.002656 	-3.363e-06 	-2.59813e-25
0.0119765 	0.003016 	-6.56573e-06 	9.44494e-25
0.0154877 	0.00325569 	-1.06361e-05 	-3.82563e-24
0.0192552 	0.00343453 	-1.54255e-05 	-4.98366e-24
0.0232652 	0.0035805 	-2.0826e-05 	3.55925e-24
0.0275097 	0.00370678 	-2.67632e-05 	2.28491e-24
0.0319852 	0.00382025 	-3.31958e-05 	-4.15474e-25
0.0366918 	0.0039249 	-4.01036e-05 	6.35488e-25
0.0416323 	0.00402329 	-4.74782e-05 	2.03674e-24
0.0468113 	0.00411717 	-5.53179e-05 	2.01692e-24
0.0522354 	0.00420782 	-6.36256e-05 	-5.45597e-24
0.057912 	0.0042962 	-7.24074e-05 	1.51283e-25
0.0638497 	0.00438308 	-8.1672e-05 	1.24072e-23
0.0700579 	0.00446908 	-9.14297e-05 	-2.72069e-24
0.0765467 	0.00455474 	-0.000101692 	-1.77875e-23
0.0833266 	0.0046405 	-0.000112472 	4.17912e-26
0.0904088 	0.00472679 	-0.000123782 	1.0336e-23
0.0978048 	0.00481398 	-0.000135636 	2.41796e-24
0.105526 	0.00490242 	-0.000148047 	3.75836e-24
0.113586 	0.00499244 	-0.00016103 	-9.13732e-24
0.121997 	0.00508436 	-0.000174595 	-2.01842e-23
0.130771 	0.00517849 	-0.000188757 	-1.25123e-24
0.139923 	0.00527516 	-0.000203527 	1.36407e-23
0.149465 	0.00537467 	-0.000218915 	2.5169e-24
0.159412 	0.00547734 	-0.000234931 	-1.26391e-23
0.169777 	0.00558349 	-0.000251583 	-8.82998e-24
0.180576 	0.00569345 	-0.000268876 	1.23394e-23
0.191822 	0.00580756 	-0.000286813 	2.00084e-23
0.20353 	0.00592617 	-0.000305397 	-1.46537e-23
0.215716 	0.00604964 	-0.000324626 	-1.12491e-23
0.228393 	0.00617834 	-0.000344494 	5.02548e-23
0.241577 	0.00631265 	-0.000364992 	5.30733e-23
0.255283 	0.00645298 	-0.000386108 	8.12937e-24
0.269526 	0.00659974 	-0.000407824 	-3.12743e-23
0.28432 	0.00675334 	-0.000430117 	-5.04545e-23
0.29968 	0.00691423 	-0.000452958 	-2.72075e-23
0.315621 	0.00708285 	-0.000476312 	2.04867e-24
0.332156 	0.00725965 	-0.000500139 	1.02292e-23
0.3493 	0.0074451 	-0.000524389 	3.49205e-23
0.367066 	0.00763965 	-0.000549006 	3.52184e-23
0.385466 	0.00784378 	-0.000573924 	-6.45901e-24
0.404513 	0.00805794 	-0.000599071 	-2.33686e-23
0.424218 	0.00828261 	-0.000624363 	-1.4049e-23
0.444592 	0.00851823 	-0.000649709 	1.16399e-23
0.465645 	0.00876522 	-0.000675006 	-2.579e-24
0.487386 	0.009024 	-0.000700143 	-7.25389e-23
0.509822 	0.00929493 	-0.000725 	3.41236e-23
0.532961 	0.00957836 	-0.000749444 	6.88024e-23
0.556808 	0.00987458 	-0.000773336 	-3.12078e-23
0.581366 	0.0101838 	-0.00079653 	2.88312e-23
0.606639 	0.0105063 	-0.00081887 	-2.73455e-23
0.632627 	0.010842 	-0.000840194 	-2.3241e-23
0.65933 	0.011191 	-0.000860337 	-6.34617e-23
0.686745 	0.0115532 	-0.000879131 	5.85784e-23
0.714868 	0.0119285 	-0.000896407 	2.7834e-23
0.743693 	0.0123165 	-0.000912 	-6.51941e-23
0.773211 	0.0127167 	-0.00092575 	-1.57279e-26
0.803413 	0.0131287 	-0.000937506 	2.87305e-23
0.834286 	0.0135517 	-0.000947128 	1.18456e-22
0.865815 	0.0139847 	-0.000954494 	1.59389e-23
0.897985 	0.0144269 	-0.000959502 	-2.925e-24
0.930775 	0.0148771 	-0.000962075 	5.1601e-23
0.964166 	0.0153339 	-0.000962162 	6.92755e-23
0.998133 	0.0157959 	-0.000959745 	1.27829e-22
1.03265 	0.0162616 	-0.000954839 	-6.71976e-23
1.0677 	0.0167292 	-0.000947496 	-3.84681e-22
1.10323 	0.0171971 	-0.000937802 	-1.78619e-22
1.13924 	0.0176634 	-0.000925881 	2.54056e-22
1.17567 	0.0181265 	-0.000911889 	1.14309e-22
1.2125 	0.0185843 	-0.000896013 	4.04726e-23
1.24968 	0.0190353 	-0.000878464 	6.62351e-23
1.28719 	0.0194778 	-0.000859473 	-1.02028e-22
1.32498 	0.0199103 	-0.000839282 	-1.27271e-22
1.363 	0.0203314 	-0.000818138 	-2.10509e-22
1.40123 	0.0207401 	-0.000796282 	1.09973e-22
1.43962 	0.0211353 	-0.000773947 	-1.90477e-23
1.47811 	0.0215163 	-0.000751349 	-1.52101e-22
1.51668 	0.0218826 	-0.000728678 	7.02615e-23
1.55528 	0.0222338 	-0.000706104 	2.60808e-22
1.59385 	0.0225698 	-0.000683766 	6.85755e-23
1.63237 	0.0228905 	-0.000661777 	5.16172e-24
1.67078 	0.0231961 	-0.000640225 	1.75238e-22
1.70905 	0.0234867 	-0.000619171 	-3.00751e-23
1.74713 	0.0237627 	-0.000598657 	-2.5955e-22
1.78497 	0.0240244 	-0.000578705 	3.82802e-23
1.82255 	0.0242723 	-0.000559323 	-7.75286e-23
1.85982 	0.0245068 	-0.000540508 	-1.49285e-22
1.89674 	0.0247282 	-0.000522247 	-4.62372e-24
1.93328 	0.0249371 	-0.000504521 	9.79583e-23
1.96941 	0.0251338 	-0.000487309 	1.00703e-22
2.00508 	0.0253187 	-0.000470588 	5.81827e-23
2.04028 	0.0254923 	-0.000454331 	3.613e-23
2.07497 	0.0256549 	-0.000438516 	-1.27788e-23
2.10912 	0.0258069 	-0.000423119 	-7.28179e-23
2.14271 	0.0259486 	-0.000408118 	-1.45554e-23
2.17571 	0.0260803 	-0.000393496 	4.40177e-23
2.20812 	0.0262023 	-0.000379233 	6.51794e-23
2.23989 	0.0263149 	-0.000365315 	-2.5134e-23
2.27103 	0.0264184 	-0.000351728 	4.20759e-23
2.30152 	0.0265131 	-0.00033846 	-1.04299e-23
2.33133 	0.0265992 	-0.000325498 	-1.52303e-22
2.36047 	0.0266769 	-0.000312834 	4.43925e-23
2.38893 	0.0267464 	-0.000300458 	4.02765e-23
2.41668 	0.026808 	-0.000288362 	3.7264e-24
2.44374 	0.0268618 	-0.000276535 	2.85505e-23
2.4701 	0.0269078 	-0.000264971 	-7.53432e-23
2.49576 	0.0269463 	-0.000253659 	-9.9912e-23
2.52071 	0.0269772 	-0.000242592 	5.12566e-23
2.54496 	0.0270006 	-0.000231758 	1.49649e-23
2.56852 	0.0270164 	-0.000221146 	5.40625e-25
2.59138 	0.0270245 	-0.000210745 	4.21463e-23
2.61355 	0.0270246 	-0.000200542 	-1.97445e-23
2.63503 	0.0270165 	-0.00019052 	-4.30832e-23
2.65585 	0.0269997 	-0.000180665 	2.82782e-23
2.676 	0.0269736 	-0.000170959 	3.84724e-23
2.69549 	0.0269376 	-0.00016138 	1.64167e-23
2.71434 	0.0268905 	-0.000151907 	-9.67009e-24
2.73255 	0.0268312 	-0.000142518 	-1.4883e-23
2.75015 	0.0267582 	-0.000133187 	1.99866e-23
2.76713 	0.0266694 	-0.00012389 	1.5277e-23
2.78351 	0.0265626 	-0.000114603 	-3.68676e-23
2.79932 	0.0264349 	-0.000105307 	-3.67031e-23
2.81455 	0.0262829 	-9.59901e-05 	1.62599e-23
2.82922 	0.0261028 	-8.66511e-05 	-2.3976e-23
2.84336 	0.0258901 	-7.73089e-05 	-3.124e-23
2.85696 	0.0256404 	-6.80072e-05 	4.67211e-23
2.87006 	0.025349 	-5.88215e-05 	3.81166e-23
2.88265 	0.025012 	-4.98612e-05 	3.78976e-24
2.89475 	0.0246262 	-4.12663e-05 	-5.9937e-26
2.90639 	0.0241899 	-3.31956e-05 	9.62187e-24
2.91756 	0.0237022 	-2.58093e-05 	1.46218e-23
2.92829 	0.0231631 	-1.92483e-05 	-3.25398e-23
2.93858 	0.0225727 	-1.36179e-05 	-4.11477e-23
2.94846 	0.0219297 	-8.97689e-06 	2.12835e-23
2.95792 	0.0212305 	-5.33554e-06 	-3.7288e-24
2.96697 	0.0204671 	-2.65764e-06 	-2.75963e-23
2.97563 	0.0196248 	-8.65052e-07 	2.70612e-23
2.98389 	0.0186785 	1.59235e-07 	2.39408e-23
2.99176 	0.0175867 	5.70467e-07 	-4.27571e-23
2.99923 	0.016282 	5.62261e-07 	-3.52486e-23
3.00628 	0.0146606 	3.62891e-07 	2.28858e-23
3.01289 	0.0125835 	1.93918e-07 	9.57079e-24
3.01902 	0.00996821 	1.53493e-07 	-1.26414e-23
3.02463 	0.00697714 	1.67365e-07 	3.88033e-24
