0.00102579 	3.76578e-07 	-1.86814e-08 	7.58348e-30 	3.76612e-07 	-7.49418e-29 	3.76593e-07
0.0032282 	1.69687e-06 	-2.25276e-07 	4.77525e-28 	1.6985e-06 	1.33854e-27 	1.69763e-06
0.00581417 	3.74124e-06 	-7.73533e-07 	-1.64543e-27 	3.7536e-06 	3.5888e-27 	3.74732e-06
0.00874241 	5.63231e-06 	-1.41819e-06 	2.88431e-27 	5.67705e-06 	-2.71118e-27 	5.65472e-06
0.0119765 	6.93458e-06 	-1.83765e-06 	9.24827e-27 	7.03923e-06 	2.00281e-26 	6.98721e-06
0.0154877 	7.81092e-06 	-2.03989e-06 	-8.15969e-26 	7.9972e-06 	2.55744e-26 	7.90446e-06
0.0192552 	8.46253e-06 	-2.15411e-06 	-4.53507e-26 	8.74284e-06 	-6.34866e-26 	8.60294e-06
0.0232652 	8.99194e-06 	-2.2438e-06 	1.32989e-25 	9.37281e-06 	-4.94571e-26 	9.18246e-06
0.0275097 	9.44766e-06 	-2.3282e-06 	3.90005e-26 	9.93332e-06 	4.09177e-26 	9.6905e-06
0.0319852 	9.85467e-06 	-2.41252e-06 	1.25294e-26 	1.04487e-05 	1.4198e-26 	1.01517e-05
0.0366918 	1.02273e-05 	-2.49874e-06 	2.5521e-26 	1.0933e-05 	-2.9446e-26 	1.05802e-05
0.0416323 	1.05747e-05 	-2.58792e-06 	1.98715e-25 	1.13953e-05 	-2.15814e-26 	1.0985e-05
0.0468113 	1.09028e-05 	-2.68075e-06 	1.67996e-25 	1.18416e-05 	1.09491e-25 	1.13722e-05
0.0522354 	1.12161e-05 	-2.77776e-06 	-6.64524e-25 	1.22762e-05 	3.1897e-26 	1.17462e-05
0.057912 	1.1518e-05 	-2.87932e-06 	1.88166e-25 	1.27022e-05 	-3.00247e-25 	1.21101e-05
0.0638497 	1.18109e-05 	-2.98575e-06 	1.80382e-24 	1.3122e-05 	2.57355e-26 	1.24664e-05
0.0700579 	1.20969e-05 	-3.09752e-06 	-6.7902e-25 	1.35375e-05 	5.61855e-25 	1.28172e-05
0.0765467 	1.23777e-05 	-3.21498e-06 	-3.13136e-24 	1.39502e-05 	1.09816e-26 	1.3164e-05
0.0833266 	1.26549e-05 	-3.33827e-06 	2.25506e-25 	1.43613e-05 	-5.50638e-25 	1.35081e-05
0.0904088 	1.29297e-05 	-3.46774e-06 	2.03767e-24 	1.47718e-05 	-9.41086e-26 	1.38507e-05
0.0978048 	1.32032e-05 	-3.60377e-06 	5.35241e-25 	1.51825e-05 	1.20872e-25 	1.41928e-05
0.105526 	1.34764e-05 	-3.7466e-06 	8.75909e-25 	1.55941e-05 	2.13114e-25 	1.45352e-05
0.113586 	1.37503e-05 	-3.89645e-06 	-2.5074e-24 	1.60069e-05 	5.97247e-25 	1.48787e-05
0.121997 	1.40259e-05 	-4.05367e-06 	-5.28849e-24 	1.64216e-05 	2.1221e-26 	1.52238e-05
0.130771 	1.43039e-05 	-4.21857e-06 	-2.72856e-25 	1.68384e-05 	-7.28587e-25 	1.55711e-05
0.139923 	1.45851e-05 	-4.39129e-06 	3.86601e-24 	1.72575e-05 	-2.3419e-25 	1.59213e-05
0.149465 	1.48702e-05 	-4.57199e-06 	6.23612e-25 	1.76791e-05 	5.73972e-25 	1.62746e-05
0.159412 	1.51599e-05 	-4.76107e-06 	-4.04965e-24 	1.81034e-05 	4.53359e-25 	1.66316e-05
0.169777 	1.54551e-05 	-4.95883e-06 	-2.89135e-24 	1.85303e-05 	-4.16724e-25 	1.69927e-05
0.180576 	1.57563e-05 	-5.16524e-06 	3.9792e-24 	1.89597e-05 	-8.44952e-25 	1.7358e-05
0.191822 	1.60641e-05 	-5.38041e-06 	6.54699e-24 	1.93916e-05 	2.74083e-25 	1.77278e-05
0.20353 	1.6379e-05 	-5.60458e-06 	-5.27595e-24 	1.98258e-05 	1.01891e-24 	1.81024e-05
0.215716 	1.67017e-05 	-5.83787e-06 	-3.95981e-24 	2.0262e-05 	-1.22562e-24 	1.84818e-05
0.228393 	1.70326e-05 	-6.08037e-06 	1.82101e-23 	2.06998e-05 	-2.49812e-24 	1.88662e-05
0.241577 	1.73721e-05 	-6.33198e-06 	1.96978e-23 	2.11388e-05 	-2.34971e-25 	1.92554e-05
0.255283 	1.77205e-05 	-6.59256e-06 	3.62143e-24 	2.15785e-05 	1.60001e-24 	1.96495e-05
0.269526 	1.80782e-05 	-6.86208e-06 	-1.08862e-23 	2.20183e-05 	1.92979e-24 	2.00482e-05
0.28432 	1.84453e-05 	-7.14044e-06 	-1.87173e-23 	2.24574e-05 	1.11119e-24 	2.04514e-05
0.29968 	1.88219e-05 	-7.42725e-06 	-1.06024e-23 	2.2895e-05 	-4.60423e-25 	2.08585e-05
0.315621 	1.92079e-05 	-7.72207e-06 	4.46416e-25 	2.33302e-05 	-8.30374e-25 	2.12691e-05
0.332156 	1.96031e-05 	-8.02445e-06 	3.89846e-24 	2.37618e-05 	-9.61373e-25 	2.16825e-05
0.3493 	2.00072e-05 	-8.33381e-06 	1.38171e-23 	2.41887e-05 	-1.55672e-24 	2.20979e-05
0.367066 	2.04196e-05 	-8.64948e-06 	1.41046e-23 	2.46093e-05 	-1.95014e-25 	2.25145e-05
0.385466 	2.08397e-05 	-8.97063e-06 	-1.79219e-24 	2.50222e-05 	1.36817e-24 	2.2931e-05
0.404513 	2.12666e-05 	-9.29625e-06 	-9.03939e-24 	2.54256e-05 	8.77055e-25 	2.33461e-05
0.424218 	2.1699e-05 	-9.62525e-06 	-5.75509e-24 	2.58177e-05 	-2.31122e-25 	2.37584e-05
0.444592 	2.21356e-05 	-9.95623e-06 	5.42015e-24 	2.61964e-05 	-6.61649e-25 	2.4166e-05
0.465645 	2.25748e-05 	-1.02877e-05 	-1.287e-25 	2.65595e-05 	1.56967e-24 	2.45672e-05
0.487386 	2.30145e-05 	-1.06182e-05 	-2.94587e-23 	2.69046e-05 	1.5911e-24 	2.49595e-05
0.509822 	2.34527e-05 	-1.09458e-05 	1.33359e-23 	2.7229e-05 	-3.79063e-24 	2.53408e-05
0.532961 	2.38867e-05 	-1.12686e-05 	2.81807e-23 	2.753e-05 	-9.81734e-25 	2.57083e-05
0.556808 	2.43138e-05 	-1.15844e-05 	-1.24742e-23 	2.78048e-05 	1.84891e-24 	2.60593e-05
0.581366 	2.47308e-05 	-1.18903e-05 	1.24497e-23 	2.80504e-05 	-1.08475e-24 	2.63906e-05
0.606639 	2.51342e-05 	-1.21841e-05 	-1.11231e-23 	2.82637e-05 	1.80262e-24 	2.6699e-05
0.632627 	2.55206e-05 	-1.24641e-05 	-9.52156e-24 	2.84416e-05 	1.339e-24 	2.69812e-05
0.65933 	2.58861e-05 	-1.27268e-05 	-2.75036e-23 	2.85812e-05 	7.4818e-25 	2.72336e-05
0.686745 	2.62264e-05 	-1.29686e-05 	2.40986e-23 	2.86793e-05 	-3.37615e-24 	2.74528e-05
0.714868 	2.65372e-05 	-1.31877e-05 	1.21845e-23 	2.87332e-05 	1.11263e-24 	2.76352e-05
0.743693 	2.68145e-05 	-1.33817e-05 	-2.70828e-23 	2.87403e-05 	2.49564e-24 	2.77774e-05
0.773211 	2.7054e-05 	-1.35459e-05 	-7.19577e-25 	2.86982e-05 	-1.51696e-24 	2.78761e-05
0.803413 	2.72512e-05 	-1.36781e-05 	1.17929e-23 	2.86052e-05 	-2.68156e-24 	2.79282e-05
0.834286 	2.74024e-05 	-1.37764e-05 	5.1528e-23 	2.84598e-05 	-3.42489e-24 	2.79312e-05
0.865815 	2.7504e-05 	-1.38378e-05 	7.82972e-24 	2.82614e-05 	1.37806e-24 	2.78827e-05
0.897985 	2.75527e-05 	-1.38606e-05 	1.62389e-24 	2.80098e-05 	-4.88496e-25 	2.77812e-05
0.930775 	2.75458e-05 	-1.38436e-05 	2.47099e-23 	2.77056e-05 	-2.5672e-24 	2.76257e-05
0.964166 	2.74813e-05 	-1.37852e-05 	3.46987e-23 	2.73503e-05 	-2.95649e-24 	2.74158e-05
0.998133 	2.73581e-05 	-1.36849e-05 	6.18086e-23 	2.69462e-05 	-1.619e-24 	2.71523e-05
1.03265 	2.71762e-05 	-1.35428e-05 	-2.61031e-23 	2.64964e-05 	8.76686e-24 	2.68365e-05
1.0677 	2.69364e-05 	-1.33599e-05 	-1.72327e-22 	2.60049e-05 	1.14002e-23 	2.64709e-05
1.10323 	2.66408e-05 	-1.31382e-05 	-8.43668e-23 	2.54763e-05 	-3.92804e-24 	2.60586e-05
1.13924 	2.62915e-05 	-1.28796e-05 	1.14647e-22 	2.49158e-05 	-9.9357e-24 	2.56037e-05
1.17567 	2.58926e-05 	-1.25863e-05 	5.27919e-23 	2.43293e-05 	5.26146e-26 	2.51111e-05
1.2125 	2.54488e-05 	-1.22618e-05 	2.17221e-23 	2.37227e-05 	-2.38265e-25 	2.45859e-05
1.24968 	2.49657e-05 	-1.19111e-05 	3.51901e-23 	2.31023e-05 	3.46471e-25 	2.40341e-05
1.28719 	2.4449e-05 	-1.15383e-05 	-4.72808e-23 	2.24739e-05 	4.63035e-24 	2.34615e-05
1.32498 	2.39051e-05 	-1.11479e-05 	-6.17757e-23 	2.18435e-05 	3.96861e-24 	2.28743e-05
1.363 	2.334e-05 	-1.07447e-05 	-1.02576e-22 	2.12162e-05 	1.15939e-24 	2.22782e-05
1.40123 	2.27605e-05 	-1.03329e-05 	5.33769e-23 	2.05966e-05 	-4.46714e-24 	2.16788e-05
1.43962 	2.2173e-05 	-9.91696e-06 	-1.22635e-23 	1.99887e-05 	3.36159e-24 	2.10808e-05
1.47811 	2.15822e-05 	-9.50103e-06 	-7.92799e-23 	1.93954e-05 	1.54818e-24 	2.04888e-05
1.51668 	2.09929e-05 	-9.08854e-06 	3.35812e-23 	1.88191e-05 	-6.13379e-24 	1.99061e-05
1.55528 	2.04099e-05 	-8.68259e-06 	1.35257e-22 	1.82612e-05 	-4.27625e-24 	1.93357e-05
1.59385 	1.98365e-05 	-8.28523e-06 	3.55169e-23 	1.77225e-05 	1.91506e-24 	1.87795e-05
1.63237 	1.9275e-05 	-7.89752e-06 	4.71249e-24 	1.72033e-05 	-1.23993e-24 	1.8239e-05
1.67078 	1.87273e-05 	-7.52136e-06 	9.70924e-23 	1.67032e-05 	-2.03479e-24 	1.77152e-05
1.70905 	1.81948e-05 	-7.15788e-06 	-1.46928e-23 	1.62216e-05 	5.56018e-24 	1.72081e-05
1.74713 	1.76781e-05 	-6.80659e-06 	-1.43081e-22 	1.57575e-05 	2.78453e-24 	1.67178e-05
1.78497 	1.71779e-05 	-6.4675e-06 	2.18019e-23 	1.531e-05 	-2.52767e-24 	1.62439e-05
1.82255 	1.66937e-05 	-6.14063e-06 	-4.64692e-23 	1.4878e-05 	3.2636e-24 	1.57858e-05
1.85982 	1.6225e-05 	-5.82478e-06 	-8.84151e-23 	1.44604e-05 	1.01966e-24 	1.53428e-05
1.89674 	1.57718e-05 	-5.51924e-06 	-4.34252e-24 	1.40561e-05 	-2.95e-24 	1.49141e-05
1.93328 	1.53335e-05 	-5.22345e-06 	5.96623e-23 	1.36643e-05 	-2.5057e-24 	1.4499e-05
1.96941 	1.49091e-05 	-4.93679e-06 	6.25647e-23 	1.32843e-05 	-7.8859e-25 	1.40968e-05
2.00508 	1.4498e-05 	-4.65893e-06 	3.59039e-23 	1.29153e-05 	8.13539e-26 	1.37067e-05
2.04028 	1.40997e-05 	-4.38853e-06 	2.22711e-23 	1.25569e-05 	5.24955e-25 	1.33283e-05
2.07497 	1.37137e-05 	-4.12468e-06 	-8.50814e-24 	1.22086e-05 	1.52055e-24 	1.2961e-05
2.10912 	1.33389e-05 	-3.86713e-06 	-4.50804e-23 	1.18702e-05 	7.47164e-25 	1.26045e-05
2.14271 	1.29754e-05 	-3.61512e-06 	-9.53211e-24 	1.15415e-05 	-1.25093e-24 	1.22583e-05
2.17571 	1.26224e-05 	-3.36863e-06 	2.81308e-23 	1.12223e-05 	-1.35001e-24 	1.19222e-05
2.20812 	1.22795e-05 	-3.12727e-06 	4.30149e-23 	1.09126e-05 	2.43311e-25 	1.1596e-05
2.23989 	1.19467e-05 	-2.89022e-06 	-1.47053e-23 	1.06124e-05 	4.37086e-25 	1.12795e-05
2.27103 	1.16236e-05 	-2.65806e-06 	2.80226e-23 	1.03216e-05 	-4.94241e-25 	1.09726e-05
2.30152 	1.13101e-05 	-2.43072e-06 	-6.99254e-24 	1.00402e-05 	2.49312e-24 	1.06751e-05
2.33133 	1.10058e-05 	-2.20723e-06 	-9.92405e-23 	9.7682e-06 	5.50758e-25 	1.03869e-05
2.36047 	1.07103e-05 	-1.98783e-06 	2.70094e-23 	9.50564e-06 	-2.55237e-24 	1.0108e-05
2.38893 	1.04238e-05 	-1.7729e-06 	2.63373e-23 	9.25248e-06 	1.6776e-25 	9.83821e-06
2.41668 	1.0146e-05 	-1.56198e-06 	2.36975e-24 	9.00869e-06 	1.32439e-25 	9.57745e-06
2.44374 	9.87702e-06 	-1.35513e-06 	1.78405e-23 	8.77421e-06 	7.4924e-25 	9.32563e-06
2.4701 	9.61647e-06 	-1.15254e-06 	-4.36794e-23 	8.54895e-06 	1.92365e-24 	9.08263e-06
2.49576 	9.364e-06 	-9.54068e-07 	-5.84805e-23 	8.33282e-06 	-9.44361e-25 	8.84833e-06
2.52071 	9.1196e-06 	-7.59363e-07 	2.84001e-23 	8.12576e-06 	-1.54922e-24 	8.62268e-06
2.54496 	8.88349e-06 	-5.68462e-07 	8.57326e-24 	7.92765e-06 	4.72315e-25 	8.40556e-06
2.56852 	8.65554e-06 	-3.81632e-07 	-5.4851e-25 	7.73842e-06 	-2.97281e-25 	8.19695e-06
2.59138 	8.43582e-06 	-1.98461e-07 	2.07083e-23 	7.55799e-06 	6.14689e-26 	7.99683e-06
2.61355 	8.2243e-06 	-1.86649e-08 	-8.2862e-24 	7.38631e-06 	9.49381e-25 	7.80518e-06
2.63503 	8.02092e-06 	1.57717e-07 	-1.91767e-23 	7.22338e-06 	-3.55565e-25 	7.62209e-06
2.65585 	7.82612e-06 	3.30895e-07 	1.08721e-23 	7.0693e-06 	-8.67353e-25 	7.44773e-06
2.676 	7.64048e-06 	5.01221e-07 	1.47945e-23 	6.92426e-06 	3.04039e-28 	7.28237e-06
2.69549 	7.4643e-06 	6.69147e-07 	5.55965e-24 	6.78853e-06 	3.99109e-25 	7.12642e-06
2.71434 	7.29829e-06 	8.3497e-07 	-2.83782e-24 	6.66264e-06 	2.96106e-25 	6.98046e-06
2.73255 	7.14336e-06 	9.98657e-07 	-4.4308e-24 	6.54726e-06 	-2.074e-25 	6.84528e-06
2.75015 	7.00058e-06 	1.16046e-06 	4.48328e-24 	6.44335e-06 	-2.59489e-25 	6.72192e-06
2.76713 	6.87136e-06 	1.32086e-06 	3.76136e-24 	6.35222e-06 	3.6565e-25 	6.61175e-06
2.78351 	6.75745e-06 	1.4799e-06 	-5.95495e-24 	6.27553e-06 	3.84446e-25 	6.51647e-06
2.79932 	6.66101e-06 	1.63759e-06 	-6.60697e-24 	6.21529e-06 	-2.73137e-25 	6.43813e-06
2.81455 	6.58439e-06 	1.79335e-06 	1.70522e-24 	6.17389e-06 	-1.06315e-25 	6.37913e-06
2.82922 	6.53016e-06 	1.9463e-06 	-1.57893e-24 	6.15399e-06 	2.52884e-25 	6.34208e-06
2.84336 	6.5009e-06 	2.09578e-06 	-3.52339e-24 	6.15823e-06 	-2.90088e-25 	6.32958e-06
2.85696 	6.49873e-06 	2.24035e-06 	3.286e-24 	6.18888e-06 	-3.24783e-25 	6.34381e-06
2.87006 	6.52477e-06 	2.37771e-06 	2.89334e-24 	6.24723e-06 	1.49337e-25 	6.38601e-06
2.88265 	6.57867e-06 	2.50532e-06 	1.55676e-25 	6.33298e-06 	1.42803e-25 	6.45583e-06
2.89475 	6.65795e-06 	2.62059e-06 	2.23303e-26 	6.44363e-06 	-1.66434e-26 	6.55078e-06
2.90639 	6.7577e-06 	2.72085e-06 	3.12346e-25 	6.57421e-06 	-4.4146e-26 	6.66594e-06
2.91756 	6.87086e-06 	2.80338e-06 	4.7607e-25 	6.7174e-06 	1.07083e-25 	6.79412e-06
2.92829 	6.98882e-06 	2.86563e-06 	-7.56234e-25 	6.86417e-06 	1.47876e-25 	6.9265e-06
2.93858 	7.10214e-06 	2.90539e-06 	-1.09714e-24 	7.00456e-06 	-1.18651e-25 	7.05336e-06
2.94846 	7.20115e-06 	2.92071e-06 	2.99879e-25 	7.12832e-06 	-9.24481e-26 	7.16474e-06
2.95792 	7.27613e-06 	2.9099e-06 	9.61456e-26 	7.2251e-06 	9.83572e-26 	7.25062e-06
2.96697 	7.31638e-06 	2.87066e-06 	-4.31582e-25 	7.28366e-06 	-4.23135e-26 	7.30002e-06
2.97563 	7.30798e-06 	2.79869e-06 	1.75737e-25 	7.28963e-06 	-9.33232e-26 	7.29881e-06
2.98389 	7.22889e-06 	2.68548e-06 	2.31721e-25 	7.22071e-06 	7.9893e-26 	7.22481e-06
2.99176 	7.03876e-06 	2.51418e-06 	-1.31436e-25 	7.03666e-06 	8.16885e-26 	7.03773e-06
2.99923 	6.65959e-06 	2.25389e-06 	-1.52466e-25 	6.6601e-06 	-4.03237e-26 	6.65987e-06
3.00628 	5.94792e-06 	1.85582e-06 	1.20415e-26 	5.94876e-06 	-4.07836e-26 	5.94836e-06
3.01289 	4.71455e-06 	1.27418e-06 	2.44027e-26 	4.7149e-06 	8.13082e-27 	4.71473e-06
3.01902 	3.01445e-06 	6.23988e-07 	-1.82893e-27 	3.01448e-06 	6.60432e-27 	3.01445e-06
3.02463 	1.40546e-06 	1.81133e-07 	-9.57169e-28 	1.40545e-06 	-1.06844e-27 	1.40545e-06
