0 	0 	0 	0 	0 	0 	0
0.00048240845 	1.9874377e-07 	8.6196756e-11 	-1.1383958e-28 	1.9874383e-07 	1.7045551e-25 	1.987438e-07
0.00098049384 	3.2914506e-07 	9.1452548e-10 	-1.0971033e-34 	3.2914635e-07 	3.0021078e-25 	3.291457e-07
0.0014947656 	1.27176e-06 	7.5394726e-09 	0 	1.2717752e-06 	-6.3430949e-32 	1.2717676e-06
0.0020257498 	3.6650899e-06 	3.818263e-08 	3.3538409e-32 	3.6651918e-06 	-6.2520001e-30 	3.6651409e-06
0.0025739895 	8.4902842e-06 	1.3985332e-07 	-4.3838456e-30 	8.4907555e-06 	-5.0151921e-30 	8.49052e-06
0.0031400454 	1.6996665e-05 	4.1087632e-07 	-5.5542512e-30 	1.6998363e-05 	1.2463562e-28 	1.6997514e-05
0.0037244966 	3.071819e-05 	1.0308298e-06 	3.6572205e-29 	3.0723302e-05 	1.2195691e-28 	3.0720747e-05
0.0043279408 	5.1497254e-05 	2.2977043e-06 	4.3692594e-29 	5.1510718e-05 	-3.3558639e-28 	5.1503987e-05
0.0049509953 	8.1502242e-05 	4.6702048e-06 	7.1177903e-30 	8.1534215e-05 	-3.3412559e-28 	8.151823e-05
0.0055942973 	0.00012322704 	8.8093369e-06 	1.1440039e-30 	0.00012329692 	2.3589049e-27 	0.00012326198
0.0062585048 	0.00017945632 	1.5606901e-05 	1.522319e-27 	0.00017959903 	2.4951573e-27 	0.00017952769
0.0069442972 	0.00025317539 	2.6179081e-05 	1.3723083e-27 	0.00025345062 	-6.9060072e-27 	0.00025331302
0.007652376 	0.00034740079 	4.1793057e-05 	-1.3756432e-28 	0.00034790607 	-7.5864879e-27 	0.00034765346
0.0083834654 	0.00046491451 	6.3690869e-05 	-5.1942535e-29 	0.00046580269 	1.7171247e-26 	0.00046535865
0.0091383131 	0.0006079065 	9.2791706e-05 	1.4271646e-26 	0.0006094077 	-2.7279e-26 	0.00060865715
0.0099176913 	0.00077757191 	0.00012930568 	-2.7071955e-26 	0.00078001917 	-2.3532338e-26 	0.00077879557
0.010722397 	0.0009737597 	0.00017237393 	2.2597944e-26 	0.00097761604 	1.2857508e-25 	0.00097568781
0.011553254 	0.0011947978 	0.00021991498 	6.5996624e-26 	0.0012006812 	-1.4314971e-25 	0.0011977393
0.012411111 	0.0014375926 	0.00026882842 	-1.2931181e-25 	0.001446294 	-4.0338992e-25 	0.0014419429
0.013296846 	0.001698007 	0.00031555148 	-2.9969136e-25 	0.0017104988 	5.5669849e-26 	0.0017042522
0.014211364 	0.001971413 	0.00035676907 	-1.7472325e-25 	0.0019888435 	4.5033469e-25 	0.0019801274
0.015155603 	0.0022532534 	0.00038999418 	-1.2281619e-26 	0.0022769313 	2.5020947e-25 	0.0022650916
0.016130526 	0.0025394747 	0.00041382844 	-2.6203371e-26 	0.0025708443 	9.96498e-28 	0.0025551589
0.017137132 	0.0028267662 	0.00042789672 	-2.113143e-26 	0.0028673803 	3.9185283e-27 	0.002847073
0.018176449 	0.0031126221 	0.00043258213 	-5.1090705e-28 	0.0031641147 	1.1851213e-26 	0.0031383684
0.019249542 	0.003395279 	0.00042871357 	1.1180042e-26 	0.0034593429 	1.7558704e-26 	0.0034273112
0.020357507 	0.003673593 	0.00041730373 	3.716663e-26 	0.0037519616 	3.7372702e-26 	0.0037127778
0.021501477 	0.0039469002 	0.00039936981 	4.3100146e-26 	0.004041335 	-3.4224818e-27 	0.0039941183
0.022682624 	0.0042148883 	0.00037583743 	3.0885997e-26 	0.0043271706 	-9.0076129e-26 	0.0042710302
0.023902154 	0.0044774903 	0.00034750154 	-8.7283545e-26 	0.0046094168 	-6.9670979e-26 	0.0045434544
0.025161316 	0.0047348037 	0.0003150168 	-1.0011551e-25 	0.0048881841 	-1.4978674e-24 	0.0048114947
0.026461397 	0.0049870296 	0.00027890895 	-5.3900595e-24 	0.0051636864 	-1.5436766e-24 	0.0050753588
0.027803728 	0.0052344312 	0.00023959223 	-5.246125e-24 	0.0054362004 	2.6477979e-24 	0.0053353166
0.02918968 	0.0054773043 	0.00019738913 	3.3320993e-24 	0.0057060372 	1.9047102e-24 	0.0055916715
0.030620672 	0.0057159586 	0.00015254823 	-2.4059071e-25 	0.0059735229 	-1.735674e-24 	0.0058447415
0.032098167 	0.0059507043 	0.00010525583 	-3.1935188e-24 	0.0062389864 	8.0948968e-25 	0.006094846
0.033623676 	0.0061818446 	5.5650421e-05 	4.1405383e-24 	0.0065027516 	2.5948132e-24 	0.0063422986
0.03519876 	0.0064096717 	3.8333936e-06 	7.9956857e-24 	0.0067651322 	-8.5372174e-26 	0.0065874024
0.03682503 	0.0066344634 	-5.0125369e-05 	3.871873e-24 	0.00702643 	-1.9031976e-24 	0.0068304471
0.03850415 	0.0068564828 	-0.0001061806 	-2.1747457e-25 	0.0072869327 	-9.1571792e-25 	0.0070717081
0.040237836 	0.0070759777 	-0.00016430596 	9.7075387e-26 	0.0075469139 	6.0453073e-26 	0.0073114462
0.042027862 	0.0072931819 	-0.00022449207 	9.7834073e-26 	0.0078066336 	3.4354088e-24 	0.0075499081
0.043876059 	0.0075083151 	-0.00028674333 	2.1022794e-23 	0.0080663386 	2.0080696e-24 	0.0077873272
0.045784317 	0.0077215847 	-0.00035107385 	9.5795501e-24 	0.008326263 	-7.3033427e-24 	0.0080239242
0.047754588 	0.0079331863 	-0.00041750855 	-2.2522054e-23 	0.008586629 	-5.8814223e-24 	0.0082599079
0.049788888 	0.0081433049 	-0.00048607898 	-2.3933814e-23 	0.0088476482 	1.7899084e-24 	0.0084954767
0.051889297 	0.0083521169 	-0.00055682095 	-1.2394617e-23 	0.0091095228 	5.6038725e-24 	0.0087308201
0.054057963 	0.0085597912 	-0.00062978102 	1.3278302e-23 	0.0093724452 	4.2487292e-24 	0.0089661184
0.056297104 	0.0087664889 	-0.00070500979 	1.4056508e-23 	0.0096365997 	-4.9061328e-24 	0.0092015444
0.058609012 	0.0089723654 	-0.00078256186 	-2.58384e-23 	0.0099021632 	-6.0991527e-24 	0.0094372643
0.06099605 	0.009177571 	-0.00086249643 	-2.5340443e-23 	0.010169305 	3.1285095e-24 	0.0096734381
0.06346066 	0.0093822527 	-0.0009448752 	1.7699242e-24 	0.010438188 	1.9373418e-26 	0.0099102207
0.066005363 	0.0095865546 	-0.0010297639 	-2.8468474e-23 	0.010708971 	-1.2085422e-24 	0.010147763
0.068632762 	0.0097906177 	-0.0011172328 	1.4912045e-24 	0.010981805 	1.095648e-23 	0.010386212
0.071345544 	0.009994583 	-0.0012073599 	5.9807418e-23 	0.011256837 	1.8440781e-24 	0.01062571
0.074146484 	0.010198589 	-0.0013002166 	4.3395588e-25 	0.01153421 	-1.110129e-23 	0.010866399
0.077038447 	0.010402775 	-0.0013958806 	-2.6474835e-23 	0.01181406 	-7.9890045e-25 	0.011108418
0.08002439 	0.010607281 	-0.0014944411 	4.5043889e-24 	0.012096523 	3.8543816e-24 	0.011351903
0.083107369 	0.010812251 	-0.0015959794 	2.938337e-24 	0.012381729 	-3.8242325e-24 	0.01159699
0.086290535 	0.011017827 	-0.0017005854 	-3.6842025e-23 	0.012669804 	-5.5704918e-24 	0.011843816
0.089577146 	0.011224158 	-0.0018083536 	-3.8647207e-23 	0.012960872 	1.9891964e-24 	0.012092515
0.092970562 	0.011431393 	-0.0019193722 	-4.0314755e-24 	0.013255054 	-4.1713712e-24 	0.012343224
0.096474255 	0.011639688 	-0.0020337418 	-7.4661107e-23 	0.013552467 	-1.8286393e-23 	0.012596078
0.10009181 	0.011849203 	-0.0021515665 	-1.396992e-22 	0.013853225 	-5.7523337e-24 	0.012851214
0.10382692 	0.012060101 	-0.0022729422 	-6.8033336e-23 	0.014157441 	1.2897856e-23 	0.013108771
0.10768342 	0.012272553 	-0.0023979732 	7.4089342e-25 	0.014465222 	7.6426835e-24 	0.013368888
0.11166524 	0.012486736 	-0.002526775 	-3.0818526e-24 	0.014776677 	-1.5831812e-23 	0.013631706
0.11577645 	0.012702833 	-0.002659455 	-1.3839667e-22 	0.015091908 	-2.2546007e-23 	0.013897371
0.12002127 	0.012921037 	-0.0027961216 	-1.3515706e-22 	0.015411018 	1.2376223e-24 	0.014166027
0.12440404 	0.013141544 	-0.0029368979 	-6.6202738e-23 	0.015734104 	1.8487034e-23 	0.014437824
0.12892923 	0.013364562 	-0.0030819018 	6.556652e-23 	0.016061264 	3.8516661e-23 	0.014712913
0.13360148 	0.013590305 	-0.0032312489 	2.5293216e-22 	0.016392591 	2.0662647e-23 	0.014991448
0.13842557 	0.013818998 	-0.003385065 	1.1113724e-22 	0.016728176 	-2.1988536e-23 	0.015273587
0.14340642 	0.014050875 	-0.0035434765 	-1.0151933e-23 	0.017068109 	-2.5416531e-23 	0.015559492
0.14854914 	0.014286176 	-0.003706607 	-1.1078869e-22 	0.017412476 	-2.0709463e-23 	0.015849326
0.15385898 	0.014525156 	-0.0038745872 	-1.126185e-22 	0.017761361 	-1.0020511e-23 	0.016143258
0.15934138 	0.014768073 	-0.0040475492 	-1.2243084e-22 	0.018114845 	-1.4797375e-23 	0.016441459
0.16500194 	0.015015198 	-0.0042256176 	-1.3605904e-22 	0.018473006 	2.520395e-23 	0.016744103
0.17084645 	0.015266814 	-0.0044089266 	2.184506e-22 	0.018835922 	5.2317455e-23 	0.017051368
0.17688089 	0.015523208 	-0.0045976134 	1.2344143e-22 	0.019203663 	-2.7931682e-23 	0.017363436
0.18311143 	0.015784679 	-0.0047918077 	-1.1096331e-22 	0.0195763 	-2.9705189e-23 	0.01768049
0.18954445 	0.016051535 	-0.004991638 	-2.112899e-23 	0.0199539 	5.0118087e-24 	0.018002717
0.19618653 	0.016324087 	-0.0051972367 	-4.2422543e-23 	0.020336526 	-6.1469357e-24 	0.018330306
0.20304445 	0.016602656 	-0.0054087376 	-2.410389e-23 	0.020724235 	-2.0731406e-23 	0.018663445
0.21012524 	0.016887571 	-0.0056262563 	-1.724503e-22 	0.02111708 	-7.0153777e-23 	0.019002325
0.21743614 	0.017179161 	-0.0058499145 	-3.339669e-22 	0.021515111 	-2.3945419e-23 	0.019347135
0.22498461 	0.01747776 	-0.0060798376 	2.2671699e-23 	0.021918367 	5.5283191e-23 	0.019698063
0.23277839 	0.017783702 	-0.0063161311 	2.1164067e-23 	0.022326885 	-2.3905041e-23 	0.020055293
0.24082545 	0.018097321 	-0.0065588989 	-1.7335131e-22 	0.022740688 	-2.9869909e-23 	0.020419003
0.24913402 	0.018418947 	-0.0068082321 	-1.6400108e-23 	0.023159789 	2.3665547e-23 	0.020789367
0.25771259 	0.018748902 	-0.0070642105 	-1.41967e-23 	0.023584188 	-1.8582929e-23 	0.021166545
0.26656994 	0.019087506 	-0.0073269023 	-1.2892574e-22 	0.024013867 	-1.2345526e-22 	0.021550688
0.27571513 	0.019435065 	-0.0075963429 	-5.3078699e-22 	0.02444879 	-1.8513011e-22 	0.021941927
0.28515751 	0.019791842 	-0.0078725875 	-3.7454298e-22 	0.024888913 	1.1937568e-23 	0.022340376
0.29490674 	0.020158087 	-0.0081556487 	3.5596906e-23 	0.025334154 	-1.9524146e-24 	0.02274612
0.3049728 	0.020534039 	-0.0084454869 	-3.8472525e-22 	0.025784384 	-2.1335916e-22 	0.023159211
0.31536597 	0.020919891 	-0.0087420623 	-3.6080096e-22 	0.026239445 	-2.6009089e-23 	0.023579667
0.3260969 	0.02131579 	-0.009045291 	3.5605237e-23 	0.026699128 	9.6104675e-23 	0.024007458
0.33717655 	0.021721836 	-0.0093550479 	3.9275999e-24 	0.027163169 	-8.4110533e-24 	0.024442502
0.34861625 	0.022138066 	-0.0096711608 	-2.361366e-23 	0.027631236 	1.7909315e-23 	0.02488465
0.36042772 	0.022564447 	-0.0099934032 	-6.9250268e-24 	0.028102915 	9.2835856e-23 	0.025333679
0.37262303 	0.023000865 	-0.010321487 	1.1341966e-22 	0.028577695 	1.5873049e-22 	0.025789277
0.38521464 	0.023447111 	-0.010655056 	9.4967701e-23 	0.02905495 	2.4430552e-23 	0.026251028
0.39821546 	0.023902869 	-0.010993676 	-6.0574089e-23 	0.029533918 	-1.2630158e-22 	0.026718393
0.41163876 	0.024367703 	-0.011336825 	-1.2031749e-22 	0.030013734 	5.3798545e-23 	0.027190697
0.42549828 	0.024841048 	-0.011683208 	-5.3262939e-23 	0.030493181 	1.6278187e-23 	0.027667102
0.4398082 	0.025322475 	-0.01203132 	-5.4653255e-23 	0.030970676 	-2.879322e-22 	0.028146593
0.45458315 	0.025811053 	-0.012380813 	9.3384483e-23 	0.031444798 	-1.9978409e-22 	0.028627963
0.46983824 	0.026305371 	-0.012731374 	-1.7315912e-22 	0.03191427 	3.2200227e-22 	0.029109785
0.48558908 	0.026804119 	-0.013081902 	-3.3892125e-22 	0.032378108 	1.3784794e-22 	0.029590367
0.50185179 	0.027305763 	-0.013432163 	8.625929e-23 	0.032831369 	-3.8875325e-22 	0.03006772
0.51864298 	0.027807831 	-0.013828687 	3.1477317e-22 	0.033268849 	-3.4332874e-22 	0.030539577
0.53597984 	0.028348051 	-0.01417056 	3.3203915e-22 	0.033659316 	-1.7600018e-22 	0.031005644
0.5538801 	0.028937507 	-0.014411767 	7.9633487e-23 	0.033998077 	2.7354442e-23 	0.031467677
0.57236207 	0.029529588 	-0.014649012 	-4.1167843e-23 	0.034315099 	1.3197942e-22 	0.031921281
0.59144465 	0.030094107 	-0.014873236 	-3.2865498e-22 	0.03461251 	2.8652746e-22 	0.032352803
0.61114736 	0.030611191 	-0.015075927 	-1.0289395e-21 	0.034878725 	1.8192041e-22 	0.032744853
0.63149036 	0.031067358 	-0.015249962 	-4.3106817e-22 	0.035093364 	-8.3596111e-23 	0.033080422
0.65249445 	0.031452974 	-0.015389442 	-9.6133775e-22 	0.035236735 	2.4236364e-22 	0.033344961
0.67418111 	0.03175887 	-0.015488822 	-3.9258075e-22 	0.035291438 	7.028198e-23 	0.033525249
0.69657252 	0.031977913 	-0.015544072 	3.9092463e-22 	0.035245853 	-1.2093751e-23 	0.033611954
0.7196916 	0.03210448 	-0.015552461 	-4.671717e-22 	0.035093372 	3.028911e-23 	0.033598966
0.74356198 	0.032130025 	-0.015510339 	8.3856218e-22 	0.034826636 	-3.8055318e-22 	0.033478347
0.76820808 	0.032046075 	-0.015414443 	8.6812426e-22 	0.034439845 	-8.9831297e-23 	0.033242965
0.79365511 	0.031846764 	-0.015262932 	1.0174196e-22 	0.033930607 	2.3775211e-23 	0.032888682
0.8199291 	0.031528821 	-0.015055232 	1.2953388e-21 	0.03329928 	5.2116023e-23 	0.032414042
0.84705692 	0.031092556 	-0.014792347 	-2.0889431e-21 	0.032549596 	5.2565259e-22 	0.031821066
0.87506632 	0.030542692 	-0.014477104 	-9.7343167e-22 	0.031689252 	-1.9190942e-23 	0.031115962
0.90398595 	0.029888896 	-0.01411429 	2.6208154e-22 	0.030730299 	3.5819232e-22 	0.030309589
0.93384539 	0.029145887 	-0.013710644 	-6.7287379e-21 	0.029689197 	1.0625882e-21 	0.029417537
0.96467517 	0.028333038 	-0.013274705 	-2.1682016e-21 	0.028586456 	-3.4388289e-22 	0.028459748
0.99650683 	0.027473377 	-0.012816499 	3.4336319e-21 	0.027445814 	-6.8777147e-22 	0.027459601
1.0293729 	0.026591971 	-0.012347054 	2.6285181e-21 	0.026292935 	3.0248547e-23 	0.026442461
1.0633071 	0.02571378 	-0.011877692 	-2.8479365e-21 	0.025153616 	3.7985355e-22 	0.025433703
1.098344 	0.024861206 	-0.0114191 	1.0745472e-21 	0.024051583 	-4.4516574e-22 	0.024456389
1.1345196 	0.024051782 	-0.010980248 	7.4829865e-21 	0.023006145 	-6.92155e-22 	0.023528939
1.1718707 	0.023296589 	-0.0105674 	-1.1625034e-22 	0.02203009 	2.5182216e-22 	0.022663298
1.2104356 	0.022599887 	-0.010183511 	-1.7200683e-21 	0.021128613 	4.1975271e-22 	0.021864096
1.2502538 	0.021960653 	-0.0098280765 	-1.1309325e-20 	0.02029807 	9.2814661e-22 	0.021128981
1.291366 	0.021377051 	-0.0094971359 	-4.8343874e-21 	0.019522093 	-5.3140818e-22 	0.02044992
1.3338142 	0.020839903 	-0.0091366724 	2.5006876e-20 	0.018786844 	-2.318347e-21 	0.019814085
1.3776419 	0.020329338 	-0.0087350611 	1.8673855e-20 	0.018088535 	-6.7221782e-22 	0.019208676
1.4228938 	0.019824925 	-0.0083339051 	1.6603184e-22 	0.01742676 	4.3158692e-22 	0.018625543
1.4696163 	0.019317206 	-0.0079378877 	0 	0.016799918 	-2.4027195e-22 	0.018058603
1.5178571 	0.018808042 	-0.0075588482 	1.3452093e-20 	0.016199916 	-9.8287176e-22 	0.01750397
1.566098 	0.018304563 	-0.007208894 	1.3425504e-20 	0.015622863 	-4.8334183e-22 	0.016963767
1.6128205 	0.01781352 	-0.0068886088 	-1.9227886e-22 	0.015068431 	1.1098022e-22 	0.016441003
1.6580724 	0.017335169 	-0.006591153 	9.3709103e-21 	0.014534101 	-9.1964473e-22 	0.015934625
1.7019001 	0.016867402 	-0.0063098166 	3.0555209e-20 	0.014018247 	-1.4137318e-21 	0.01544281
1.7443483 	0.016408734 	-0.0060397814 	1.3529988e-20 	0.013520208 	6.0269041e-23 	0.014964464
1.7854605 	0.01595828 	-0.0057776219 	-7.4912933e-21 	0.013039193 	4.3315081e-22 	0.014498736
1.8252786 	0.015515675 	-0.0055208702 	7.7813814e-21 	0.012574508 	-4.1106811e-22 	0.014045094
1.8638436 	0.015080975 	-0.0052677914 	-3.4789619e-21 	0.012125856 	5.4051591e-22 	0.013603419
1.9011947 	0.014654536 	-0.0050173004 	-1.870472e-20 	0.01169333 	6.4042534e-22 	0.01317394
1.9373703 	0.014236885 	-0.0047688557 	2.9087561e-22 	0.011277249 	-3.6335954e-22 	0.012757077
1.9724072 	0.013828612 	-0.0045223274 	4.2397893e-21 	0.010877985 	7.3009276e-23 	0.012353305
2.0063413 	0.013430264 	-0.0042778648 	-1.2427485e-20 	0.010495851 	7.7046259e-22 	0.011963059
2.0392075 	0.013042323 	-0.0040357849 	-1.7690563e-20 	0.010131038 	4.3377103e-22 	0.011586683
2.0710391 	0.01266522 	-0.0037964713 	-4.8541231e-21 	0.0097835912 	-5.1844643e-23 	0.011224405
2.1018689 	0.012299251 	-0.0035603726 	-5.7405122e-21 	0.0094534103 	3.9038182e-22 	0.010876331
2.1317283 	0.01194464 	-0.0033279516 	-1.7804242e-20 	0.009140261 	8.2571013e-22 	0.010542452
2.160648 	0.011601521 	-0.0030996057 	-2.1673568e-20 	0.008843794 	4.193933e-22 	0.010222659
2.1886574 	0.01126995 	-0.0028756878 	-5.2795877e-21 	0.008563565 	-3.7177865e-22 	0.0099167595
2.2157852 	0.01094993 	-0.0026565298 	8.7755734e-21 	0.0082990596 	-3.3062051e-22 	0.0096244896
2.2420592 	0.010641369 	-0.0024424404 	-2.814783e-22 	0.0080497132 	1.5941199e-22 	0.009345534
2.2675062 	0.010344135 	-0.0022336245 	-7.3374791e-23 	0.0078149316 	5.9894544e-25 	0.0090795289
2.2921523 	0.010058078 	-0.0020302428 	-5.0403751e-23 	0.0075940742 	-1.4928622e-22 	0.0088260765
2.3160227 	0.0097830699 	-0.0018324847 	7.4654347e-21 	0.0073864616 	-2.8619531e-22 	0.0085847685
2.3391418 	0.0095189423 	-0.0016404405 	5.8648042e-21 	0.0071914558 	-7.5724038e-23 	0.0083551955
2.3615332 	0.0092654539 	-0.0014541462 	4.4013077e-21 	0.0070084496 	-1.2754529e-23 	0.0081369471
2.3832198 	0.0090224069 	-0.0012736448 	1.6203347e-21 	0.0068368361 	1.4077158e-22 	0.0079296178
2.4042239 	0.0087896033 	-0.0010989411 	-4.5682336e-21 	0.006676029 	1.2485104e-22 	0.0077328126
2.4245669 	0.0085668344 	-0.00093002207 	-2.0256429e-23 	0.0065254678 	-1.607053e-22 	0.0075461514
2.4442696 	0.0083539138 	-0.00076684849 	3.0826035e-21 	0.0063846212 	-1.445919e-22 	0.0073692701
2.4633522 	0.0081506448 	-0.00060934703 	3.8673546e-21 	0.0062529885 	-9.4745908e-23 	0.0072018228
2.4818342 	0.0079568548 	-0.00045746308 	3.9046019e-21 	0.0061301016 	-2.0601519e-22 	0.0070434829
2.4997344 	0.0077723602 	-0.0003111112 	9.3911716e-21 	0.0060155239 	-1.5209528e-22 	0.0068939423
2.5170713 	0.0075969726 	-0.00017015428 	3.1790085e-21 	0.005908851 	3.0680253e-22 	0.0067529118
2.5338625 	0.0074305375 	-3.4501988e-05 	-6.117474e-21 	0.0058097096 	1.5554942e-22 	0.0066201203
2.5501252 	0.0072728809 	9.5965167e-05 	5.4397738e-22 	0.0057177565 	-3.2718318e-22 	0.006495314
2.565876 	0.0071238349 	0.00022138321 	6.6854777e-21 	0.0056326763 	-1.7087888e-22 	0.0063782553
2.5811311 	0.0069832503 	0.00034186023 	3.0635853e-21 	0.0055541804 	1.8619579e-22 	0.0062687208
2.5959061 	0.0068509924 	0.00045755508 	-2.5694632e-21 	0.0054820053 	2.6671507e-22 	0.0061665005
2.610216 	0.0067268858 	0.00056862125 	-5.4997603e-21 	0.0054159098 	3.2491932e-23 	0.0060713961
2.6240755 	0.0066107649 	0.0006751783 	-9.1152998e-22 	0.0053556728 	-1.9672723e-22 	0.0059832188
2.6374988 	0.0065024866 	0.00077739328 	2.0238731e-21 	0.0053010914 	-4.8559215e-23 	0.0059017881
2.6504996 	0.0064018848 	0.00087544291 	-3.1931716e-23 	0.0052519792 	6.6052311e-23 	0.00582693
2.6630913 	0.0063087934 	0.00096946636 	-1.8095123e-22 	0.0052081621 	8.6384017e-24 	0.0057584758
2.6752866 	0.0062230466 	0.0010596055 	-1.2749548e-22 	0.0051694772 	-5.040784e-23 	0.0056962599
2.687098 	0.0061444693 	0.0011460186 	1.39686e-21 	0.0051357721 	-1.6181713e-22 	0.0056401194
2.6985377 	0.0060728825 	0.0012288813 	4.1240877e-21 	0.0051069009 	-5.0221284e-23 	0.0055898922
2.7096174 	0.0060081095 	0.0013083578 	1.4048839e-21 	0.0050827237 	1.6302989e-22 	0.0055454169
2.7203483 	0.0059499534 	0.0013846184 	-1.347594e-21 	0.0050631047 	5.8946896e-23 	0.0055065313
2.7307415 	0.005898227 	0.0014578126 	-8.0611642e-25 	0.005047911 	-5.009746e-23 	0.0054730724
2.7408075 	0.0058527375 	0.0015281015 	1.0867584e-22 	0.0050370127 	-5.2861791e-23 	0.0054448759
2.7505568 	0.0058132706 	0.0015956543 	1.31383e-21 	0.0050302805 	-1.0696294e-22 	0.0054217755
2.7599992 	0.0057796205 	0.0016606129 	2.5119663e-21 	0.005027584 	-2.5082099e-23 	0.0054036029
2.7691443 	0.0057515783 	0.0017231636 	1.2532781e-21 	0.0050287928 	8.4138628e-23 	0.005390187
2.7780017 	0.0057289389 	0.0017834449 	-5.0326492e-23 	0.0050337834 	4.5082319e-23 	0.0053813632
2.7865803 	0.0057114842 	0.0018415722 	4.0905516e-23 	0.0050424179 	1.8804674e-23 	0.0053769527
2.7948888 	0.0056989591 	0.0018977095 	-4.9496241e-22 	0.0050545301 	5.1438948e-23 	0.0053767464
2.8029359 	0.0056912692 	0.0019520351 	-1.050842e-21 	0.0050700984 	7.6498145e-24 	0.0053806852
2.8107297 	0.0056882086 	0.002004658 	-4.7845966e-22 	0.0050890064 	-6.9915734e-23 	0.0053886097
2.8182781 	0.0056894479 	0.0020556627 	6.2441814e-22 	0.005111015 	-5.1955879e-23 	0.0054002329
2.825589 	0.0056947848 	0.0021051794 	5.9266042e-22 	0.0051360029 	-2.9449388e-23 	0.0054153946
2.8326698 	0.0057040144 	0.0021533261 	1.0877648e-21 	0.0051638407 	-5.1188739e-23 	0.0054339273
2.8395278 	0.0057169271 	0.0022001892 	1.3994242e-21 	0.0051943937 	1.1204177e-23 	0.0054556591
2.8461698 	0.005733308 	0.0022458465 	5.6858144e-22 	0.0052275234 	5.0130579e-23 	0.0054804152
2.8526028 	0.0057529474 	0.0022903793 	2.519246e-22 	0.0052630874 	1.5703366e-23 	0.0055080177
2.8588334 	0.0057756327 	0.0023338318 	2.260174e-22 	0.0053009394 	1.091507e-23 	0.0055382866
2.8648678 	0.0058011488 	0.0023762634 	9.523378e-24 	0.0053409293 	2.2723942e-23 	0.0055710393
2.8707123 	0.0058292776 	0.0024177154 	-2.2927498e-22 	0.0053829023 	1.4372424e-23 	0.0056060902
2.8763729 	0.005859802 	0.0024582009 	-2.3658439e-22 	0.0054266993 	2.1678744e-24 	0.0056432509
2.8818553 	0.0058925035 	0.0024977373 	-2.258029e-22 	0.0054721561 	1.5554991e-23 	0.0056823298
2.8871651 	0.0059271614 	0.0025363269 	-4.5516719e-22 	0.0055191033 	1.8799147e-23 	0.0057231321
2.8923079 	0.005963553 	0.0025739593 	-4.7294272e-22 	0.0055673667 	-2.1490317e-23 	0.0057654596
2.8972887 	0.0060014554 	0.0026106131 	-1.7226855e-23 	0.005616767 	-2.6143151e-23 	0.0058091111
2.9021128 	0.0060406447 	0.0026462614 	-1.073638e-23 	0.005667121 	-1.6990983e-24 	0.0058538829
2.9067851 	0.006080897 	0.0026808685 	4.3596875e-26 	0.0057182417 	-7.9073385e-24 	0.0058995694
2.9113102 	0.0061219898 	0.0027143897 	1.0608951e-22 	0.0057699398 	-7.4060644e-24 	0.0059459646
2.915693 	0.0061637022 	0.002746774 	1.0635005e-22 	0.0058220243 	5.9556036e-24 	0.0059928628
2.9199378 	0.0062058179 	0.0027779678 	2.3756085e-24 	0.005874303 	-9.9907668e-25 	0.0060400609
2.924049 	0.0062481266 	0.0028079132 	1.0706376e-22 	0.005926582 	-6.8799942e-24 	0.0060873597
2.9280309 	0.0062904256 	0.0028365512 	9.9843057e-23 	0.0059787105 	-2.0730871e-25 	0.0061345661
2.9318874 	0.0063325331 	0.002865245 	1.0028453e-22 	0.0060304789 	6.0179451e-24 	0.0061814957
2.9356225 	0.0063741153 	0.0028915821 	6.7059043e-24 	0.0060818502 	1.4273646e-23 	0.0062279846
2.93924 	0.0064150375 	0.0029139444 	-9.8557541e-23 	0.0061327483 	2.4366704e-25 	0.0062738974
2.9427437 	0.0064552889 	0.0029351885 	1.417572e-24 	0.0061827801 	1.9194267e-25 	0.0063190339
2.9461371 	0.0064945497 	0.0029558984 	-9.1553401e-23 	0.0062315687 	8.0079039e-24 	0.00636306
2.9494237 	0.0065324086 	0.0029758841 	-9.3951652e-23 	0.0062787189 	-6.4099774e-24 	0.0064055644
2.9526069 	0.0065684233 	0.0029949452 	-1.8483109e-24 	0.0063238031 	-1.4428701e-23 	0.0064461135
2.9556899 	0.0066021527 	0.0030128847 	8.4344979e-23 	0.0063664088 	-7.7191207e-24 	0.0064842808
2.9586758 	0.0066331764 	0.0030295161 	8.5342872e-23 	0.0064061484 	1.0630514e-23 	0.0065196622
2.9615678 	0.0066611029 	0.0030446658 	-4.150052e-23 	0.0064426616 	1.4703076e-23 	0.0065518821
2.9643687 	0.0066855741 	0.0030581741 	-8.2366728e-23 	0.0064756148 	2.6187849e-25 	0.0065805943
2.9670815 	0.0067062636 	0.0030698941 	-4.0580837e-23 	0.0065046991 	-7.2230037e-24 	0.0066054812
2.9697089 	0.0067228751 	0.0030796909 	9.2256023e-27 	0.0065296285 	-7.4850384e-24 	0.0066262518
2.9722536 	0.0067351383 	0.0030874405 	3.8053239e-23 	0.0065501377 	-5.7809404e-24 	0.0066426379
2.9747182 	0.006742804 	0.0030930277 	5.7185956e-23 	0.0065659783 	1.762934e-24 	0.006654391
2.9771053 	0.0067456346 	0.0030963419 	1.8497856e-23 	0.0065769103 	3.5755502e-24 	0.0066612724
2.9794172 	0.0067434226 	0.0030972856 	1.7303317e-23 	0.0065827206 	-5.4948757e-26 	0.0066630716
2.9816563 	0.0067359699 	0.003095765 	1.7374493e-23 	0.0065832034 	-2.8327791e-26 	0.0066595866
2.983825 	0.0067230687 	0.0030916818 	1.6248597e-23 	0.0065781419 	1.7639859e-24 	0.0066506052
2.9859254 	0.0067045204 	0.0030849415 	4.8139096e-25 	0.0065673271 	1.6817507e-24 	0.0066359237
2.9879597 	0.0066801232 	0.0030754479 	-2.5838696e-25 	0.0065505463 	-1.9031343e-24 	0.0066153347
2.98993 	0.0066496727 	0.0030631035 	1.5789534e-23 	0.0065275833 	1.4106729e-26 	0.006588628
2.9918382 	0.0066129444 	0.0030478013 	8.5188348e-26 	0.0064982016 	-1.0023926e-25 	0.006555573
2.9936864 	0.0065696934 	0.0030294247 	1.4210917e-23 	0.0064621436 	-3.6563549e-24 	0.0065159185
2.9954764 	0.0065196589 	0.0030078498 	2.7670642e-23 	0.0064191353 	-3.060063e-26 	0.0064693971
2.9972101 	0.0064625497 	0.0029829382 	1.3532755e-23 	0.0063688727 	3.4597916e-24 	0.0064157111
2.9988893 	0.0063980414 	0.0029545365 	-5.1020091e-27 	0.0063110184 	2.5523683e-24 	0.0063545298
3.0005155 	0.0063257701 	0.0029224729 	-5.9468561e-24 	0.0062451964 	8.3614114e-25 	0.0062854832
3.0020906 	0.0062453276 	0.0028865552 	-5.9979928e-24 	0.0061709867 	-8.1695992e-25 	0.0062081571
3.0036161 	0.0061562564 	0.0028465685 	-3.7535261e-26 	0.0060879207 	9.3089281e-26 	0.0061220885
3.0050936 	0.0060580458 	0.0028022734 	-4.9694592e-24 	0.0059954775 	8.6422941e-25 	0.0060267616
3.0065246 	0.0059501289 	0.0027534047 	-4.9673837e-24 	0.0058930802 	4.4362061e-26 	0.0059216045
3.0079106 	0.0058318806 	0.0026996706 	-4.3823732e-24 	0.0057800953 	4.650493e-26 	0.0058059879
3.0092529 	0.0057026185 	0.0026407536 	-4.3701787e-24 	0.0056558332 	5.3503817e-26 	0.0056792259
3.010553 	0.0055616076 	0.0025763131 	-3.7573957e-24 	0.0055195528 	1.6591392e-24 	0.0055405802
3.0118121 	0.0054080677 	0.0025059772 	-1.0708584e-23 	0.0053704695 	8.4581174e-25 	0.0053892686
3.0130317 	0.0052411888 	0.0024293518 	-6.893502e-24 	0.0052077704 	-2.1250353e-24 	0.0052244797
3.0142128 	0.0050601568 	0.0023460725 	2.5991602e-26 	0.0050306392 	-1.7564883e-24 	0.005045398
3.0153568 	0.0048641886 	0.0022557924 	1.3093936e-24 	0.0048382926 	-3.6649918e-25 	0.0048512406
3.0164647 	0.00465258 	0.0021581776 	1.3068558e-24 	0.0046300278 	3.154153e-25 	0.004641304
3.0175378 	0.0044247627 	0.0020529621 	-9.5555143e-27 	0.0044052813 	-1.8743823e-26 	0.0044150217
3.0185772 	0.004180351 	0.0019399676 	8.931257e-25 	0.0041636726 	-1.086445e-26 	0.0041720118
3.0195838 	0.0039190413 	0.0018167083 	1.0347654e-25 	0.0039049198 	5.6707923e-25 	0.0039119811
3.0205587 	0.0036405565 	0.001678895 	-7.8829586e-25 	0.0036287786 	-2.5407815e-25 	0.0036346673
3.0215029 	0.0033452132 	0.0015279609 	5.4976256e-25 	0.0033355599 	-4.9954435e-25 	0.0033403863
3.0224174 	0.0030345314 	0.0013672571 	5.3382282e-25 	0.003026768 	1.9659535e-25 	0.0030306498
3.0233032 	0.0027114242 	0.0011979668 	-1.4360646e-26 	0.0027053198 	3.8049394e-25 	0.0027083721
3.024161 	0.0023804158 	0.0010230995 	-2.7461066e-25 	0.0023757408 	1.851258e-25 	0.0023780784
3.0249919 	0.0020477914 	0.00084721111 	-2.6732563e-25 	0.0020443203 	-1.2047272e-25 	0.0020460559
3.0257966 	0.001721449 	0.0006763336 	3.3806626e-27 	0.0017189632 	-1.1671856e-25 	0.0017202062
3.026576 	0.0014103115 	0.00051739891 	-8.6520991e-29 	0.0014086041 	-3.7776426e-26 	0.0014094578
3.0273308 	0.0011232761 	0.00037710255 	2.891025e-26 	0.0011221577 	-3.6533522e-26 	0.0011227169
3.0280619 	0.00086789813 	0.00026047128 	3.1265315e-26 	0.00086720342 	1.7966053e-26 	0.00086755078
3.02877 	0.00064921355 	0.00016970413 	-2.1834769e-29 	0.00064880663 	1.7109579e-26 	0.00064901009
3.0294558 	0.00046911732 	0.0001038403 	-4.1853204e-28 	0.00046889388 	-1.7639056e-29 	0.0004690056
3.03012 	0.00032647936 	5.9388704e-05 	-3.875455e-28 	0.00032636511 	-3.5817301e-29 	0.00032642223
3.0307633 	0.00021784905 	3.1544395e-05 	4.4556996e-29 	0.00021779513 	9.824907e-30 	0.00021782209
3.0313863 	0.0001384039 	1.541074e-05 	1.5947393e-31 	0.0001383807 	1.1845254e-29 	0.0001383923
3.0319898 	8.2820971e-05 	6.8209819e-06 	-3.2013409e-29 	8.2812042e-05 	-5.0850401e-28 	8.2816505e-05
3.0325742 	4.5904526e-05 	2.6710068e-06 	9.3544911e-29 	4.5901535e-05 	-5.0216455e-28 	4.590303e-05
3.0331403 	2.2951552e-05 	8.9114385e-07 	9.3572077e-29 	2.2950718e-05 	4.1295177e-29 	2.2951135e-05
3.0336885 	9.9161016e-06 	2.3833286e-07 	1.1660177e-30 	9.9159209e-06 	3.924146e-29 	9.9160114e-06
3.0342195 	3.4537167e-06 	4.6195856e-08 	1.0370795e-30 	3.4536895e-06 	4.5972921e-30 	3.4537031e-06
3.0347338 	9.3572636e-07 	5.6238238e-09 	-1.3563318e-31 	9.3572403e-07 	8.643644e-31 	9.3572521e-07
3.0352319 	8.1210884e-07 	6.7560878e-10 	-7.2838021e-33 	8.121087e-07 	-6.251674e-32 	8.1210876e-07
3.0357104 	6.5770422e-09 	5.4715687e-12 	-5.9005747e-35 	6.5770411e-09 	-5.0645225e-34 	6.5770415e-09
