0 	0 	0 	0 	0 	0 	0
0.00048240845 	3.998637e-08 	8.2446287e-12 	-6.9646478e-34 	3.9986395e-08 	-1.5907826e-32 	3.9986383e-08
0.00098049384 	2.2955022e-07 	1.6347263e-10 	-2.7094331e-32 	2.2955118e-07 	1.1774618e-30 	2.2955071e-07
0.0014947656 	9.5152987e-07 	1.3703206e-09 	-2.6375813e-32 	9.5154158e-07 	2.6840617e-30 	9.5153571e-07
0.0020257498 	2.7568493e-06 	6.8116041e-09 	0 	2.7569274e-06 	-1.3278064e-29 	2.7568883e-06
0.0025739895 	6.3918366e-06 	2.4358625e-08 	4.8291309e-31 	6.392195e-06 	-9.4354266e-29 	6.3920158e-06
0.0031400454 	1.2800726e-05 	6.9662306e-08 	-9.0674396e-30 	1.2802008e-05 	1.9973411e-29 	1.2801367e-05
0.0037244966 	2.3145403e-05 	1.6965115e-07 	-3.221932e-29 	2.3149237e-05 	7.9479483e-29 	2.314732e-05
0.0043279408 	3.8829702e-05 	3.659697e-07 	-8.6209458e-29 	3.8839739e-05 	-1.2758242e-27 	3.883472e-05
0.0049509953 	6.152357e-05 	7.1751203e-07 	-3.572783e-28 	6.1547271e-05 	6.1291227e-28 	6.1535421e-05
0.0055942973 	9.3181615e-05 	1.3005887e-06 	-5.1100011e-28 	9.323318e-05 	7.9364235e-27 	9.3207399e-05
0.0062585048 	0.0001360475 	2.204364e-06 	1.9128648e-28 	0.00013615242 	7.7689285e-27 	0.00013609996
0.0069442972 	0.00019263067 	3.5181003e-06 	-7.3091514e-28 	0.00019283258 	-5.5013767e-27 	0.00019273163
0.007652376 	0.00026563623 	5.3059159e-06 	-3.6003055e-27 	0.00026600663 	-1.7076275e-28 	0.00026582145
0.0083834654 	0.00035782394 	7.5654359e-06 	3.1472452e-30 	0.00035847552 	2.0130395e-26 	0.00035814976
0.0091383131 	0.00047177419 	1.0171153e-05 	6.1559163e-29 	0.00047287796 	1.017404e-25 	0.00047232611
0.0099176913 	0.00060955522 	1.2813644e-05 	5.3123822e-27 	0.00061136083 	9.3626627e-26 	0.00061045805
0.010722397 	0.00077232458 	1.4960625e-05 	-6.5449375e-28 	0.0007751821 	-5.8883982e-26 	0.00077375331
0.011553254 	0.00095995475 	1.5875511e-05 	2.6289588e-27 	0.00096433471 	-6.072651e-25 	0.0009621446
0.012411111 	0.0011708192 	1.4716918e-05 	-5.7817516e-26 	0.0011773268 	-1.2492177e-24 	0.0011740727
0.013296846 	0.0014018625 	1.0702038e-05 	-1.1274654e-25 	0.0014112425 	4.6139056e-25 	0.001406552
0.014211364 	0.0016489828 	3.2710822e-06 	7.8334712e-27 	0.0016621134 	7.9671791e-25 	0.0016555475
0.015155603 	0.0019076171 	-7.8200788e-06 	-6.8517977e-26 	0.0019254947 	-6.81993e-25 	0.0019165553
0.016130526 	0.0021733396 	-2.2510848e-05 	-1.2024664e-25 	0.0021970575 	1.2972234e-24 	0.002185198
0.017137132 	0.0024423049 	-4.0524525e-05 	0 	0.0024730306 	1.6092042e-24 	0.0024576675
0.018176449 	0.0027114694 	-6.1480547e-05 	0 	0.0027504234 	-3.2792402e-24 	0.0027309464
0.019249542 	0.0029786167 	-8.4986554e-05 	-6.6525376e-25 	0.0030270555 	-3.1105552e-24 	0.0030028363
0.020357507 	0.0032422615 	-0.000110694 	-4.7395383e-25 	0.003301465 	4.7912194e-24 	0.0032718637
0.021501477 	0.0035015025 	-0.00013832107 	1.9087666e-25 	0.0035727659 	4.1954034e-24 	0.0035371348
0.022682624 	0.003755872 	-0.00016765452 	-1.612025e-25 	0.0038405014 	-4.3131791e-25 	0.0037981873
0.023902154 	0.0040052074 	-0.00019854131 	-1.4624415e-25 	0.0041045172 	-8.8497452e-27 	0.0040548629
0.025161316 	0.0042495499 	-0.00023087734 	1.5018454e-26 	0.0043648629 	1.9000739e-24 	0.004307207
0.026461397 	0.0044890705 	-0.00026459595 	5.6900767e-25 	0.0046217187 	1.988386e-24 	0.0045553952
0.027803728 	0.0047240177 	-0.00029965861 	7.381615e-25 	0.0048753439 	2.5080819e-24 	0.0047996814
0.02918968 	0.004954682 	-0.00033604825 	2.1479143e-24 	0.0051260419 	-2.1671582e-24 	0.0050403626
0.030620672 	0.0051813722 	-0.00037376129 	9.1767931e-26 	0.0053741366 	-9.821929e-24 	0.005277755
0.032098167 	0.0054043998 	-0.00041280432 	-9.1510924e-25 	0.0056199563 	-3.4495153e-24 	0.0055121786
0.033623676 	0.0056240717 	-0.00045319352 	-6.1385439e-25 	0.0058638273 	4.7171502e-24 	0.00574395
0.03519876 	0.0058406844 	-0.00049495028 	-3.2975308e-25 	0.006106067 	7.0974189e-24 	0.0059733761
0.03682503 	0.0060545183 	-0.00053810244 	4.9161674e-25 	0.0063469783 	-5.0485674e-24 	0.0062007487
0.03850415 	0.0062658378 	-0.00058268298 	-2.0303211e-24 	0.00658685 	-3.2058641e-24 	0.0064263442
0.040237836 	0.0064748914 	-0.00062872651 	1.4253897e-24 	0.0068259561 	1.2256485e-23 	0.0066504241
0.042027862 	0.0066819116 	-0.00067627018 	3.1949486e-24 	0.007064556 	-3.9095268e-24 	0.0068732341
0.043876059 	0.0068871164 	-0.0007253534 	-1.1086032e-24 	0.0073028955 	-2.9282373e-24 	0.0070950062
0.045784317 	0.0070907099 	-0.00077601772 	1.0508443e-24 	0.007541207 	1.2797672e-23 	0.0073159587
0.047754588 	0.0072928839 	-0.00082830622 	3.1716113e-24 	0.0077797112 	-4.1515702e-24 	0.0075362978
0.049788888 	0.0074938187 	-0.00088226427 	9.2631285e-25 	0.0080186178 	1.1073241e-24 	0.0077562185
0.051889297 	0.0076936842 	-0.00093793954 	4.8135167e-24 	0.0082581259 	1.196443e-23 	0.0079759053
0.054057963 	0.0078926411 	-0.00099538127 	3.83111e-24 	0.0084984252 	-1.2995454e-23 	0.0081955334
0.056297104 	0.0080908427 	-0.0010546408 	-2.4002593e-24 	0.0087396978 	-1.4442717e-23 	0.0084152704
0.058609012 	0.0082884354 	-0.0011157714 	-1.8311788e-24 	0.008982118 	1.3063181e-23 	0.0086352769
0.06099605 	0.008485559 	-0.0011788288 	5.1850947e-24 	0.0092258526 	1.4852707e-23 	0.0088557059
0.06346066 	0.0086823487 	-0.0012438713 	5.1767774e-24 	0.0094710624 	-1.6747115e-24 	0.0090767057
0.066005363 	0.0088789358 	-0.001310959 	7.3241815e-25 	0.0097179028 	2.6266542e-24 	0.0092984195
0.068632762 	0.0090754483 	-0.0013801549 	2.3457185e-24 	0.0099665243 	-2.9903458e-24 	0.0095209864
0.071345544 	0.0092720119 	-0.0014515249 	1.6207683e-24 	0.010217071 	-1.3904015e-23 	0.0097445416
0.074146484 	0.0094687516 	-0.0015251351 	0 	0.010469684 	-2.7514334e-23 	0.0099692177
0.077038447 	0.0096657937 	-0.0016010494 	-2.8440171e-24 	0.010724495 	-4.3765384e-23 	0.010195144
0.08002439 	0.0098632684 	-0.0016793223 	-3.0922232e-24 	0.010981631 	1.2002665e-23 	0.01042245
0.083107369 	0.010061309 	-0.0017599926 	-6.091698e-26 	0.01124121 	7.1861345e-23 	0.01065126
0.086290535 	0.010260049 	-0.0018431076 	-2.7706068e-25 	0.011503352 	2.8877359e-23 	0.010881701
0.089577146 	0.01045962 	-0.001928744 	1.2176535e-24 	0.011768175 	-2.7999697e-23 	0.011113898
0.092970562 	0.010660145 	-0.0020170101 	-5.4911391e-26 	0.012035804 	-1.1263375e-24 	0.011347975
0.096474255 	0.010861748 	-0.0021080406 	-7.8761585e-24 	0.012306367 	4.3817857e-23 	0.011584057
0.10009181 	0.011064555 	-0.0022019614 	-1.0164614e-23 	0.012579987 	3.1328454e-24 	0.011822271
0.10382692 	0.011268699 	-0.002298877 	-4.2657918e-24 	0.012856782 	-5.0320619e-23 	0.012062741
0.10768342 	0.011474326 	-0.0023988888 	1.1275309e-24 	0.013136866 	-2.6103559e-23 	0.012305596
0.11166524 	0.011681586 	-0.0025021034 	-2.3609465e-24 	0.013420342 	-2.6251392e-24 	0.012550964
0.11577645 	0.011890635 	-0.0026086319 	-8.5066184e-25 	0.013707316 	8.5037139e-24 	0.012798975
0.12002127 	0.012101637 	-0.0027185886 	-1.5529971e-24 	0.013997887 	3.4932886e-23 	0.013049762
0.12440404 	0.012314762 	-0.0028320922 	-9.8446942e-24 	0.014292154 	9.0001752e-24 	0.013303458
0.12892923 	0.012530189 	-0.0029492649 	1.2975424e-23 	0.01459021 	-7.9259485e-23 	0.0135602
0.13360148 	0.012748105 	-0.0030702336 	5.004479e-23 	0.014892147 	-8.799844e-23 	0.013820126
0.13842557 	0.012968706 	-0.0031951293 	5.7383712e-23 	0.015198049 	-3.3374777e-23 	0.014083377
0.14340642 	0.013192197 	-0.0033240859 	5.7368435e-23 	0.015508 	-4.2368543e-23 	0.014350099
0.14854914 	0.013418795 	-0.0034572421 	8.9189779e-23 	0.015822078 	3.9161425e-23 	0.014620437
0.15385898 	0.013648726 	-0.0035947396 	1.3202205e-24 	0.016140355 	1.490468e-22 	0.014894541
0.15934138 	0.013882227 	-0.0037367224 	-5.6509923e-23 	0.0164629 	-8.3943443e-24 	0.015172564
0.16500194 	0.014119546 	-0.0038833387 	1.1887085e-23 	0.016789774 	-9.9717947e-23 	0.01545466
0.17084645 	0.014360944 	-0.0040347399 	7.8741046e-24 	0.017121034 	7.8212477e-23 	0.015740989
0.17688089 	0.014606693 	-0.0041910786 	-1.2848504e-22 	0.017456729 	1.2027648e-22 	0.01603171
0.18311143 	0.014857075 	-0.0043525089 	-1.3444146e-22 	0.017796898 	-3.5987589e-23 	0.016326987
0.18954445 	0.015112388 	-0.0045191864 	-5.7780747e-24 	0.018141579 	-1.2520307e-22 	0.016626984
0.19618653 	0.015372938 	-0.0046912672 	1.1356088e-22 	0.018490796 	-9.4167814e-23 	0.016931867
0.20304445 	0.015639044 	-0.004868907 	1.0725332e-22 	0.018844564 	2.8542924e-23 	0.017241804
0.21012524 	0.015911036 	-0.0050522611 	-5.2642688e-24 	0.019202886 	1.1959973e-22 	0.017556962
0.21743614 	0.016189252 	-0.0052414809 	-1.2464412e-22 	0.01956576 	1.2429452e-22 	0.017877507
0.22498461 	0.016474043 	-0.0054367147 	-1.2994744e-22 	0.019933164 	3.3179435e-23 	0.018203604
0.23277839 	0.016765764 	-0.0056381076 	-1.7296295e-23 	0.020305064 	-1.3314236e-22 	0.018535414
0.24082545 	0.017064778 	-0.0058457962 	8.9813271e-23 	0.02068141 	-1.4773375e-22 	0.018873094
0.24913402 	0.017371451 	-0.006059909 	9.3158463e-23 	0.021062137 	2.0892024e-23 	0.019216795
0.25771259 	0.017686153 	-0.0062805654 	0 	0.021447157 	1.9017386e-24 	0.019566655
0.26656994 	0.01800925 	-0.0065078722 	1.3808822e-22 	0.021836359 	1.2342256e-22 	0.019922806
0.27571513 	0.018341105 	-0.0067419206 	-5.2968476e-22 	0.022229612 	6.1501103e-22 	0.020285359
0.28515751 	0.01868207 	-0.0069827842 	-1.1840043e-21 	0.022626752 	4.1860241e-22 	0.020654412
0.29490674 	0.019032483 	-0.0072305156 	-8.5905654e-22 	0.023027585 	-3.0684264e-22 	0.021030035
0.3049728 	0.019392664 	-0.0074851502 	3.8145705e-22 	0.023431878 	-5.5696895e-22 	0.021412273
0.31536597 	0.019762915 	-0.0077466622 	7.1923015e-22 	0.023839353 	-2.5684091e-22 	0.021801135
0.3260969 	0.020143486 	-0.0080150324 	8.6938439e-22 	0.0242497 	-2.5874281e-22 	0.022196593
0.33717655 	0.020534574 	-0.00829021 	1.1814126e-21 	0.024662555 	1.6016621e-22 	0.022598566
0.34861625 	0.020936349 	-0.0085720568 	-9.4361229e-22 	0.025077477 	9.9614994e-22 	0.023006915
0.36042772 	0.021348907 	-0.0088604089 	-1.8626182e-21 	0.02549396 	5.5864152e-22 	0.023421435
0.37262303 	0.02177226 	-0.0091550458 	-1.2386402e-21 	0.025911418 	-2.3149694e-22 	0.023841841
0.38521464 	0.02220633 	-0.009455689 	3.6887133e-22 	0.026329176 	-3.4558061e-22 	0.024267755
0.39821546 	0.022650929 	-0.0097619759 	2.2701529e-22 	0.026746454 	3.3008218e-22 	0.024698694
0.41163876 	0.023105735 	-0.010073463 	-1.5492783e-21 	0.027162355 	4.59849e-22 	0.025134048
0.42549828 	0.023570279 	-0.010389624 	-7.6722809e-22 	0.027575846 	-1.5328431e-22 	0.025573067
0.4398082 	0.024043924 	-0.010709831 	8.1358605e-23 	0.027985744 	-1.3807717e-22 	0.026014838
0.45458315 	0.024525825 	-0.011033333 	2.0884619e-22 	0.028390693 	6.2997019e-22 	0.026458263
0.46983824 	0.025014919 	-0.01135925 	-3.7871712e-21 	0.028789147 	9.6093954e-22 	0.026902037
0.48558908 	0.025509887 	-0.011686565 	-2.0454165e-21 	0.029179348 	9.3143006e-23 	0.027344621
0.50185179 	0.026009124 	-0.012014101 	-1.9977122e-21 	0.029559293 	8.657443e-22 	0.027784213
0.51864298 	0.026510699 	-0.012340489 	-5.4666999e-21 	0.029926688 	2.884203e-23 	0.028218726
0.53597984 	0.027012323 	-0.01266415 	3.5991804e-21 	0.030279046 	-2.0699671e-21 	0.028645756
0.5538801 	0.02751131 	-0.012983279 	5.3244886e-21 	0.030614161 	-2.5358304e-22 	0.029062559
0.57236207 	0.028004506 	-0.013295873 	-2.1146937e-22 	0.030930306 	7.3789934e-22 	0.029466025
0.59144465 	0.028488229 	-0.013618722 	-2.192173e-22 	0.031217369 	1.6402537e-22 	0.029852661
0.61114736 	0.028979156 	-0.013936811 	-1.7627649e-21 	0.031453425 	-3.7986841e-22 	0.030219216
0.63149036 	0.029500652 	-0.014171852 	4.3463435e-21 	0.031623516 	-2.4871565e-21 	0.030563357
0.65249445 	0.030025763 	-0.014333662 	1.5206691e-20 	0.031738939 	-2.7965941e-21 	0.030880975
0.67418111 	0.030504235 	-0.014475113 	1.2632107e-20 	0.031822345 	2.5853564e-22 	0.031162235
0.69657252 	0.030908212 	-0.014589408 	-2.6911434e-21 	0.031878348 	2.1788519e-21 	0.031392926
0.7196916 	0.031223681 	-0.014670562 	-4.6893463e-21 	0.03189268 	1.9258103e-22 	0.031558186
0.74356198 	0.031444721 	-0.014713761 	1.7410613e-21 	0.031846553 	1.7237944e-22 	0.031645759
0.76820808 	0.031569725 	-0.014715732 	-9.2185849e-21 	0.031724857 	1.736212e-21 	0.031647436
0.79365511 	0.031596433 	-0.014673529 	-6.903364e-21 	0.03151593 	4.7610289e-22 	0.031556303
0.8199291 	0.031521089 	-0.014584566 	-5.6043837e-21 	0.031211855 	1.9319607e-21 	0.03136654
0.84705692 	0.031339977 	-0.014447284 	-2.1872537e-20 	0.030809247 	2.7338848e-21 	0.031074635
0.87506632 	0.031049807 	-0.014260968 	-1.2770038e-20 	0.030307865 	-1.7524492e-22 	0.03067883
0.90398595 	0.030649057 	-0.014025988 	-4.8000238e-21 	0.02971021 	1.231607e-21 	0.030179613
0.93384539 	0.030139156 	-0.013744066 	-2.4163365e-20 	0.029021511 	3.9789783e-21 	0.029580308
0.94954502 	0.029826487 	-0.013578236 	-3.0698817e-20 	0.028628503 	2.2665293e-21 	0.029227469
0.96467517 	0.029525279 	-0.013418483 	-3.5935304e-20 	0.028249908 	5.5034232e-22 	0.028887567
0.99650683 	0.028816626 	-0.013054149 	2.5717559e-21 	0.027406555 	-3.4902199e-21 	0.028111563
1.0293729 	0.028026227 	-0.012657498 	1.9025602e-20 	0.026505429 	-2.4046017e-22 	0.0272658
1.0633071 	0.027170325 	-0.012236211 	-1.6501817e-20 	0.025562789 	2.7729905e-21 	0.02636653
1.098344 	0.026267286 	-0.01179874 	-1.6156559e-20 	0.02459622 	-8.6099742e-23 	0.025431727
1.1345196 	0.025336194 	-0.011353691 	-1.2537952e-21 	0.023623371 	-4.3970399e-22 	0.024479755
1.1718707 	0.024395327 	-0.010909142 	-6.3519693e-21 	0.022660525 	6.2296723e-22 	0.023527897
1.2104356 	0.023461258 	-0.010472201 	-4.6590899e-21 	0.021721619 	-9.2567545e-22 	0.02259142
1.2502538 	0.022548477 	-0.010048789 	1.6032175e-20 	0.02081775 	-4.7695138e-22 	0.021683112
1.291366 	0.021667405 	-0.0096428111 	-9.3915876e-21 	0.019955616 	2.2201189e-21 	0.02081152
1.3338142 	0.020823003 	-0.0092557244 	-3.6084886e-20 	0.01913691 	1.5678102e-21 	0.019979971
1.3776419 	0.020016363 	-0.008887424 	-1.6763989e-20 	0.01836039 	-7.5002679e-22 	0.019188393
1.4228938 	0.019245906 	-0.0085368818 	-1.0900244e-21 	0.017623364 	-1.488683e-22 	0.018434628
1.4696163 	0.018507835 	-0.008202356 	-2.1702995e-20 	0.01692197 	2.5746695e-21 	0.017714883
1.5178571 	0.017800987 	-0.0078824311 	-7.4237445e-20 	0.016254182 	2.3899182e-21 	0.01702761
1.566098 	0.017131846 	-0.0075793098 	-5.061411e-20 	0.01562345 	-1.0508445e-21 	0.016377689
1.6128205 	0.016505884 	-0.0072959142 	-7.3205211e-22 	0.015032622 	-1.4029519e-21 	0.015769269
1.6580724 	0.015921352 	-0.0070313594 	-1.2559049e-21 	0.014479377 	-1.3030453e-22 	0.015200366
1.7019001 	0.015375097 	-0.0067836219 	3.140296e-22 	0.013960029 	-8.8279629e-22 	0.014667583
1.7443483 	0.014864864 	-0.0065511136 	3.7852352e-20 	0.013471377 	-8.5344094e-23 	0.014167922
1.7854605 	0.014388925 	-0.0063321712 	-2.2491775e-20 	0.013007578 	2.7200277e-21 	0.013698411
1.8252786 	0.013947587 	-0.0061174923 	-7.080564e-20 	0.012561905 	4.394967e-22 	0.013255286
1.8638436 	0.013532625 	-0.005874143 	1.338497e-21 	0.012133925 	-1.7695598e-21 	0.012833087
1.9011947 	0.013131111 	-0.0056092523 	5.7746367e-21 	0.011723724 	-1.0497742e-21 	0.012427128
1.9373703 	0.012738797 	-0.0053466948 	4.5390003e-20 	0.011332616 	-5.8782746e-22 	0.012035763
1.9724072 	0.012355794 	-0.0050794649 	6.4349768e-21 	0.010961913 	2.0790265e-21 	0.011658849
2.0063413 	0.011983281 	-0.0048105444 	-4.1574399e-20 	0.010609175 	1.8007775e-21 	0.011296229
2.0163351 	0.011873449 	-0.0047289825 	-4.4273094e-20 	0.010507047 	1.4558692e-21 	0.011190249
2.0392075 	0.011622078 	-0.004542317 	-4.6398389e-20 	0.010273321 	5.8833437e-22 	0.010947702
2.0710391 	0.011272712 	-0.0042764596 	-4.5466972e-20 	0.0099532944 	-5.1359804e-22 	0.010613005
2.1018689 	0.010935454 	-0.0040141653 	-6.0071786e-22 	0.0096482207 	-9.5745828e-22 	0.010291838
2.1317283 	0.010610389 	-0.0037562905 	2.7433771e-22 	0.0093573594 	-1.9428139e-22 	0.0099838752
2.160648 	0.010297479 	-0.0035034522 	5.9355675e-21 	0.0090800648 	-6.562989e-22 	0.009688773
2.1886574 	0.0099965988 	-0.0032560969 	2.2235478e-20 	0.0088157618 	-5.2752811e-22 	0.00940618
2.2157852 	0.0097075588 	-0.0030145692 	2.1164407e-20 	0.0085639274 	-3.6063778e-22 	0.0091357426
2.2420592 	0.00943013 	-0.0027790846 	2.5941731e-20 	0.0083240816 	-3.0663307e-22 	0.0088771087
2.2675062 	0.0091640801 	-0.0025498281 	2.0415695e-20 	0.0080957645 	9.9897179e-23 	0.0086299289
2.2921523 	0.0089091614 	-0.0023269349 	1.3816401e-20 	0.0078785413 	4.380947e-22 	0.0083938602
2.3160227 	0.0086651171 	-0.0021104462 	1.381632e-22 	0.0076720121 	6.2628957e-22 	0.0081685698
2.3391418 	0.0084316686 	-0.0019004159 	-1.1745882e-20 	0.0074757928 	-2.1884861e-22 	0.0079537375
2.3615332 	0.0082085816 	-0.0016968526 	8.9614392e-21 	0.0072895223 	-5.6743331e-22 	0.0077490584
2.3832198 	0.0079956156 	-0.0014997423 	9.1796517e-21 	0.0071128594 	5.7685771e-22 	0.0075542438
2.4042239 	0.0077925371 	-0.001309047 	-1.3410523e-20 	0.0069454838 	6.2911269e-22 	0.0073690215
2.4245669 	0.007599168 	-0.0011246922 	-1.0361143e-20 	0.0067870976 	-3.7632543e-22 	0.0071931368
2.4442696 	0.0074152877 	-0.00094661395 	2.6827155e-21 	0.0066374232 	-6.6769988e-22 	0.0070263529
2.4633522 	0.0072406961 	-0.00077470485 	1.1352303e-20 	0.0064962047 	-3.8154454e-22 	0.0068684501
2.4818342 	0.0070752488 	-0.00060884618 	1.1932995e-20 	0.0063632048 	4.922367e-22 	0.0067192255
2.4997344 	0.0069187905 	-0.00044894941 	-5.9830066e-21 	0.0062382076 	6.4268254e-22 	0.0065784928
2.5170713 	0.0067711549 	-0.00029485342 	-7.1243167e-21 	0.006121018 	-1.5338156e-22 	0.0064460817
2.5338625 	0.0066322086 	-0.00014640514 	-6.429079e-22 	0.0060114565 	-3.2342598e-24 	0.006321835
2.5501252 	0.0065018522 	-3.4654538e-06 	-6.387503e-21 	0.005909361 	2.8316122e-22 	0.0062056094
2.565876 	0.0063799621 	0.00013414261 	-7.0443545e-21 	0.0058145864 	-5.1872109e-23 	0.0060972735
2.5811311 	0.0062664077 	0.00026658088 	-3.4685696e-21 	0.0057270055 	-2.9614258e-22 	0.0059967066
2.5959061 	0.0061610929 	0.00039401524 	1.2560579e-21 	0.0056464994 	-4.2366848e-22 	0.0059037962
2.610216 	0.0060639174 	0.00051662809 	7.7684184e-21 	0.0055729596 	-3.3268489e-22 	0.0058184375
2.6240755 	0.0059747663 	0.00063461709 	9.5326121e-21 	0.0055062889 	-5.9206951e-23 	0.0057405298
2.6374988 	0.0058935474 	0.00074817148 	8.3267023e-21 	0.005446394 	2.4217292e-22 	0.0056699751
2.6504996 	0.0058201662 	0.00085747217 	2.2865967e-21 	0.0053931869 	7.0015045e-22 	0.0056066761
2.6630913 	0.0057544907 	0.00096269597 	-9.1116356e-21 	0.0053465802 	3.4866006e-22 	0.0055505337
2.6752866 	0.0056964044 	0.0010640375 	-5.634586e-21 	0.0053064855 	-2.7000503e-22 	0.0055014445
2.687098 	0.0056457847 	0.0011616747 	-1.838108e-21 	0.0052728117 	1.0258821e-22 	0.0054592987
2.6985377 	0.0056024969 	0.0012557816 	-7.035953e-21 	0.0052454607 	2.0290433e-23 	0.0054239778
2.7096174 	0.0055663822 	0.0013465522 	-1.6871684e-21 	0.0052243254 	-3.9440139e-22 	0.0053953525
2.7203483 	0.0055372718 	0.001434134 	1.7365348e-21 	0.0052092876 	-1.7703834e-22 	0.0053732808
2.7307415 	0.005514997 	0.0015186685 	1.7616721e-21 	0.0052002157 	2.6039693e-22 	0.0053576058
2.7408075 	0.0054993542 	0.0016003382 	-3.4116215e-21 	0.0051969703 	4.9373432e-22 	0.005348162
2.7505568 	0.0054901202 	0.0016792894 	-7.5926643e-21 	0.0051993788 	5.9716104e-23 	0.00534475
2.7599992 	0.0054870512 	0.0017556247 	-4.1580714e-21 	0.0052072502 	-2.8577636e-22 	0.0053471509
2.7691443 	0.0054898966 	0.0018294699 	-1.7463456e-21 	0.0052203917 	-1.5070655e-22 	0.0053551445
2.7780017 	0.0054983915 	0.0019009368 	-1.1472443e-21 	0.0052385911 	-1.606383e-22 	0.0053684917
2.7865803 	0.0055123003 	0.0019701223 	1.1770663e-21 	0.0052616663 	-1.6096988e-22 	0.0053869836
2.7948888 	0.0055313108 	0.0020371086 	1.6904488e-21 	0.0052893589 	-2.3184988e-24 	0.005410335
2.8029359 	0.0055550365 	0.002101957 	1.0768547e-21 	0.0053213349 	7.3084684e-23 	0.0054381856
2.8107297 	0.0055831253 	0.0021647269 	2.425131e-22 	0.0053572923 	4.1586609e-23 	0.0054702087
2.8182781 	0.0056152189 	0.0022254612 	2.5892378e-22 	0.0053969187 	1.3645458e-22 	0.0055060687
2.825589 	0.0056509472 	0.0022841922 	-1.8659262e-21 	0.0054398867 	1.3463966e-22 	0.0055454169
2.8326698 	0.0056899295 	0.0023409401 	-1.8598784e-21 	0.0054858555 	-1.1694507e-22 	0.0055878925
2.8395278 	0.0057317773 	0.0023957162 	2.4438777e-23 	0.0055344735 	-6.0252229e-23 	0.0056331255
2.8461698 	0.0057760958 	0.002448524 	-7.8823168e-22 	0.0055853812 	9.9223177e-23 	0.0056807383
2.8526028 	0.0058224875 	0.0024993628 	-1.4029958e-21 	0.0056382122 	-2.3230993e-23 	0.0057303498
2.8588334 	0.0058705577 	0.002548221 	-4.3031138e-22 	0.0056925954 	-6.3793224e-23 	0.0057815768
2.8648678 	0.0059199166 	0.002595071 	-4.3992868e-22 	0.0057481593 	6.034693e-23 	0.0058340383
2.8707123 	0.0059701792 	0.002639893 	-1.2328616e-21 	0.0058045364 	-7.0102086e-23 	0.0058873578
2.8763729 	0.0060209674 	0.0026826805 	4.8277152e-22 	0.0058613656 	-1.7168657e-22 	0.0059411665
2.8818553 	0.0060719144 	0.0027234135 	1.0970393e-21 	0.0059182951 	-2.6433955e-23 	0.0059951047
2.8871651 	0.006122668 	0.0027620648 	7.634382e-22 	0.0059749825 	-1.242103e-23 	0.0060488251
2.8923079 	0.0061728923 	0.0027986157 	1.1500471e-21 	0.0060310975 	6.045149e-23 	0.0061019946
2.8972887 	0.0062222689 	0.0028330486 	-2.6192961e-25 	0.0060863234 	1.1419266e-22 	0.0061542963
2.9021128 	0.0062704985 	0.0028653485 	-3.1603402e-22 	0.0061403556 	-5.7273604e-25 	0.0062054309
2.9067851 	0.0063173012 	0.0028955056 	9.1371497e-24 	0.0061929259 	1.110368e-23 	0.006255118
2.9113102 	0.0063624174 	0.0029255581 	-4.2996892e-22 	0.0062437887 	6.740598e-23 	0.0063030969
2.915693 	0.0064054557 	0.0029516907 	-7.9868049e-22 	0.0062928475 	-3.7060891e-23 	0.0063491413
2.9199378 	0.0064461788 	0.0029722954 	-1.3821484e-23 	0.0063399346 	-1.0669263e-22 	0.006393057
2.924049 	0.0064844795 	0.0029916479 	4.5970771e-22 	0.0063846105 	-2.8235702e-24 	0.0064345504
2.9280309 	0.0065200235 	0.0030096763 	4.7808505e-23 	0.0064263861 	3.9337826e-24 	0.006473208
2.9318874 	0.0065524165 	0.0030261881 	3.6960931e-22 	0.0064648119 	-4.6428294e-23 	0.0065086155
2.9356225 	0.0065812282 	0.0030409881 	5.4180536e-22 	0.0064994774 	3.5183587e-23 	0.0065403524
2.93924 	0.0066060732 	0.0030539098 	4.1049073e-24 	0.0065300461 	8.4382178e-23 	0.006568059
2.9427437 	0.0066266841 	0.0030648385 	-3.5580343e-22 	0.0065562901 	1.8873767e-23 	0.0065914872
2.9461371 	0.0066428679 	0.0030736899 	-2.0580729e-22 	0.0065780421 	-4.9714929e-23 	0.0066104553
2.9494237 	0.0066544905 	0.0030804088 	1.4690647e-22 	0.0065951967 	-3.4001674e-23 	0.0066248438
2.9526069 	0.00666147 	0.0030849651 	1.4918271e-22 	0.006607704 	1.3728161e-23 	0.0066345874
2.9556899 	0.0066637746 	0.0030873506 	1.3637204e-23 	0.0066155628 	2.7519264e-23 	0.0066396679
2.9586758 	0.0066614166 	0.003087578 	-1.1240143e-22 	0.0066188161 	5.1019141e-23 	0.0066401126
2.9615678 	0.0066544665 	0.0030856801 	-4.5392557e-22 	0.0066175338 	2.4176491e-24 	0.006635992
2.9643687 	0.0066430729 	0.0030817068 	-1.5137664e-22 	0.0066117703 	-6.6001032e-23 	0.0066274136
2.9670815 	0.0066274794 	0.0030757172 	1.5340109e-22 	0.0066015093 	-1.4814174e-23 	0.006614506
2.9697089 	0.0066079832 	0.0030662406 	-7.3920351e-24 	0.0065867226 	1.5881871e-23 	0.0065973728
2.9722536 	0.0065847013 	0.0030531328 	6.1009455e-24 	0.0065674377 	-1.6810207e-24 	0.0065760668
2.9747182 	0.0065574938 	0.0030383935 	1.1697683e-23 	0.0065437277 	-9.77207e-24 	0.0065506009
2.9771053 	0.006526238 	0.0030222644 	8.5988221e-23 	0.006515686 	3.7528343e-25 	0.0065209609
2.9794172 	0.0064909033 	0.0030043698 	1.1460613e-23 	0.0064833309 	1.8553908e-23 	0.0064871175
2.9816563 	0.0064514492 	0.0029847262 	-6.8979864e-23 	0.0064466121 	1.8661485e-23 	0.0064490309
2.983825 	0.0064078218 	0.0029633386 	-1.3393599e-22 	0.0064054742 	-8.3780626e-24 	0.006406648
2.9859254 	0.0063599512 	0.0029402003 	-8.5635061e-24 	0.00635985 	-3.393363e-23 	0.0063599006
2.9879597 	0.0063077487 	0.0029152928 	1.222587e-22 	0.0063096556 	4.6436932e-24 	0.0063087021
2.98993 	0.0062511046 	0.0028885849 	-3.1138491e-23 	0.0062547865 	1.5604441e-23 	0.0062529455
2.9918382 	0.0061898851 	0.0028600293 	4.6734132e-25 	0.0061951151 	-4.4320971e-24 	0.0061925001
2.9936864 	0.0061239294 	0.00282956 	2.9855376e-24 	0.0061304879 	1.9216639e-25 	0.0061272086
2.9954764 	0.006053046 	0.0027970933 	-8.3119695e-25 	0.0060607216 	-3.9375902e-24 	0.0060568838
2.9972101 	0.0059770099 	0.002762524 	2.4725171e-23 	0.0059856 	-7.641886e-26 	0.005981305
2.9988893 	0.0058955582 	0.0027257224 	1.300652e-24 	0.0059048701 	3.658176e-24 	0.0059002142
3.0005155 	0.0058083863 	0.0026865314 	1.2954259e-24 	0.0058182377 	4.226239e-24 	0.0058133121
3.0020906 	0.0057151434 	0.0026447648 	-2.0552392e-23 	0.0057253631 	1.2458059e-23 	0.0057202533
3.0036161 	0.0056154282 	0.0026002038 	-6.1388996e-23 	0.0056258568 	4.3178779e-24 	0.0056206425
3.0050936 	0.0055087843 	0.0025525902 	-4.0810022e-23 	0.0055192745 	-1.5728867e-23 	0.0055140294
3.0065246 	0.0053946959 	0.0025016265 	1.9406572e-23 	0.0054051131 	-5.5888788e-24 	0.0053999045
3.0079106 	0.0052725841 	0.0024469698 	-5.5917381e-24 	0.0052828066 	9.808804e-24 	0.0052776954
3.0092529 	0.005141804 	0.0023882263 	-2.494089e-23 	0.0051517232 	-1.7201309e-24 	0.0051467636
3.010553 	0.0050016439 	0.0023249489 	3.2733835e-25 	0.0050111645 	-3.4593822e-24 	0.0050064044
3.0118121 	0.004851328 	0.0022567066 	-5.9739175e-24 	0.0048603692 	-6.1940239e-27 	0.0048558486
3.0130317 	0.0046900079 	0.0021826083 	-3.161445e-25 	0.0046985034 	-3.3475149e-24 	0.0046942554
3.0142128 	0.0045167919 	0.0021021413 	5.7544263e-24 	0.0045246897 	1.8153995e-24 	0.0045207409
3.0153568 	0.0043308152 	0.0020153839 	-5.0080793e-24 	0.0043380754 	3.2136996e-24 	0.0043344455
3.0164647 	0.0041312383 	0.0019210777 	-4.8467166e-24 	0.0041378298 	-1.469387e-24 	0.0041345341
3.0175378 	0.003917277 	0.0018181962 	-2.0696526e-25 	0.0039231817 	-4.409057e-24 	0.0039202293
3.0185772 	0.0036883359 	0.0017065093 	6.1210269e-24 	0.0036935514 	-5.8169672e-24 	0.0036909436
3.0195838 	0.0034441494 	0.0015854766 	1.1805294e-23 	0.0034486859 	-1.7283584e-24 	0.0034464177
3.0205587 	0.0031849545 	0.0014549141 	7.7685867e-24 	0.003188834 	3.8400443e-24 	0.0031868943
3.0215029 	0.0029117195 	0.0013151153 	1.3401287e-24 	0.0029149749 	4.8195727e-24 	0.0029133472
3.0224174 	0.0026264089 	0.0011670986 	-2.5347252e-24 	0.0026290828 	6.4246737e-25 	0.0026277458
3.0233032 	0.0023322465 	0.0010128835 	-4.164269e-25 	0.0023343903 	-2.5292244e-24 	0.0023333183
3.024161 	0.0020339057 	0.0008557286 	1.6131824e-24 	0.0020355779 	-5.0599625e-25 	0.0020347417
3.0249919 	0.0017375137 	0.0007002005 	4.5507749e-25 	0.0017387779 	5.9926945e-25 	0.0017381457
3.0257966 	0.0014503475 	0.00055190817 	2.249471e-25 	0.0014512698 	-1.4105617e-26 	0.0014508086
3.026576 	0.0011801504 	0.00041679054 	2.1904136e-25 	0.0011807969 	1.4854629e-25 	0.0011804736
3.0273308 	0.00093413563 	0.00030003356 	0 	0.00093456871 	1.4260525e-25 	0.00093435214
3.0280619 	0.00071792024 	0.00020495377 	-1.0530764e-28 	0.0007181961 	-5.6937679e-28 	0.00071805816
3.02877 	0.00053473405 	0.00013231923 	1.0349484e-27 	0.00053490024 	-1.1781718e-28 	0.00053481715
3.0294558 	0.00038516353 	8.0416752e-05 	7.2928343e-28 	0.00038525761 	-1.215283e-26 	0.00038521057
3.03012 	0.00026745937 	4.5790896e-05 	4.2230062e-27 	0.00026750906 	-1.2477564e-26 	0.00026748422
3.0307633 	0.00017821322 	2.4268674e-05 	4.8158328e-27 	0.00017823747 	3.6121683e-27 	0.00017822535
3.0313863 	0.00011312711 	1.1851742e-05 	1.8837497e-28 	0.0001131379 	5.1559262e-27 	0.00011313251
3.0319898 	6.7664638e-05 	5.2508686e-06 	-3.3896303e-28 	6.7668931e-05 	1.5887347e-27 	6.7666785e-05
3.0325742 	3.7496031e-05 	2.06011e-06 	-3.1413596e-28 	3.7497517e-05 	-4.8549719e-28 	3.7496774e-05
3.0331403 	1.874642e-05 	6.8905053e-07 	1.7909312e-29 	1.8746847e-05 	-4.6477061e-28 	1.8746634e-05
3.0336885 	8.1005009e-06 	1.8482077e-07 	2.2132256e-29 	8.1005961e-06 	2.9925585e-29 	8.1005487e-06
3.0342195 	2.8248576e-06 	3.595799e-08 	-3.9427103e-31 	2.8248723e-06 	2.6129624e-29 	2.824865e-06
3.0347338 	7.7701573e-07 	4.4272456e-09 	-3.7359229e-31 	7.7701703e-07 	-1.9715299e-30 	7.7701637e-07
3.0352319 	7.4016611e-07 	5.7554287e-10 	2.3506093e-32 	7.4016618e-07 	-6.0861029e-32 	7.4016615e-07
3.0357122 	3.1546823e-09 	2.4530381e-12 	1.0023618e-34 	3.1546826e-09 	-2.5910569e-34 	3.1546824e-09
