0 	0 	0 	0
0.00048240845 	-0.0019665562 	-7.3865188e-07 	1.4223411e-23
0.00098049384 	-0.0039108731 	-2.2625505e-06 	1.7018756e-23
0.0014947656 	-0.0058436746 	-5.159891e-06 	2.427671e-24
0.0020257498 	-0.0077596 	-9.4233655e-06 	0
0.0025739895 	-0.0096527706 	-1.5125259e-05 	4.8924928e-24
0.0031400454 	-0.011516715 	-2.2371172e-05 	1.2699402e-23
0.0037244966 	-0.013344268 	-3.1279626e-05 	9.2512973e-24
0.0043279408 	-0.015127428 	-4.1972467e-05 	9.749032e-24
0.0049509953 	-0.016857187 	-5.457572e-05 	1.8393059e-23
0.0055942973 	-0.01852332 	-6.9219459e-05 	1.1686754e-23
0.0062585048 	-0.020114172 	-8.6037239e-05 	-3.2061256e-26
0.0069442972 	-0.021616472 	-0.00010516451 	-1.6591049e-24
0.007652376 	-0.023015282 	-0.00012673542 	3.4118317e-24
0.0083834654 	-0.024294206 	-0.0001508798 	-3.756681e-26
0.0091383131 	-0.025436054 	-0.0001777187 	-3.4947415e-24
0.0099176913 	-0.026424132 	-0.00020735872 	-1.8691712e-23
0.010722397 	-0.02724419 	-0.00023988693 	-1.8841758e-23
0.011553254 	-0.027886778 	-0.00027536613 	-1.4254904e-23
0.012411111 	-0.028349349 	-0.00031383251 	1.8442492e-23
0.013296846 	-0.028637289 	-0.00035529748 	4.7613332e-23
0.014211364 	-0.028763341 	-0.00039975326 	9.7712319e-24
0.015155603 	-0.028745545 	-0.00044718067 	1.9782016e-23
0.016130526 	-0.028604471 	-0.0004975571 	2.5134753e-23
0.017137132 	-0.028360639 	-0.00055086263 	0
0.018176449 	-0.028032713 	-0.00060708405 	0
0.019249542 	-0.027636594 	-0.00066621686 	3.62796e-23
0.020357507 	-0.027185205 	-0.00072826647 	3.3214373e-23
0.021501477 	-0.026688715 	-0.00079324829 	-3.0623123e-24
0.022682624 	-0.026154936 	-0.00086118754 	3.5333583e-26
0.023902154 	-0.025589773 	-0.00093211875 	3.3444857e-26
0.025161316 	-0.024997629 	-0.0010060853 	0
0.026461397 	-0.024381749 	-0.0010831386 	-9.5491409e-24
0.027803728 	-0.02374449 	-0.0011633377 	-9.5840715e-24
0.02918968 	-0.023087534 	-0.0012467484 	-2.0196253e-23
0.030620672 	-0.022412047 	-0.0013334435 	-1.3076982e-24
0.032098167 	-0.021718809 	-0.0014235017 	1.5809953e-23
0.033623676 	-0.021008296 	-0.0015170076 	1.0649041e-23
0.03519876 	-0.020280752 	-0.0016140516 	5.8825159e-25
0.03682503 	-0.019536238 	-0.001714729 	-1.0301616e-23
0.03850415 	-0.018774666 	-0.0018191407 	1.4586169e-23
0.040237836 	-0.017995829 	-0.0019273926 	-1.8981027e-24
0.042027862 	-0.017199427 	-0.0020395956 	-1.6114187e-23
0.043876059 	-0.016385077 	-0.0021558655 	7.678814e-24
0.045784317 	-0.01555233 	-0.0022763234 	-9.5433219e-24
0.047754588 	-0.014700675 	-0.0024010948 	-1.9627457e-23
0.049788888 	-0.013829552 	-0.0025303106 	0
0.051889297 	-0.01293835 	-0.0026641064 	-2.1567526e-23
0.054057963 	-0.012026413 	-0.0028026229 	-2.1570292e-23
0.056297104 	-0.011093042 	-0.0029460056 	4.0732623e-24
0.058609012 	-0.010137496 	-0.0030944053 	4.1101377e-24
0.06099605 	-0.0091589921 	-0.0032479777 	-1.9106553e-23
0.06346066 	-0.0081567037 	-0.0034068837 	-1.9104907e-23
0.066005363 	-0.0071297616 	-0.0035712894 	-1.4476515e-23
0.068632762 	-0.0060772515 	-0.003741366 	-2.1891093e-23
0.071345544 	-0.0049982123 	-0.0039172903 	-7.5427249e-24
0.074146484 	-0.0038916341 	-0.0040992436 	0
0.077038447 	-0.0027564592 	-0.0042874125 	3.333818e-23
0.08002439 	-0.0015915826 	-0.0044819863 	5.8542277e-23
0.083107369 	-0.00039586331 	-0.0046831569 	7.5978499e-24
0.086290535 	0.0008318705 	-0.0048911183 	-4.1744136e-23
0.089577146 	0.0020928452 	-0.0051060676 	-2.4278658e-23
0.092970562 	0.0033883639 	-0.0053282079 	0
0.096474255 	0.0047198306 	-0.0055577506 	-2.2910989e-23
0.10009181 	0.0060887624 	-0.0057949159 	-5.2287579e-23
0.10382692 	0.0074967679 	-0.0060399317 	-1.5485801e-23
0.10768342 	0.0089455449 	-0.006293032 	1.4172187e-23
0.11166524 	0.010436887 	-0.0065544557 	1.4014378e-23
0.11577645 	0.01197269 	-0.0068244458 	1.4199459e-23
0.12002127 	0.013554961 	-0.0071032502 	0
0.12440404 	0.015185824 	-0.0073911208 	-2.8342583e-23
0.12892923 	0.016867531 	-0.0076883134 	-3.0049749e-24
0.13360148 	0.018602466 	-0.0079950874 	6.4740652e-23
0.13842557 	0.020393164 	-0.0083117051 	7.7719365e-23
0.14340642 	0.022242309 	-0.0086384316 	7.6631439e-23
0.14854914 	0.024152758 	-0.0089755338 	9.8710622e-23
0.15385898 	0.026127544 	-0.00932328 	-6.9104372e-24
0.15934138 	0.028169895 	-0.0096819388 	-6.7087614e-23
0.16500194 	0.030283243 	-0.010051779 	3.0407397e-23
0.17084645 	0.032471242 	-0.010433067 	3.0896019e-23
0.17688089 	0.034737786 	-0.010826068 	-7.1485161e-23
0.18311143 	0.037087023 	-0.011231042 	-7.0955576e-23
0.18954445 	0.039523376 	-0.011648244 	0
0.19618653 	0.04205156 	-0.012077923 	6.8526797e-23
0.20304445 	0.044676607 	-0.012520317 	6.7946518e-23
0.21012524 	0.04740389 	-0.012975656 	-6.034558e-25
0.21743614 	0.050239144 	-0.013444152 	-6.7550286e-23
0.22498461 	0.053188494 	-0.013926004 	-1.0546831e-22
0.23277839 	0.056258484 	-0.014421393 	-4.1978375e-23
0.24082545 	0.059456106 	-0.014930472 	7.3727962e-23
0.24913402 	0.062788834 	-0.015453372 	7.5134568e-23
0.25771259 	0.066264654 	-0.015990192 	0
0.26656994 	0.069892105 	-0.016540994 	7.9142269e-23
0.27571513 	0.073680314 	-0.0171058 	-2.0735675e-22
0.28515751 	0.077639035 	-0.017684584 	-4.9720778e-22
0.29490674 	0.081778693 	-0.018277268 	-3.3045326e-22
0.3049728 	0.086110427 	-0.018883712 	1.2298711e-22
0.31536597 	0.090646144 	-0.019503705 	2.4042763e-22
0.3260969 	0.095398557 	-0.020136962 	2.4133107e-22
0.33717655 	0.10038121 	-0.020783104 	3.8591471e-22
0.34861625 	0.10560854 	-0.021441656 	-2.7149696e-22
0.36042772 	0.11109594 	-0.022112033 	-6.3741983e-22
0.37262303 	0.1168598 	-0.022793523 	-4.2191714e-22
0.38521464 	0.12291755 	-0.023485275 	1.9586263e-23
0.39821546 	0.12928767 	-0.024186282 	-1.6567079e-24
0.41163876 	0.13598977 	-0.024895364 	-4.3970516e-22
0.42549828 	0.14304458 	-0.025611151 	-2.1550406e-22
0.4398082 	0.150474 	-0.02633206 	1.9543308e-24
0.45458315 	0.15830107 	-0.027056274 	-1.2260282e-25
0.46983824 	0.16654998 	-0.027781718 	-9.5953665e-22
0.48558908 	0.17524601 	-0.028506039 	-5.4973944e-22
0.50185179 	0.18441552 	-0.029226574 	-5.8273561e-22
0.51864298 	0.1940858 	-0.029940319 	-1.3648037e-21
0.53597984 	0.20428498 	-0.030643886 	8.7931269e-22
0.5538801 	0.21504181 	-0.031333562 	1.2848281e-21
0.57236207 	0.22638546 	-0.032005721 	-2.8395522e-24
0.59144465 	0.23834519 	-0.032657153 	-3.6587508e-24
0.61114736 	0.25098686 	-0.03327708 	-3.2988234e-22
0.63149036 	0.26448019 	-0.033849543 	1.1077181e-21
0.65249445 	0.27904783 	-0.034356038 	3.6981098e-21
0.67418111 	0.2948115 	-0.034780697 	3.473406e-21
0.69657252 	0.31175741 	-0.035120151 	-6.0506951e-22
0.7196916 	0.32980508 	-0.035376696 	-1.3968816e-21
0.74356198 	0.34885868 	-0.035552723 	4.734285e-22
0.76820808 	0.36883505 	-0.035648266 	-2.5475478e-21
0.79365511 	0.38967163 	-0.035660619 	-2.1835576e-21
0.8199291 	0.4113213 	-0.035585124 	-1.9585692e-21
0.84705692 	0.43374006 	-0.035416431 	-6.7644355e-21
0.87506632 	0.45687366 	-0.0351499 	-4.4500422e-21
0.90398595 	0.48064791 	-0.034782652 	-2.1275845e-21
0.93384539 	0.50496372 	-0.034314239 	-7.4844639e-21
0.94954502 	0.51755926 	-0.034025486 	-8.9671426e-21
0.96467517 	0.52969641 	-0.033746671 	-1.0076857e-20
0.99650683 	0.55469948 	-0.033085034 	-2.9980383e-22
1.0293729 	0.57981053 	-0.032337442 	4.6509062e-21
1.0633071 	0.60485879 	-0.031514059 	-3.7898082e-21
1.098344 	0.62967493 	-0.030626907 	-3.5013849e-21
1.1345196 	0.65410125 	-0.029689206 	6.8909713e-24
1.1718707 	0.67800104 	-0.028714598 	-1.8319463e-21
1.2104356 	0.70126539 	-0.027716288 	-1.0638811e-21
1.2502538 	0.72381603 	-0.026706119 	2.9512211e-21
1.291366 	0.74560478 	-0.025693771 	-1.2962454e-21
1.3338142 	0.76661104 	-0.024686363 	-6.3233551e-21
1.3776419 	0.78683673 	-0.023688688 	-2.9805423e-21
1.4228938 	0.80629985 	-0.022703877 	0
1.4696163 	0.82503206 	-0.021734202 	-3.1488715e-21
1.5178571 	0.84295208 	-0.020787555 	-9.7843648e-21
1.566098 	0.85973031 	-0.019885103 	-6.3452181e-21
1.6128205 	0.87509746 	-0.019043967 	0
1.6580724 	0.88907486 	-0.018264444 	-2.7912624e-23
1.7019001 	0.90177894 	-0.017541698 	-2.0323919e-23
1.7443483 	0.91331101 	-0.016870903 	3.0139905e-21
1.7854605 	0.92377404 	-0.016247245 	-1.6462852e-21
1.8252786 	0.93329278 	-0.015659641 	-5.4280821e-21
1.8638436 	0.9420241 	-0.015094136 	-2.1098301e-24
1.9011947 	0.95010481 	-0.01454129 	3.3954606e-22
1.9373703 	0.95760138 	-0.014000387 	3.0375482e-21
1.9724072 	0.96454576 	-0.013475883 	2.3124166e-22
2.0063413 	0.9709706 	-0.012969187 	-2.9825182e-21
2.0163351 	0.97277607 	-0.012820617 	-3.0953885e-21
2.0392075 	0.97690873 	-0.012480716 	-3.0813068e-21
2.0710391 	0.98239083 	-0.012010826 	-2.9815149e-21
2.1018689 	0.98744584 	-0.011559403 	-1.3646757e-22
2.1317283 	0.99210079 	-0.011125941 	5.5513801e-24
2.160648 	0.99638056 	-0.010709801 	4.6102711e-22
2.1886574 	1.0003079 	-0.010310269 	1.4128121e-21
2.2157852 	1.0039035 	-0.0099266108 	1.3778225e-21
2.2420592 	1.0071862 	-0.0095580887 	1.7494799e-21
2.2675062 	1.010173 	-0.0092039811 	1.331302e-21
2.2921523 	1.0128792 	-0.0088635957 	8.5394657e-22
2.3160227 	1.0153185 	-0.0085362708 	-8.9577152e-24
2.3391418 	1.0175035 	-0.008221378 	-7.014553e-22
2.3615332 	1.019445 	-0.0079183212 	6.469996e-22
2.3832198 	1.0211529 	-0.0076265357 	6.2708979e-22
2.4042239 	1.022636 	-0.0073454872 	-1.0170052e-21
2.4245669 	1.0239019 	-0.0070746693 	-7.9890855e-22
2.4442696 	1.0249573 	-0.0068136019 	1.7805027e-22
2.4633522 	1.0258081 	-0.0065618293 	9.4751329e-22
2.4818342 	1.0264592 	-0.0063189174 	9.8571194e-22
2.4997344 	1.0269149 	-0.0060844527 	-5.3789716e-22
2.5170713 	1.0271787 	-0.0058580402 	-5.8944269e-22
2.5338625 	1.0272536 	-0.0056393007 	1.1437183e-23
2.5501252 	1.0271419 	-0.0054278702 	-5.9899505e-22
2.565876 	1.0268453 	-0.0052234001 	-7.050256e-22
2.5811311 	1.0263653 	-0.0050255551 	-3.5606834e-22
2.5959061 	1.0257029 	-0.0048340128 	1.7808384e-22
2.610216 	1.0248585 	-0.0046484639 	8.8610249e-22
2.6240755 	1.0238324 	-0.0044686105 	1.10978e-21
2.6374988 	1.0226248 	-0.0042941655 	9.8958705e-22
2.6504996 	1.0212354 	-0.0041248539 	2.7630141e-22
2.6630913 	1.0196639 	-0.0039604115 	-1.2390533e-21
2.6752866 	1.0179099 	-0.0038005858 	-7.47152e-22
2.687098 	1.0159729 	-0.0036451363 	-2.8923823e-22
2.6985377 	1.0138526 	-0.0034938348 	-1.0701599e-21
2.7096174 	1.0115484 	-0.0033464661 	-2.8772944e-22
2.7203483 	1.0090602 	-0.0032028283 	2.9536857e-22
2.7307415 	1.0063876 	-0.0030627335 	2.9955318e-22
2.7408075 	1.0035309 	-0.0029260085 	-6.3629924e-22
2.7505568 	1.0004902 	-0.0027924947 	-1.434891e-21
2.7599992 	0.99726595 	-0.0026620487 	-7.9437479e-22
2.7691443 	0.99385895 	-0.0025345431 	-3.5307698e-22
2.7780017 	0.99027025 	-0.0024098661 	-2.3166215e-22
2.7865803 	0.98650125 	-0.0022879222 	2.4584913e-22
2.7948888 	0.98255371 	-0.0021686336 	3.6459183e-22
2.8029359 	0.97842972 	-0.0020519374 	2.3680248e-22
2.8107297 	0.97413169 	-0.0019377856 	5.9222557e-23
2.8182781 	0.96966237 	-0.0018261454 	5.7417134e-23
2.825589 	0.96502486 	-0.0017169975 	-4.8935526e-22
2.8326698 	0.96022259 	-0.0016103347 	-4.9122919e-22
2.8395278 	0.9552593 	-0.0015061614 	0
2.8461698 	0.95013903 	-0.0014044923 	-2.3195802e-22
2.8526028 	0.94486608 	-0.0013053526 	-4.1770126e-22
2.8588334 	0.93944502 	-0.0012087738 	-1.354955e-22
2.8648678 	0.93388057 	-0.0011147899 	-1.4588791e-22
2.8707123 	0.92817762 	-0.0010234368 	-4.0106758e-22
2.8763729 	0.92234118 	-0.00093475243 	1.4793578e-22
2.8818553 	0.91637639 	-0.00084877725 	3.5122529e-22
2.8871651 	0.91028842 	-0.00076555244 	2.6453211e-22
2.8923079 	0.90408246 	-0.00068511655 	4.0041525e-22
2.8972887 	0.89776363 	-0.00060750383 	-1.3617809e-24
2.9021128 	0.89133699 	-0.00053274137 	-1.15777e-22
2.9067851 	0.88480746 	-0.00046084049 	-2.9305542e-26
2.9113102 	0.87817979 	-0.00039184418 	-1.6258203e-22
2.915693 	0.87144935 	-0.00032579033 	-3.0805732e-22
2.9199378 	0.86459862 	-0.00026264957 	2.223363e-24
2.924049 	0.85761602 	-0.00020244515 	1.8629617e-22
2.9280309 	0.85050464 	-0.00014524671 	1.8508051e-23
2.9318874 	0.8432751 	-9.1090379e-05 	1.6443369e-22
2.9356225 	0.83594096 	-4.0007237e-05 	2.4353996e-22
2.93924 	0.8285159 	7.9668443e-06 	-6.3908678e-25
2.9427437 	0.82101232 	5.2794593e-05 	-1.6910486e-22
2.9461371 	0.81344115 	9.4441934e-05 	-9.7323795e-23
2.9494237 	0.80581177 	0.00013287749 	7.4541284e-23
2.9526069 	0.79813212 	0.00016806542 	7.5076267e-23
2.9556899 	0.79040929 	0.00019995828 	7.3411176e-24
2.9586758 	0.78264971 	0.0002284913 	-6.3123202e-23
2.9615678 	0.77485903 	0.00025358578 	-2.4828861e-22
2.9643687 	0.76704126 	0.00027518576 	-8.1562689e-23
2.9670815 	0.75919666 	0.00029335685 	8.6191159e-23
2.9697089 	0.75131769 	0.00030842544 	-3.0871994e-24
2.9722536 	0.74338999 	0.00032082153 	3.0771892e-24
2.9747182 	0.73540138 	0.00033092763 	5.9663178e-24
2.9771053 	0.7273452 	0.00033897913 	5.4451178e-23
2.9794172 	0.71921622 	0.00034506312 	4.9052003e-24
2.9816563 	0.71100844 	0.00034928584 	-4.6692599e-23
2.983825 	0.70271507 	0.00035176047 	-9.8914e-23
2.9859254 	0.69432852 	0.00035260009 	-1.0321229e-24
2.9879597 	0.68584035 	0.00035191538 	9.5698932e-23
2.98993 	0.67724121 	0.00034981471 	-2.6661433e-23
2.9918382 	0.6685208 	0.00034640418 	1.6680756e-24
2.9936864 	0.65966778 	0.00034178747 	6.4862086e-25
2.9954764 	0.65066972 	0.00033606566 	5.8494614e-25
2.9972101 	0.64151298 	0.00032933719 	2.6201581e-23
2.9988893 	0.63218267 	0.0003216977 	1.1067815e-24
3.0005155 	0.62266245 	0.00031323999 	1.092264e-24
3.0020906 	0.61293452 	0.00030405398 	-2.9288698e-23
3.0036161 	0.60297937 	0.0002942267 	-9.1981299e-23
3.0050936 	0.59277572 	0.00028384225 	-6.2673508e-23
3.0065246 	0.5823003 	0.00027298177 	3.5388898e-23
3.0079106 	0.57152771 	0.00026172348 	-1.6553753e-23
3.0092529 	0.56043023 	0.00025014268 	-5.197401e-23
3.010553 	0.54897766 	0.0002383119 	4.7573132e-25
3.0118121 	0.53713715 	0.00022630169 	-1.8472395e-23
3.0130317 	0.52487229 	0.0002141741 	1.2510519e-24
3.0142128 	0.51214356 	0.0002019874 	1.9786166e-23
3.0153568 	0.49891122 	0.00018980199 	-2.2520358e-23
3.0164647 	0.4851336 	0.00017767883 	-2.2109918e-23
3.0175378 	0.47076431 	0.00016567764 	-4.3683194e-25
3.0185772 	0.45575561 	0.00015385163 	5.0152278e-23
3.0195838 	0.44006133 	0.00014224902 	1.0424004e-22
3.0205587 	0.42363843 	0.00013091394 	8.1828078e-23
3.0215029 	0.40645068 	0.00011988674 	1.3434271e-23
3.0224174 	0.3884739 	0.00010920371 	-4.6191513e-23
3.0233032 	0.3697027 	9.8897019e-05 	7.8934679e-25
3.024161 	0.35015851 	8.8995037e-05 	4.9109558e-23
3.0249919 	0.32989761 	7.9522777e-05 	1.6885331e-23
3.0257966 	0.30901713 	7.0502826e-05 	1.7766861e-23
3.026576 	0.28765584 	6.1956425e-05 	1.7792337e-23
3.0273308 	0.2659874 	5.3904346e-05 	0
3.0280619 	0.24420527 	4.636733e-05 	-2.2035119e-26
3.02877 	0.22250262 	3.9365711e-05 	1.0796893e-25
3.0294558 	0.20105249 	3.2918321e-05 	2.0697594e-27
3.03012 	0.17999393 	2.7041163e-05 	8.7400458e-24
3.0307633 	0.15942656 	2.174624e-05 	8.9343004e-24
3.0313863 	0.13941293 	1.7040799e-05 	7.5777107e-26
3.0319898 	0.11998543 	1.2927094e-05 	-8.1829652e-24
3.0325742 	0.10115471 	9.4025507e-06 	-8.2125004e-24
3.0331403 	0.082917291 	6.460108e-06 	7.66311e-24
3.0336885 	0.065261539 	4.0889175e-06 	7.6924135e-24
3.0342195 	0.048171664 	2.2755951e-06 	-7.2596405e-24
3.0347338 	0.031630211 	1.0063342e-06 	-2.3046257e-25
3.0352319 	0.015619422 	2.582877e-07 	7.035732e-24
3.0357122 	6.6571918e-05 	1.1008882e-09 	2.9992191e-26
