0.4481146 	0 	0 	0 	0 	0 	0
0.44853879 	1.1597541e-07 	-7.5378161e-12 	1.0926299e-27 	1.1591673e-07 	-1.5318433e-27 	1.1594608e-07
0.44897681 	3.2396575e-07 	-1.1237193e-10 	1.8351581e-26 	3.2309924e-07 	-2.2811056e-26 	3.2353253e-07
0.44942906 	1.3060875e-06 	-9.6202213e-10 	-8.83328e-26 	1.2987251e-06 	1.1347998e-25 	1.3024063e-06
0.44989599 	3.7851747e-06 	-4.964085e-09 	2.733458e-26 	3.7474642e-06 	-4.784341e-26 	3.7663192e-06
0.4503781 	8.8016802e-06 	-1.8514154e-08 	-2.9172864e-24 	8.6621027e-06 	3.9508269e-24 	8.7318913e-06
0.45087586 	1.7697262e-05 	-5.545173e-08 	2.0981397e-24 	1.7282519e-05 	-7.1047566e-24 	1.7489891e-05
0.4513898 	3.2156385e-05 	-1.4206429e-07 	3.6849738e-23 	3.1102553e-05 	-4.1057053e-23 	3.1629469e-05
0.45192042 	5.426251e-05 	-3.2402545e-07 	-7.1003962e-23 	5.1879301e-05 	1.0794129e-22 	5.3070906e-05
0.45246829 	8.6562005e-05 	-6.7564574e-07 	-1.4474561e-22 	8.1636259e-05 	1.1607691e-22 	8.4099134e-05
0.45303395 	0.00013212923 	-1.3116554e-06 	3.4530981e-22 	0.00012265366 	-5.1157854e-22 	0.00012739145
0.45361798 	0.00019462192 	-2.4012976e-06 	4.4570854e-22 	0.00017743863 	-3.6792068e-22 	0.00018603028
0.45422098 	0.00027830667 	-4.1835476e-06 	6.6017034e-23 	0.00024866599 	1.1202409e-22 	0.00026348636
0.45484357 	0.00038802236 	-6.9805714e-06 	-1.115219e-21 	0.00033908138 	2.1583497e-21 	0.00036355192
0.45548638 	0.00052903443 	-1.1203975e-05 	-1.082138e-22 	0.00045136174 	-1.2647013e-21 	0.00049019818
0.45615006 	0.00070672162 	-1.7345569e-05 	4.98062e-21 	0.00058793625 	-3.5639612e-21 	0.00064732909
0.45683531 	0.00092604535 	-2.5942919e-05 	-7.561183e-21 	0.00075078567 	1.1587952e-20 	0.00083841572
0.4575428 	0.0011907964 	-3.7513322e-05 	-8.5390052e-21 	0.00094125029 	5.0963787e-21 	0.0010660235
0.45827328 	0.0015027135 	-5.2461596e-05 	2.5827336e-21 	0.0011598814 	-7.4097106e-21 	0.0013312974
0.45902747 	0.001860701 	-7.0985494e-05 	9.4638754e-21 	0.0014063605 	-1.9958874e-20 	0.0016335303
0.45980616 	0.0022604601 	-9.3018495e-05 	4.6365563e-21 	0.0016794826 	1.0306152e-20 	0.0019699702
0.46061014 	0.0026947853 	-0.00011824614 	-3.0151201e-20 	0.0019771863 	1.2148894e-20 	0.0023359838
0.46144023 	0.0031545359 	-0.0001462006 	4.7226575e-20 	0.0022966288 	-6.233253e-20 	0.0027255798
0.46229727 	0.0036299897 	-0.00017639762 	5.0570329e-20 	0.0026343274 	-1.3000984e-21 	0.0031321558
0.46318214 	0.0041121376 	-0.00020846071 	-5.6147084e-20 	0.002986384 	1.0859804e-19 	0.0035492584
0.46409575 	0.0045935634 	-0.00024218989 	-9.6912769e-20 	0.0033487768 	3.8071122e-20 	0.0039711682
0.46503902 	0.0050687959 	-0.00027756785 	1.1401348e-20 	0.0037176607 	-1.1393946e-19 	0.0043932273
0.46601292 	0.0055342322 	-0.0003147234 	1.026604e-19 	0.0040896099 	-6.3319454e-20 	0.0048119211
0.46701845 	0.0059878158 	-0.00035387893 	2.8728856e-20 	0.0044617642 	3.8020562e-20 	0.0052247913
0.46805662 	0.0064286446 	-0.00039530233 	-1.3288048e-20 	0.0048318744 	9.9831117e-20 	0.0056302617
0.46912849 	0.0068566067 	-0.00043927145 	-1.3360335e-19 	0.0051982704 	2.6880568e-20 	0.0060274415
0.47023517 	0.0072720886 	-0.0004860533 	-2.7762962e-20 	0.0055597895 	-1.4225874e-19 	0.0064159419
0.47137778 	0.0076757623 	-0.00053589171 	1.6247572e-19 	0.0059156822 	-6.4504052e-20 	0.0067957245
0.47255748 	0.0080684427 	-0.00058900462 	1.0352174e-19 	0.0062655212 	1.4029811e-19 	0.007166985
0.47377548 	0.0084509996 	-0.00064558992 	-8.9038919e-20 	0.0066091247 	9.8396105e-20 	0.0075300657
0.47503301 	0.0088242972 	-0.00070582463 	-8.2146479e-20 	0.0069464879 	-7.4226842e-20 	0.0078853954
0.47633137 	0.0091891617 	-0.00076986633 	8.2338036e-20 	0.0072777263 	-5.729732e-20 	0.0082334468
0.47767188 	0.0095463641 	-0.00083786127 	8.3441764e-20 	0.0076030453 	1.0928796e-19 	0.0085747078
0.47905589 	0.0098966089 	-0.00090994458 	-1.2254655e-19 	0.0079227126 	4.0165047e-20 	0.0089096638
0.48048483 	0.010240542 	-0.00098624546 	-1.4800514e-19 	0.0082370256 	-1.0214386e-19 	0.0092387861
0.48196014 	0.010578747 	-0.001066887 	-3.1322204e-20 	0.0085463019 	-1.8202618e-19 	0.009562525
0.48348334 	0.010911737 	-0.0011519839 	2.7009363e-19 	0.0088508731 	9.0424405e-20 	0.0098813064
0.48505597 	0.011239978 	-0.0012416536 	6.0678679e-20 	0.0091510768 	2.0119249e-19 	0.01019553
0.48667964 	0.011563889 	-0.0013360134 	-2.2274136e-19 	0.009447246 	-9.4490562e-20 	0.010505569
0.48835599 	0.011883836 	-0.001435174 	3.3403882e-20 	0.009739708 	-4.4201197e-20 	0.010811773
0.49008674 	0.012200138 	-0.0015392435 	-4.8981221e-20 	0.010028785 	1.9570042e-20 	0.011114465
0.49187366 	0.012513086 	-0.0016483389 	-1.8647474e-19 	0.010314797 	-1.4251699e-19 	0.011413946
0.49371855 	0.012822934 	-0.0017625748 	1.1755148e-19 	0.01059806 	-9.2186685e-20 	0.011710498
0.4956233 	0.013129895 	-0.0018820532 	4.7908744e-19 	0.010878865 	2.8341043e-19 	0.012004381
0.49758984 	0.013434162 	-0.0020068878 	1.9069942e-19 	0.011157513 	2.0570469e-19 	0.012295838
0.49962018 	0.013735897 	-0.0021371893 	1.9078703e-19 	0.011434296 	2.3860844e-19 	0.012585096
0.50171638 	0.014035238 	-0.0022730616 	-3.8405969e-19 	0.01170949 	-2.9430078e-20 	0.012872366
0.50388058 	0.014332307 	-0.0024146162 	-7.7070231e-19 	0.011983378 	-6.3605744e-19 	0.013157845
0.50611498 	0.014627198 	-0.0025619575 	4.7245114e-19 	0.012256236 	-2.7170384e-21 	0.013441719
0.50842185 	0.014919983 	-0.0027151843 	5.3873363e-19 	0.012528333 	4.8927101e-19 	0.013724161
0.51080353 	0.015210722 	-0.002874398 	-4.6509082e-19 	0.012799938 	-1.0292858e-19 	0.014005333
0.51326245 	0.015499462 	-0.0030396962 	-2.2604321e-19 	0.013071313 	-3.4252898e-19 	0.014285389
0.51580111 	0.015786219 	-0.0032111634 	7.3752101e-19 	0.013342723 	4.060944e-19 	0.014564472
0.51842208 	0.016071003 	-0.0033888839 	-1.0184391e-19 	0.013614427 	1.1135225e-19 	0.014842719
0.52112804 	0.016353819 	-0.0035729435 	-3.3844506e-19 	0.01388669 	-1.6882702e-19 	0.015120258
0.52392172 	0.016634641 	-0.0037634087 	-4.22052e-19 	0.014159774 	-2.6713694e-19 	0.015397211
0.52680597 	0.016913432 	-0.003960339 	-2.8822881e-19 	0.014433945 	-3.0846206e-19 	0.015673693
0.52978371 	0.017190157 	-0.0041637917 	4.1866093e-19 	0.014709462 	2.6628053e-19 	0.015949813
0.53285797 	0.01746475 	-0.0043738038 	-4.8294782e-19 	0.014986593 	-2.3866006e-19 	0.016225675
0.53603187 	0.017737137 	-0.0045904016 	9.559251e-20 	0.015265607 	-6.7993129e-20 	0.016501375
0.53930862 	0.018007248 	-0.0048136016 	4.1241627e-19 	0.015546761 	3.1151847e-19 	0.016777008
0.54269156 	0.018274981 	-0.0050433992 	-5.2066939e-19 	0.015830328 	-2.5179518e-19 	0.01705266
0.54618412 	0.018540225 	-0.0052797742 	7.8023114e-20 	0.016116591 	-1.1614291e-19 	0.017328414
0.54978982 	0.018802864 	-0.0055226844 	9.7089429e-19 	0.01640582 	5.9230848e-19 	0.017604346
0.55351233 	0.019062766 	-0.0057720638 	-7.9155977e-20 	0.016698284 	1.2848209e-19 	0.01788053
0.55735543 	0.019319797 	-0.0060278243 	-5.3790552e-19 	0.016994251 	-2.6828396e-19 	0.018157033
0.561323 	0.019573807 	-0.0062898525 	-5.3674121e-19 	0.017294001 	-3.2034721e-19 	0.018433917
0.56541906 	0.019824636 	-0.0065580074 	-4.7685304e-19 	0.017597822 	-3.8771901e-19 	0.018711238
0.56964776 	0.020072107 	-0.0068321009 	5.9569475e-19 	0.017905978 	2.8952527e-19 	0.018989047
0.57177618 	0.020191037 	-0.0069685022 	2.6815309e-19 	0.018058437 	1.5595462e-19 	0.019124742
0.57401366 	0.020316047 	-0.0071119768 	-7.8208258e-20 	0.018218721 	1.4696116e-20 	0.01926739
0.57852116 	0.02055627 	-0.0073973897 	2.1718432e-21 	0.018536322 	-2.568951e-21 	0.019546304
0.58317458 	0.020792576 	-0.0076879788 	-8.6111005e-21 	0.018859045 	-2.3186424e-21 	0.019825822
0.5879786 	0.021024778 	-0.0079834036 	2.0895095e-20 	0.019187141 	-4.0750886e-20 	0.020105968
0.5929381 	0.021252677 	-0.0082832533 	5.3995847e-19 	0.019520808 	3.5289584e-19 	0.020386755
0.59805807 	0.021476054 	-0.00858704 	-6.4522238e-19 	0.019860199 	-3.5204986e-19 	0.020668191
0.60334368 	0.021694773 	-0.0088943351 	7.6312421e-19 	0.020205637 	3.0652335e-19 	0.02095027
0.60880029 	0.021908904 	-0.0092049967 	6.1276022e-19 	0.020558054 	3.952749e-19 	0.021232976
0.61443337 	0.022118377 	-0.0095184391 	-2.962584e-20 	0.020917478 	2.1873817e-20 	0.021516283
0.62024863 	0.02232495 	-0.0098328711 	-2.6162015e-20 	0.021276925 	3.8334727e-20 	0.021800168
0.62625192 	0.022541926 	-0.010134056 	-6.5470352e-19 	0.021622428 	-3.3230424e-19 	0.022084933
0.63244929 	0.022792231 	-0.010369991 	1.3294368e-20 	0.021945213 	-4.2561437e-20 	0.022372086
0.63884698 	0.02308343 	-0.010530492 	9.8573767e-22 	0.02224544 	-9.5922325e-23 	0.02266425
0.64545143 	0.023399781 	-0.010669099 	9.273297e-21 	0.022530995 	9.2840702e-22 	0.022963397
0.65226929 	0.023725368 	-0.010811006 	-9.9527923e-22 	0.022816567 	-3.8650079e-22 	0.023270101
0.65930742 	0.024056072 	-0.010956514 	-2.8747119e-21 	0.023112508 	4.2350749e-21 	0.023584345
0.66657289 	0.024391513 	-0.011105631 	-1.0662957e-19 	0.023420339 	-7.6698184e-21 	0.023906034
0.67407299 	0.024730849 	-0.011258286 	-5.9811988e-19 	0.023739115 	-3.3954847e-19 	0.024235008
0.68181526 	0.025073359 	-0.011414386 	6.3831828e-19 	0.024068674 	2.3556582e-19 	0.02457103
0.68980747 	0.025418459 	-0.0115738 	1.3321871e-20 	0.024409071 	1.7275056e-19 	0.024913789
0.69805763 	0.025765518 	-0.01173635 	-1.0364981e-18 	0.024760219 	-4.3631814e-19 	0.025262894
0.70657401 	0.026113803 	-0.011901813 	5.709526e-20 	0.02512188 	-1.0288556e-19 	0.025617865
0.71536515 	0.026462488 	-0.012069912 	4.9092892e-19 	0.025493706 	1.6002142e-19 	0.025978122
0.72443983 	0.026810667 	-0.012240313 	4.5070614e-19 	0.025875233 	2.359051e-19 	0.026342974
0.73380715 	0.027157314 	-0.012412617 	-1.284802e-19 	0.02626586 	-6.7966954e-20 	0.02671161
0.74347646 	0.027501292 	-0.012586357 	5.3286166e-19 	0.02666484 	2.4110759e-19 	0.027083087
0.75345743 	0.027841346 	-0.012760992 	-4.4655726e-19 	0.027071251 	-1.2330045e-19 	0.027456317
0.76376001 	0.028176099 	-0.0129359 	1.871057e-19 	0.027483988 	-1.5422009e-20 	0.027830062
0.77439449 	0.028504041 	-0.013110378 	5.5085484e-19 	0.027901764 	2.8349219e-19 	0.028202917
0.78537146 	0.028823507 	-0.013283636 	-7.5411424e-19 	0.028323095 	-2.3265237e-19 	0.028573309
0.79670186 	0.029132687 	-0.013454793 	-1.260655e-19 	0.028746266 	-1.3649618e-19 	0.028939485
0.80839697 	0.029429635 	-0.01362288 	4.4531449e-19 	0.029169363 	4.3197346e-20 	0.029299506
0.8204684 	0.029712241 	-0.013786833 	1.0717074e-18 	0.029590257 	4.6318025e-19 	0.029651251
0.83292817 	0.029978243 	-0.0139455 	-1.0013767e-18 	0.030006587 	-1.1735971e-19 	0.029992408
0.84578863 	0.030225234 	-0.014097634 	-1.5436268e-18 	0.030415756 	-6.1674022e-19 	0.030320481
0.85906255 	0.030450677 	-0.014241908 	8.0339956e-19 	0.030814944 	1.2610471e-19 	0.030632793
0.87276307 	0.030651928 	-0.014376912 	2.8221063e-19 	0.031201109 	1.6263593e-19 	0.030926496
0.88690376 	0.030826247 	-0.014501163 	-2.4404354e-19 	0.03157098 	-6.5803624e-20 	0.031198583
0.9014986 	0.030970826 	-0.014613114 	8.0890232e-20 	0.031921064 	-1.8539439e-20 	0.031445904
0.91656202 	0.031082824 	-0.014711168 	2.8094604e-19 	0.032247649 	6.003788e-20 	0.031665182
0.93210888 	0.031159415 	-0.014793687 	2.1508721e-19 	0.032546785 	1.2213155e-19 	0.03185304
0.94815452 	0.031197838 	-0.014859005 	-5.4938576e-19 	0.032814253 	-1.2130296e-19 	0.032005996
0.96471474 	0.031195023 	-0.014905247 	2.6577055e-20 	0.033045216 	-2.9235309e-20 	0.032120073
0.98180582 	0.031147356 	-0.014930299 	-6.5946901e-20 	0.033234298 	-2.2119862e-20 	0.032190755
0.99944458 	0.031053415 	-0.014933174 	-1.0418085e-20 	0.033378662 	-2.2014317e-20 	0.032215942
1.0176483 	0.030912019 	-0.014913002 	3.1952665e-19 	0.033475665 	8.4210533e-20 	0.032193744
1.0364349 	0.03072 	-0.014867891 	-1.154163e-20 	0.033520225 	2.0862366e-20 	0.03212002
1.0558227 	0.030474946 	-0.014796275 	-1.1288067e-19 	0.033507747 	-4.7576642e-20 	0.031991254
1.0758308 	0.030175573 	-0.014697135 	2.8174137e-19 	0.033434744 	5.8396686e-20 	0.03180507
1.0964785 	0.0298203 	-0.014569336 	-1.7751521e-19 	0.033297461 	-1.0387238e-21 	0.031558791
1.1177862 	0.029407709 	-0.014411882 	-6.575497e-20 	0.033092546 	-4.7881945e-20 	0.031250034
1.1397745 	0.028937578 	-0.014224433 	6.3228172e-19 	0.032818306 	1.1333959e-19 	0.030877848
1.1624649 	0.028409924 	-0.014006832 	-2.2552195e-20 	0.032473673 	4.104837e-20 	0.030441709
1.1858794 	0.027825358 	-0.01375927 	-5.4647046e-19 	0.032058579 	-9.3846157e-20 	0.029941885
1.2100408 	0.027185261 	-0.013482359 	6.4489442e-21 	0.031574125 	-2.7467387e-20 	0.029379617
1.2349723 	0.026491871 	-0.013177178 	7.3240913e-20 	0.031022731 	1.0061387e-20 	0.028757233
1.2606983 	0.025748366 	-0.012845305 	5.9924162e-20 	0.030408217 	-9.0821912e-21 	0.028078228
1.2872435 	0.024958927 	-0.012488837 	5.1829907e-19 	0.029735814 	8.9575339e-20 	0.027347314
1.3146335 	0.02412876 	-0.012110377 	-2.8994524e-19 	0.029012143 	-1.4826519e-20 	0.026570403
1.3209788 	0.023934609 	-0.012021195 	-2.8556503e-19 	0.028840069 	-1.8350643e-20 	0.026387292
1.3428965 	0.023263683 	-0.011712651 	-2.7586912e-19 	0.028245072 	-3.2527785e-20 	0.025754333
1.3720585 	0.022371162 	-0.011299444 	-5.5785421e-19 	0.027443487 	-7.6351882e-20 	0.024907282
1.4021469 	0.021459025 	-0.010874631 	-2.8150217e-20 	0.026617001 	-3.9268073e-20 	0.024037971
1.4331904 	0.020535389 	-0.010442119 	7.5444186e-19 	0.025775502 	7.1289813e-20 	0.023155403
1.4652188 	0.019608481 	-0.010005798 	2.3992528e-19 	0.024928626 	3.2931737e-20 	0.022268511
1.4982627 	0.018686313 	-0.0095693659 	4.1140047e-21 	0.024085156 	2.4616985e-20 	0.021385693
1.5323536 	0.017776352 	-0.0091361684 	-5.2681446e-19 	0.023252412 	-3.2707836e-20 	0.020514337
1.567524 	0.016885167 	-0.0087090609 	-5.2815209e-19 	0.022435651 	-6.9042868e-20 	0.019660384
1.6038071 	0.016018199 	-0.0082903141 	3.4929482e-19 	0.021637727 	7.6512116e-21 	0.018827979
1.6412376 	0.015179607 	-0.0078814716 	8.1117258e-19 	0.020859564 	8.3764203e-20 	0.018019295
1.6798508 	0.014371296 	-0.0074835778 	-2.7591559e-19 	0.020098418 	1.1741903e-21 	0.017234616
1.7196831 	0.01359903 	-0.0070992787 	-4.0468665e-19 	0.019344778 	-4.2971898e-20 	0.0164726
1.7607723 	0.012874888 	-0.0067337378 	2.5697428e-19 	0.018596576 	1.0934485e-20 	0.015736204
1.8018234 	0.012200788 	-0.0063899277 	1.7227929e-19 	0.017878292 	2.3054673e-20 	0.01503901
1.8415466 	0.011566384 	-0.0060652155 	-4.9367896e-19 	0.017219728 	-2.8711067e-20 	0.014392699
1.8799862 	0.01096651 	-0.0057562021 	-3.4394915e-20 	0.016627832 	-2.4466813e-20 	0.013797073
1.9171847 	0.01040178 	-0.0054620674 	8.3130384e-19 	0.016095142 	5.4602174e-20 	0.013248316
1.9531836 	0.0098752432 	-0.0051841646 	-2.0493174e-19 	0.015613446 	4.134254e-21 	0.012744527
1.9880224 	0.0093960453 	-0.0049175228 	-1.745612e-19 	0.015172702 	-1.3863267e-20 	0.012284115
2.0217396 	0.0089923266 	-0.0046175667 	8.8439795e-20 	0.014729991 	1.5232983e-21 	0.011861322
2.0543721 	0.0086581978 	-0.0042996898 	5.5339426e-20 	0.014273632 	-3.8129675e-21 	0.011466521
2.0859558 	0.0083594674 	-0.0040143159 	4.9012001e-19 	0.01382631 	2.5089419e-20 	0.0110926
2.116525 	0.0080872098 	-0.0037487896 	-4.4441906e-20 	0.01338608 	1.7416983e-20 	0.010736421
2.13776 	0.0079066941 	-0.0035664081 	-5.8866429e-19 	0.013078049 	-2.4598113e-20 	0.010492322
2.1461135 	0.0078357541 	-0.003494655 	-7.9128404e-19 	0.012956792 	-4.0645467e-20 	0.010396291
2.1747538 	0.0076017389 	-0.0032502037 	1.9820631e-19 	0.012540331 	-9.890115e-21 	0.010071032
2.2024761 	0.0073826894 	-0.0030138453 	4.3267024e-19 	0.012136969 	2.140589e-20 	0.00975983
2.2293103 	0.0071768508 	-0.002784512 	9.4469561e-21 	0.011747279 	9.9645993e-21 	0.0094620715
2.2552856 	0.0069829242 	-0.0025616462 	-2.296316e-19 	0.011371624 	-4.0270151e-21 	0.0091772818
2.2804299 	0.0068001348 	-0.0023447445 	-2.9226576e-19 	0.011009975 	-1.4418406e-20 	0.0089050523
2.3047701 	0.0066275954 	-0.0021337085 	-3.8712784e-20 	0.010662466 	-6.4880945e-21 	0.0086450175
2.3283326 	0.0064643757 	-0.0019287105 	6.7246349e-21 	0.010329384 	3.2896671e-21 	0.0083968665
2.3511425 	0.0063101454 	-0.001729593 	-2.0691844e-19 	0.01001049 	-1.1182034e-20 	0.0081603149
2.3732242 	0.0061646808 	-0.00153631 	2.3017943e-19 	0.009705465 	-3.6471253e-21 	0.0079350717
2.3946014 	0.0060276551 	-0.0013488949 	4.0784035e-19 	0.0094140393 	2.7461336e-20 	0.0077208473
2.4152968 	0.0058987798 	-0.0011673154 	-5.2102685e-19 	0.0091359436 	-4.5485615e-21 	0.0075173641
2.4353325 	0.0057777897 	-0.00099154048 	-2.4676031e-19 	0.0088709204 	-2.0420336e-20 	0.0073243567
2.4547298 	0.0056644311 	-0.00082154222 	1.5105265e-19 	0.0086187081 	5.333841e-21 	0.0071415733
2.4735093 	0.0055584972 	-0.00065722735 	-2.4830567e-19 	0.0083790537 	-1.5180674e-21 	0.0069687767
2.4916909 	0.0054597714 	-0.00049846744 	-1.2902296e-19 	0.0081517149 	-1.3698029e-20 	0.0068057442
2.509294 	0.0053680758 	-0.00034516408 	2.4966589e-19 	0.0079364614 	2.553805e-21 	0.0066522685
2.526337 	0.0052832411 	-0.00019721595 	9.765675e-20 	0.007733077 	1.3988836e-20 	0.0065081575
2.542838 	0.0052051199 	-5.4460679e-05 	-2.5906452e-19 	0.0075413566 	-7.2704605e-21 	0.0063732338
2.5588145 	0.0051335618 	8.3255312e-05 	1.1711251e-19 	0.0073611066 	-1.0577339e-20 	0.0062473333
2.5742833 	0.0050684591 	0.00021608102 	3.3725125e-19 	0.0071921429 	1.3869914e-20 	0.0061303038
2.5892607 	0.0050097195 	0.00034416906 	-1.2086179e-19 	0.0070342876 	7.4371521e-21 	0.0060220032
2.6037624 	0.0049572203 	0.00046766091 	-1.0416399e-19 	0.0068873675 	-8.3518827e-21 	0.0059222971
2.6178038 	0.0049108984 	0.00058673566 	1.1542988e-19 	0.0067512108 	3.4774068e-21 	0.0058310562
2.6313994 	0.0048706588 	0.00070156476 	-1.1753941e-19 	0.0066256432 	1.46602e-21 	0.0057481535
2.6445637 	0.0048364311 	0.00081225615 	-4.1939314e-20 	0.0065104849 	-4.0464069e-21 	0.0056734606
2.6573104 	0.0048081522 	0.00091896049 	4.6467557e-21 	0.0064055482 	-5.0419119e-21 	0.0056068448
2.6696528 	0.0047857083 	0.0010218626 	1.4123158e-19 	0.0063106331 	2.9344364e-21 	0.0055481653
2.6816039 	0.0047690207 	0.0011210621 	5.5697227e-21 	0.0062255233 	6.0989112e-21 	0.0054972694
2.6931762 	0.0047579979 	0.0012166759 	-6.8329197e-20 	0.0061499836 	-4.3773084e-21 	0.0054539891
2.7043818 	0.0047525223 	0.0013088602 	9.5611388e-20 	0.006083756 	9.9941635e-22 	0.0054181379
2.7152323 	0.0047524601 	0.0013976996 	-3.2291084e-20 	0.0060265586 	2.351786e-21 	0.0053895077
2.7257392 	0.0047576507 	0.0014832847 	-4.5368212e-21 	0.0059780863 	1.3944592e-22 	0.0053678672
2.7359133 	0.0047679499 	0.0015657305 	-3.2223036e-20 	0.0059380415 	-7.8172326e-22 	0.0053529949
2.7457652 	0.0047832691 	0.0016451271 	8.0465905e-22 	0.005906194 	-4.2394587e-21 	0.0053447319
2.7553053 	0.004803204 	0.0017215189 	8.9262654e-20 	0.0058819458 	1.5784552e-21 	0.0053425764
2.7645435 	0.0048273746 	0.0017949603 	7.6841074e-22 	0.0058647296 	5.2730182e-21 	0.0053460543
2.7734893 	0.004855634 	0.0018655101 	-5.8577677e-20 	0.0058542532 	-4.5529203e-21 	0.0053549439
2.782152 	0.0048876618 	0.0019332012 	8.9265414e-20 	0.0058500447 	5.2473497e-24 	0.0053688531
2.7905408 	0.0049231206 	0.0019980871 	-1.6982881e-20 	0.0058516056 	5.3784145e-21 	0.0053873629
2.7986642 	0.0049616558 	0.0020601982 	-5.849063e-20 	0.0058584174 	9.0424221e-22 	0.0054100345
2.8065307 	0.0050028828 	0.0021195419 	-5.8435734e-20 	0.0058699491 	-2.2569982e-21 	0.0054364131
2.8141485 	0.0050464088 	0.0021761303 	-1.9424683e-20 	0.0058856603 	-6.109301e-21 	0.005466033
2.8215254 	0.0050918382 	0.0022299867 	8.0063762e-20 	0.0059050063 	4.3614429e-22 	0.005498422
2.8286692 	0.0051387698 	0.0022811169 	8.3768958e-22 	0.0059274438 	3.1929578e-21 	0.0055331064
2.8355872 	0.0051867967 	0.0023295257 	1.1176853e-21 	0.0059524364 	1.8224508e-21 	0.0055696166
2.8422866 	0.0052355229 	0.002375231 	-3.828517e-20 	0.0059794595 	-8.5748207e-22 	0.005607491
2.8487743 	0.0052845601 	0.0024182486 	8.1093261e-21 	0.006008004 	-4.7494957e-21 	0.0056462818
2.8550571 	0.0053335349 	0.0024585931 	6.7452904e-20 	0.0060375812 	1.5995566e-21 	0.005685558
2.8611414 	0.0053820931 	0.0024962847 	-7.3692082e-21 	0.0060677274 	4.383843e-21 	0.0057249103
2.8670335 	0.0054299011 	0.0025313484 	-2.9785185e-20 	0.0060980061 	-1.0340143e-21 	0.0057639535
2.8727395 	0.0054766487 	0.0025638155 	6.3126246e-21 	0.0061280107 	-1.3464495e-21 	0.0058023296
2.8782654 	0.0055220526 	0.0025937276 	1.0491523e-21 	0.0061573673 	-1.2742096e-21 	0.00583971
2.8836168 	0.0055658573 	0.0026211296 	3.0781992e-20 	0.0061857359 	3.5688219e-22 	0.0058757965
2.8887992 	0.005607835 	0.0026460701 	1.0845942e-21 	0.0062128103 	1.8342484e-21 	0.0059103226
2.893818 	0.0056477871 	0.0026686088 	-6.1595476e-21 	0.0062383194 	2.3028687e-22 	0.0059430534
2.8986784 	0.0056855434 	0.0026888119 	-5.0982438e-21 	0.0062620257 	-5.8871451e-22 	0.0059737847
2.9033854 	0.0057209604 	0.0027067481 	4.664062e-21 	0.0062837244 	-7.505572e-22 	0.0060023422
2.9079439 	0.0057539216 	0.0027224932 	9.9034421e-21 	0.0063032438 	3.782831e-21 	0.0060285828
2.9123585 	0.0057843368 	0.0027361304 	-6.2086293e-20 	0.0063204413 	6.5833807e-23 	0.0060523893
2.9166338 	0.0058121353 	0.0027477473 	-4.568519e-21 	0.0063351993 	-4.9389025e-21 	0.0060736673
2.9207742 	0.0058372661 	0.0027574346 	2.8652517e-20 	0.0063474269 	-3.1662033e-21 	0.0060923465
2.924784 	0.0058596991 	0.002765285 	5.5821344e-20 	0.0063570588 	2.8843433e-21 	0.006108379
2.9286673 	0.0058794221 	0.0027713934 	-1.3707222e-20 	0.0063640523 	7.3435229e-21 	0.0061217372
2.9324281 	0.0058964378 	0.0027758576 	-7.3645274e-20 	0.0063683849 	-3.147201e-21 	0.0061324114
2.9360703 	0.0059107629 	0.0027787746 	2.7560083e-20 	0.0063700515 	-5.7985664e-21 	0.0061404073
2.9395976 	0.0059224151 	0.0027802357 	3.0790681e-20 	0.0063690515 	3.4511094e-21 	0.0061457334
2.9430137 	0.005931426 	0.0027803355 	-2.5227053e-20 	0.0063654037 	3.3538866e-21 	0.0061484149
2.946322 	0.005937859 	0.0027791727 	-2.8247638e-20 	0.006359164 	-2.6103369e-21 	0.0061485116
2.949526 	0.0059417659 	0.0027768347 	1.3281191e-20 	0.0063503783 	-2.5216033e-21 	0.0061460722
2.952629 	0.0059431861 	0.0027734036 	1.4450579e-20 	0.0063390835 	1.0430275e-21 	0.0061411349
2.9556341 	0.0059421708 	0.0027689635 	-1.5156832e-21 	0.0063253321 	3.9809664e-23 	0.0061337515
2.9585445 	0.0059387705 	0.0027635923 	1.2206893e-20 	0.0063091788 	2.9631052e-23 	0.0061239747
2.9613632 	0.0059330341 	0.0027573587 	-2.7447186e-22 	0.006290679 	7.9229244e-22 	0.0061118566
2.964093 	0.0059250064 	0.0027503246 	-3.2254915e-22 	0.0062698868 	-9.1330405e-22 	0.0060974467
2.9667367 	0.0059147271 	0.0027425482 	1.2134876e-20 	0.0062468537 	1.8310784e-21 	0.0060807905
2.9692971 	0.0059022295 	0.0027340788 	-2.3547063e-20 	0.0062216262 	6.7605344e-22 	0.0060619279
2.9717768 	0.0058875389 	0.0027249578 	-5.9500524e-22 	0.0061942446 	-1.6501942e-21 	0.0060408918
2.9741784 	0.0058706715 	0.0027152168 	4.132211e-22 	0.0061647419 	-7.0099888e-23 	0.0060177066
2.9765042 	0.0058516325 	0.0027048764 	2.4701351e-22 	0.0061331411 	-1.7712718e-21 	0.0059923868
2.9787568 	0.0058304158 	0.0026939481 	2.2062369e-20 	0.0060994546 	1.1301869e-21 	0.0059649352
2.9809383 	0.0058070014 	0.0026824326 	-1.1309277e-20 	0.0060636817 	2.4351932e-21 	0.0059353416
2.9830511 	0.0057813544 	0.00267032 	-1.0158031e-20 	0.0060258074 	-4.9208964e-22 	0.0059035809
2.9850974 	0.005753423 	0.0026575851 	-4.9247283e-21 	0.0059858004 	-7.8727808e-22 	0.0058696118
2.9870791 	0.0057231377 	0.0026441886 	-5.9017633e-22 	0.0059436109 	-8.3082852e-22 	0.0058333743
2.9889984 	0.0056904082 	0.0026300797 	4.6062731e-21 	0.0058991688 	-3.2673299e-23 	0.0057947885
2.9908573 	0.0056551221 	0.0026151901 	1.9315556e-22 	0.0058523813 	3.5702871e-22 	0.0057537518
2.9926575 	0.0056171427 	0.0025994341 	3.1525263e-22 	0.0058031307 	2.3585008e-23 	0.0057101367
2.9944011 	0.0055763059 	0.0025827093 	2.352499e-23 	0.0057512717 	3.3873557e-23 	0.0056637888
2.9960897 	0.0055324188 	0.0025648931 	-2.1878167e-23 	0.0056966288 	4.5709828e-22 	0.0056145238
2.9977251 	0.0054852562 	0.0025458419 	-4.0101507e-21 	0.0056389933 	-9.0066607e-22 	0.0055621248
2.999309 	0.005434558 	0.002525389 	7.2118455e-21 	0.0055781206 	-8.0465523e-22 	0.0055063393
3.000843 	0.0053800263 	0.0025033435 	3.9225298e-21 	0.0055137269 	2.5573647e-21 	0.0054468768
3.0023287 	0.0053213228 	0.0024794881 	-1.3992641e-20 	0.0054454874 	-1.1447111e-22 	0.0053834053
3.0037676 	0.0052580656 	0.0024535778 	2.9238743e-21 	0.0053730346 	-1.993076e-21 	0.0053155488
3.0051611 	0.0051898275 	0.0024253368 	3.6518605e-21 	0.0052959534 	1.2014988e-21 	0.0052428852
3.0065108 	0.0051161278 	0.002395185 	-5.6850587e-21 	0.0052137595 	-3.7560615e-23 	0.0051649443
3.0078179 	0.0050364531 	0.0023609488 	2.6711445e-21 	0.0051257706 	-8.8134984e-22 	0.0050811218
3.0090839 	0.0049500724 	0.0023202836 	1.252173e-21 	0.0050311471 	3.4265122e-22 	0.0049906124
3.01031 	0.0048559613 	0.0022747287 	3.7183919e-23 	0.00492906 	-3.5623241e-23 	0.0048925063
3.0114975 	0.0047530924 	0.0022252006 	1.1570299e-21 	0.0048186766 	-1.5927961e-22 	0.0047858823
3.0126476 	0.0046405316 	0.0021712741 	8.6968181e-22 	0.0046991189 	-1.8791296e-23 	0.0046698248
3.0137614 	0.0045173759 	0.0021125349 	9.5610146e-22 	0.0045694811 	3.2531078e-22 	0.0045434285
3.0148402 	0.0043827567 	0.0020485754 	-7.7216021e-22 	0.0044288768 	3.3872289e-22 	0.0044058167
3.015885 	0.0042358632 	0.0019790146 	-8.2665771e-22 	0.0042764757 	-1.4693182e-22 	0.0042561694
3.0168969 	0.0040759793 	0.0019035155 	-4.8757894e-24 	0.004111542 	-1.5487493e-22 	0.0040937606
3.017877 	0.0039025317 	0.0018218075 	1.2881726e-23 	0.0039334826 	-1.5124516e-22 	0.0039180071
3.0188261 	0.0037151473 	0.0017337128 	5.1343306e-22 	0.0037419046 	-1.3241389e-22 	0.0037285258
3.0197454 	0.0035137189 	0.0016391774 	4.6215251e-22 	0.0035366806 	2.5985195e-22 	0.0035251993
3.0206357 	0.0032984655 	0.0015382988 	-4.2540809e-22 	0.0033180068 	1.1748396e-22 	0.0033082362
3.021498 	0.0030699255 	0.0014303171 	-6.4067711e-23 	0.0030863844 	-1.6702139e-22 	0.0030781556
3.0223332 	0.0028287724 	0.0013090912 	1.6980374e-22 	0.0028424043 	9.5099782e-23 	0.0028355883
3.023142 	0.0025762648 	0.0011755783 	-2.577327e-22 	0.002587333 	9.339003e-23 	0.0025817986
3.0239254 	0.0023149506 	0.0010364697 	-1.1136436e-22 	0.0023237738 	-1.1269326e-22 	0.0023193622
3.0246841 	0.0020486237 	0.00089377462 	6.9649013e-23 	0.0020555053 	-4.0038757e-23 	0.0020520645
3.0254189 	0.0017821238 	0.00075106867 	1.6286715e-23 	0.0017873579 	5.5460083e-23 	0.0017847408
3.0261306 	0.0015211234 	0.00061267675 	-5.3259354e-23 	0.0015249921 	2.5957774e-23 	0.0015230577
3.0268199 	0.0012716957 	0.00048326162 	-2.7733727e-23 	0.0012744639 	1.4962652e-24 	0.0012730798
3.0274874 	0.0010397002 	0.00036719043 	-2.5511023e-23 	0.0010416104 	-1.1042689e-23 	0.0010406553
3.028134 	0.00083009951 	0.00026781867 	6.9422398e-25 	0.00083136587 	-1.9325572e-23 	0.00083073268
3.0287602 	0.00064637677 	0.00018691847 	9.2893025e-24 	0.00064718007 	-8.310082e-24 	0.00064677842
3.0293667 	0.00049021027 	0.00012445984 	8.1999693e-24 	0.00049069588 	3.5592801e-24 	0.00049045308
3.029954 	0.00036147891 	7.8816313e-05 	6.2240829e-26 	0.00036175741 	3.3647546e-24 	0.00036161817
3.0305229 	0.00025855487 	4.7290012e-05 	1.3360594e-25 	0.00025870558 	3.0999038e-26 	0.00025863023
3.0310739 	0.00017875979 	2.6745344e-05 	6.6100514e-27 	0.0001788362 	6.8499673e-25 	0.000178798
3.0316075 	0.00011884554 	1.4151724e-05 	-2.9410697e-25 	0.00011888149 	3.9526368e-25 	0.00011886352
3.0321244 	7.5400225e-05 	6.9288519e-06 	-1.8933129e-25 	7.5415718e-05 	-4.442389e-25 	7.5407972e-05
3.0326249 	4.5136701e-05 	3.0879148e-06 	1.2362747e-25 	4.5142697e-05 	-1.2326391e-25 	4.51397e-05
3.0331097 	2.5065673e-05 	1.2219845e-06 	9.2682621e-27 	2.5067698e-05 	6.3324341e-26 	2.5066686e-05
3.0335792 	1.2578686e-05 	4.1335768e-07 	-2.1865414e-27 	1.2579258e-05 	-1.4988429e-27 	1.2578972e-05
3.034034 	5.47218e-06 	1.12552e-07 	9.4903366e-28 	5.4723059e-06 	-1.2744404e-27 	5.4722429e-06
3.0344744 	1.942448e-06 	2.2446266e-08 	-1.2076211e-30 	1.9424673e-06 	2.5624417e-28 	1.9424577e-06
3.034901 	5.9760684e-07 	3.004848e-09 	3.1089737e-30 	5.9760863e-07 	1.3075832e-29 	5.9760774e-07
3.0353141 	8.5589829e-07 	5.6949728e-10 	-3.5486041e-31 	8.5589843e-07 	4.5023225e-31 	8.5589835e-07
3.0357143 	0 	0 	0 	0 	0 	0
