0.4481146 	0 	0 	0
0.44853879 	0.0041822548 	0.0032441352 	-6.4715545e-19
0.44897681 	0.0084320629 	0.0065407453 	-6.240241e-20
0.44942906 	0.012787481 	0.0099106291 	2.7450903e-19
0.44989599 	0.017248873 	0.013355498 	-4.9941589e-21
0.4503781 	0.021817221 	0.01687607 	8.035615e-20
0.45087586 	0.026493567 	0.020472661 	-4.7574449e-19
0.4513898 	0.031278739 	0.024145281 	1.8119071e-20
0.45192042 	0.036173056 	0.027893553 	6.6351914e-19
0.45246829 	0.041175981 	0.031716431 	-6.1594485e-19
0.45303395 	0.046285589 	0.035611768 	-6.097897e-19
0.45361798 	0.051497797 	0.039575722 	6.4556333e-19
0.45422098 	0.056805292 	0.043601936 	5.5471362e-19
0.45484357 	0.06219615 	0.047680469 	5.8125232e-19
0.45548638 	0.06765221 	0.051796554 	-4.9635313e-19
0.45615006 	0.073147353 	0.055929284 	5.0183631e-19
0.45683531 	0.078646157 	0.060050588 	8.8735283e-19
0.4575428 	0.0841035 	0.064124954 	-1.0857093e-18
0.45827328 	0.089465886 	0.068110483 	-4.8731027e-19
0.45902747 	0.094675054 	0.071961715 	-4.6514183e-19
0.45980616 	0.099673683 	0.075634051 	5.0514357e-19
0.46061014 	0.10441207 	0.079088933 	-4.4105785e-19
0.46144023 	0.10885399 	0.082298355 	-4.0883711e-19
0.46229727 	0.11297999 	0.085247377 	1.1389929e-18
0.46318214 	0.11678743 	0.08793413 	4.0514049e-19
0.46409575 	0.12028782 	0.090367696 	-5.7611491e-19
0.46503902 	0.12350272 	0.0925649 	-7.0270096e-19
0.46601292 	0.12645944 	0.094546999 	2.9247185e-19
0.46701845 	0.12918756 	0.096336939 	2.8302108e-19
0.46805662 	0.13171638 	0.097957395 	2.072474e-19
0.46912849 	0.13407341 	0.099429598 	-2.3402604e-19
0.47023517 	0.1362836 	0.10077273 	-3.4668258e-19
0.47137778 	0.13836908 	0.10200375 	1.8763559e-19
0.47255748 	0.14034918 	0.10313738 	3.0231284e-19
0.47377548 	0.14224067 	0.10418635 	1.2073331e-20
0.47503301 	0.14405806 	0.10516156 	-1.5794454e-19
0.47633137 	0.14581385 	0.10607235 	3.8057352e-20
0.47767188 	0.14751887 	0.1069267 	1.1287146e-19
0.47905589 	0.14918249 	0.10773145 	-6.0276572e-20
0.48048483 	0.15081286 	0.10849244 	-1.3685879e-19
0.48196014 	0.15241712 	0.10921472 	-6.5348e-20
0.48348334 	0.15400154 	0.10990261 	1.3829358e-19
0.48505597 	0.15557164 	0.11055986 	9.4980367e-20
0.48667964 	0.15713235 	0.1111897 	-1.094923e-19
0.48835599 	0.15868809 	0.11179494 	-1.3523062e-24
0.49008674 	0.16024284 	0.11237802 	-9.8417012e-21
0.49187366 	0.16180019 	0.11294107 	-7.3064258e-20
0.49371855 	0.16336343 	0.11348592 	6.348419e-21
0.4956233 	0.16493561 	0.11401421 	1.4526132e-19
0.49758984 	0.16651951 	0.11452733 	6.7453655e-20
0.49962018 	0.16811775 	0.11502651 	6.3183082e-20
0.50171638 	0.16973278 	0.11551283 	-5.8801704e-20
0.50388058 	0.17136692 	0.11598721 	-1.9584954e-19
0.50611498 	0.17302236 	0.11645045 	6.2551104e-20
0.50842185 	0.17470121 	0.11690325 	1.2836367e-19
0.51080353 	0.17640549 	0.11734619 	-7.2182282e-20
0.51326245 	0.17813717 	0.11777978 	-6.0627705e-20
0.51580111 	0.17989815 	0.11820442 	1.1534837e-19
0.51842208 	0.18169029 	0.11862044 	2.4283967e-21
0.52112804 	0.18351542 	0.11902813 	-4.887395e-20
0.52392172 	0.18537537 	0.11942766 	-5.2018443e-20
0.52680597 	0.18727193 	0.11981918 	-5.1686755e-20
0.52978371 	0.18920688 	0.12020275 	5.2094319e-20
0.53285797 	0.19118202 	0.1205784 	-4.9867622e-20
0.53603187 	0.19319914 	0.12094607 	1.5358872e-21
0.53930862 	0.19526005 	0.12130569 	5.0003527e-20
0.54269156 	0.1973666 	0.1216571 	-4.7520071e-20
0.54618412 	0.19952061 	0.12200011 	-4.8166009e-21
0.54978982 	0.20172399 	0.12233445 	8.9425152e-20
0.55351233 	0.20397863 	0.12265983 	2.02121e-21
0.55735543 	0.20628651 	0.12297588 	-4.4295892e-20
0.561323 	0.20864962 	0.12328221 	-4.310297e-20
0.56541906 	0.21107001 	0.12357834 	-4.485151e-20
0.56964776 	0.2135498 	0.12386375 	4.3314398e-20
0.57177618 	0.21478875 	0.12399742 	2.2807449e-20
0.57401366 	0.21609225 	0.12413887 	1.1180491e-21
0.57852116 	0.21869967 	0.12440309 	-9.9956198e-22
0.58317458 	0.22137336 	0.12465475 	6.4071576e-22
0.5879786 	0.22411569 	0.12489309 	-6.1546777e-22
0.5929381 	0.22692916 	0.12511729 	4.1025647e-20
0.59805807 	0.22981633 	0.12532647 	-4.1020633e-20
0.60334368 	0.23277985 	0.12551971 	4.1224924e-20
0.60880029 	0.23582254 	0.12569591 	4.085833e-20
0.61443337 	0.23894752 	0.12585363 	2.7629691e-22
0.62024863 	0.24215796 	0.12599172 	-2.6515453e-22
0.62625192 	0.24545893 	0.12611211 	-4.051162e-20
0.63244929 	0.24886692 	0.12622093 	-6.5979694e-24
0.63884698 	0.25241131 	0.1263264 	-7.5861642e-24
0.64545143 	0.25611653 	0.12643626 	6.6158508e-23
0.65226929 	0.2599949 	0.12655478 	-7.8778516e-23
0.65930742 	0.26405556 	0.12668219 	2.7235579e-23
0.66657289 	0.26830844 	0.12681748 	-5.9214566e-21
0.67407299 	0.27276365 	0.12695993 	-4.7699917e-20
0.68181526 	0.27743159 	0.12710879 	4.8809351e-20
0.68980747 	0.28232309 	0.12726313 	6.0874334e-21
0.69805763 	0.28744943 	0.12742181 	-8.1351616e-20
0.70657401 	0.29282237 	0.1275835 	7.6447878e-23
0.71536515 	0.29845401 	0.12774668 	4.1701255e-20
0.72443983 	0.30435687 	0.12790961 	4.1758306e-20
0.73380715 	0.31054371 	0.12807032 	-1.1931472e-20
0.74347646 	0.31702755 	0.12822662 	5.5227184e-20
0.75345743 	0.32382156 	0.12837606 	-4.3648864e-20
0.76376001 	0.33093894 	0.12851592 	1.633535e-20
0.77439449 	0.33839287 	0.12864326 	5.6568011e-20
0.78537146 	0.34619637 	0.12875483 	-7.6550083e-20
0.79670186 	0.35436219 	0.12884716 	-1.8263522e-20
0.80839697 	0.36290267 	0.12891649 	4.2204228e-20
0.8204684 	0.37182964 	0.12895882 	1.2378168e-19
0.83292817 	0.38115427 	0.12896989 	-1.0483181e-19
0.84578863 	0.39088692 	0.1289452 	-1.8263299e-19
0.85906255 	0.40103705 	0.12888002 	8.9874629e-20
0.87276307 	0.41161299 	0.12876943 	3.7394379e-20
0.88690376 	0.42262191 	0.12860835 	-2.7211363e-20
0.9014986 	0.43406959 	0.12839153 	7.4358167e-21
0.91656202 	0.44596033 	0.12811365 	3.3555073e-20
0.93210888 	0.45829681 	0.12776939 	2.9935411e-20
0.94815452 	0.47107993 	0.12735347 	-6.6345559e-20
0.96471474 	0.4843089 	0.12686083 	-7.0778559e-22
0.98180582 	0.49798118 	0.12628664 	-6.9035342e-21
0.99944458 	0.51209174 	0.12562632 	6.012936e-22
1.0176483 	0.52663194 	0.12487561 	4.0338547e-20
1.0364349 	0.54158987 	0.1240306 	-6.6162361e-22
1.0558227 	0.5569508 	0.12308789 	-1.5748779e-20
1.0758308 	0.57269683 	0.12204473 	3.4551069e-20
1.0964785 	0.58880642 	0.12089911 	-1.6739408e-20
1.1177862 	0.60525434 	0.11964974 	-1.0825949e-20
1.1397745 	0.62201129 	0.11829606 	7.1621286e-20
1.1624649 	0.63904344 	0.11683817 	-2.1104544e-21
1.1858794 	0.65631233 	0.11527678 	-6.1661399e-20
1.2100408 	0.67377482 	0.11361312 	4.7865651e-22
1.2349723 	0.69138317 	0.11184887 	8.1837064e-21
1.2606983 	0.70908527 	0.10998604 	4.6988132e-21
1.2872435 	0.72682495 	0.10802684 	5.4181309e-20
1.3146335 	0.74454259 	0.1059736 	-2.9737784e-20
1.3209788 	0.74850366 	0.10549343 	-2.9162917e-20
1.3428965 	0.76217909 	0.10382213 	-2.7818288e-20
1.3720585 	0.77966718 	0.1015795 	-5.3759887e-20
1.4021469 	0.79694169 	0.099249955 	-3.6830098e-21
1.4331904 	0.81393963 	0.096835744 	7.0774444e-20
1.4652188 	0.8306009 	0.094339038 	6.2152925e-20
1.4982627 	0.84687021 	0.091762058 	3.7273191e-20
1.5323536 	0.86269922 	0.08910723 	-4.3604538e-20
1.567524 	0.87804854 	0.086377405 	-4.3177216e-20
1.6038071 	0.89288918 	0.083576237 	2.7231135e-20
1.6412376 	0.90720319 	0.080708363 	6.1140578e-20
1.6798508 	0.92098256 	0.077778507 	-1.8613182e-20
1.7196831 	0.93422446 	0.074796928 	-2.8996327e-20
1.7607723 	0.94686171 	0.071806338 	1.7918709e-20
1.8018234 	0.95865435 	0.068895297 	9.7871576e-21
1.8415466 	0.96937546 	0.066132826 	-2.6717041e-20
1.8799862 	0.97900776 	0.063524098 	-4.7937057e-21
1.9171847 	0.98762115 	0.061054904 	4.3423044e-20
1.9531836 	0.99527364 	0.058721374 	-8.4244345e-21
1.9880224 	1.0020319 	0.05652359 	-8.3321391e-21
2.0217396 	1.0080254 	0.054447092 	2.999924e-21
2.0543721 	1.0134311 	0.052466809 	1.912289e-21
2.0859558 	1.0183747 	0.050571449 	1.9519797e-20
2.116525 	1.022913 	0.048763331 	-1.5881129e-21
2.13776 	1.0259053 	0.04752816 	-2.2966553e-20
2.1461135 	1.0270817 	0.047041407 	-3.0922228e-20
2.1747538 	1.0309103 	0.045400996 	7.6082185e-21
2.2024761 	1.0344227 	0.043839973 	1.6867185e-20
2.2293103 	1.0376389 	0.042354171 	7.6802979e-22
2.2552856 	1.040576 	0.040939288 	-9.1746588e-21
2.2804299 	1.0432489 	0.039591011 	-1.2144682e-20
2.3047701 	1.0456709 	0.038305109 	-1.7418554e-21
2.3283326 	1.0478535 	0.037077616 	2.7198561e-22
2.3511425 	1.0498066 	0.035904804 	-8.9538799e-21
2.3732242 	1.0515393 	0.034783148 	1.0574126e-20
2.3946014 	1.0530598 	0.03370938 	1.8311298e-20
2.4152968 	1.0543753 	0.032680497 	-2.4384695e-20
2.4353325 	1.0554924 	0.031693718 	-1.146833e-20
2.4547298 	1.0564165 	0.030746479 	7.122979e-21
2.4735093 	1.0571527 	0.029836411 	-1.252537e-20
2.4916909 	1.0577051 	0.028961329 	-6.5672256e-21
2.509294 	1.0580773 	0.02811921 	1.3755335e-20
2.526337 	1.0582723 	0.027308185 	5.2017547e-21
2.542838 	1.0582924 	0.026526517 	-1.5103664e-20
2.5588145 	1.0581396 	0.025772595 	7.2425746e-21
2.5742833 	1.0578152 	0.025044921 	2.116024e-20
2.5892607 	1.0573204 	0.024342098 	-8.1751533e-21
2.6037624 	1.0566557 	0.023662822 	-6.5911867e-21
2.6178038 	1.0558216 	0.023005877 	8.0674411e-21
2.6313994 	1.0548182 	0.022370123 	-9.0047014e-21
2.6445637 	1.0536454 	0.021754492 	-2.9901265e-21
2.6573104 	1.0523032 	0.021157984 	7.1672176e-23
2.6696528 	1.0507913 	0.02057966 	1.2387069e-20
2.6816039 	1.0491097 	0.020018636 	-2.37028e-22
2.6931762 	1.0472581 	0.019474081 	-5.7317228e-21
2.7043818 	1.0452369 	0.018945216 	8.984898e-21
2.7152323 	1.0430461 	0.018431305 	-3.1176896e-21
2.7257392 	1.0406865 	0.017931656 	-5.1651616e-22
2.7359133 	1.038159 	0.017445614 	-3.5210209e-21
2.7457652 	1.035465 	0.016972565 	1.7729589e-22
2.7553053 	1.0326062 	0.016511935 	1.0652947e-20
2.7645435 	1.0295848 	0.016063172 	-1.9580529e-22
2.7734893 	1.0264033 	0.015625761 	-7.4037185e-21
2.782152 	1.023065 	0.01519922 	1.2163757e-20
2.7905408 	1.0195734 	0.01478309 	-2.6110949e-21
2.7986642 	1.0159326 	0.014376942 	-7.9943669e-21
2.8065307 	1.0121469 	0.013980372 	-8.9190865e-21
2.8141485 	1.0082213 	0.013593 	-2.6304678e-21
2.8215254 	1.004161 	0.013214468 	1.2141903e-20
2.8286692 	0.99997143 	0.012844443 	1.5250934e-22
2.8355872 	0.99565842 	0.012482612 	1.9693465e-22
2.8422866 	0.9912279 	0.012128681 	-6.5233888e-21
2.8487743 	0.98668595 	0.011782376 	1.4768389e-21
2.8550571 	0.9820387 	0.011443444 	1.1874652e-20
2.8611414 	0.9772923 	0.011111649 	-1.374031e-21
2.8670335 	0.97245284 	0.010786769 	-5.3802446e-21
2.8727395 	0.9675263 	0.010468604 	1.1958106e-21
2.8782654 	0.96251848 	0.010156966 	1.4874517e-22
2.8836168 	0.95743497 	0.0098516812 	6.1006651e-21
2.8887992 	0.95228108 	0.0095525924 	1.0555224e-22
2.893818 	0.94706183 	0.0092595536 	-1.0155236e-21
2.8986784 	0.94178187 	0.0089724317 	-1.1349505e-21
2.9033854 	0.93644548 	0.0086911047 	1.0334527e-21
2.9079439 	0.93105655 	0.0084154608 	1.9751693e-21
2.9123585 	0.9256185 	0.0081453986 	-1.3361313e-20
2.9166338 	0.92013434 	0.0078808258 	-8.8220506e-22
2.9207742 	0.91460657 	0.0076216587 	6.2621494e-21
2.924784 	0.90903721 	0.0073678201 	1.2927846e-20
2.9286673 	0.9034278 	0.007119239 	-3.3123298e-21
2.9324281 	0.89777939 	0.00687585 	-1.7318227e-20
2.9360703 	0.8920925 	0.0066375923 	6.7055425e-21
2.9395976 	0.88636716 	0.0064044099 	7.5451272e-21
2.9430137 	0.8806029 	0.0061762496 	-6.4343986e-21
2.946322 	0.87479872 	0.0059530616 	-7.2673134e-21
2.949526 	0.86895316 	0.005734799 	3.5294462e-21
2.952629 	0.86306425 	0.0055214166 	3.8598623e-21
2.9556341 	0.85712948 	0.0053128708 	-4.1998261e-22
2.9585445 	0.85114589 	0.0051091192 	3.5659896e-21
2.9613632 	0.84510995 	0.0049101207 	-1.5926914e-22
2.964093 	0.83901768 	0.0047158346 	4.675602e-23
2.9667367 	0.83286455 	0.0045262207 	3.8501338e-21
2.9692971 	0.82664551 	0.0043412388 	-7.8196068e-21
2.9717768 	0.820355 	0.004160849 	7.5802129e-23
2.9741784 	0.8139869 	0.0039850114 	-1.5495787e-22
2.9765042 	0.80753452 	0.0038136857 	4.1122689e-22
2.9787568 	0.80099062 	0.0036468314 	8.325049e-21
2.9809383 	0.79434735 	0.0034844076 	-4.5378028e-21
2.9830511 	0.78759624 	0.0033263731 	-4.1810814e-21
2.9850974 	0.78072818 	0.0031726862 	-2.2447992e-21
2.9870791 	0.77373338 	0.0030233047 	-1.65823e-22
2.9889984 	0.76660133 	0.0028781858 	2.1962921e-21
2.9908573 	0.75932077 	0.0027372865 	1.1770247e-22
2.9926575 	0.75187967 	0.0026005627 	1.4880916e-22
2.9944011 	0.74426512 	0.0024679701 	3.1414543e-25
2.9960897 	0.73646336 	0.0023394637 	-1.6716463e-23
2.9977251 	0.72845967 	0.0022149975 	-2.8134269e-21
2.999309 	0.72023831 	0.0020945252 	5.655138e-21
3.000843 	0.71178252 	0.0019779996 	2.5796185e-21
3.0023287 	0.70307435 	0.0018653734 	-1.1825951e-20
3.0037676 	0.69409471 	0.0017565961 	3.2748126e-21
3.0051611 	0.68482321 	0.0016516083 	2.9307362e-21
3.0065108 	0.67523813 	0.0015503484 	-6.069419e-21
3.0078179 	0.66531036 	0.0014528277 	3.316219e-21
3.0090839 	0.65499736 	0.0013590437 	1.4571208e-21
3.01031 	0.64425375 	0.0012690119 	2.1380907e-22
3.0114975 	0.6330433 	0.0011827736 	1.8146289e-21
3.0126476 	0.62133675 	0.0011002759 	1.8720712e-21
3.0137614 	0.60910713 	0.0010214476 	2.0267755e-21
3.0148402 	0.59632838 	0.00094622031 	-2.0620047e-21
3.015885 	0.58297518 	0.00087452739 	-2.1638389e-21
3.0168969 	0.5690234 	0.00080630138 	9.7863754e-25
3.017877 	0.55445071 	0.00074147359 	3.3201126e-23
3.0188261 	0.53923741 	0.00067997396 	2.5276979e-21
3.0197454 	0.52336725 	0.00062173108 	2.3790288e-21
3.0206357 	0.5068278 	0.00056666963 	-2.7293783e-21
3.021498 	0.48960591 	0.00051472216 	7.8665216e-23
3.0223332 	0.47166861 	0.00046575945 	1.2812751e-21
3.023142 	0.45297081 	0.00041961878 	-2.8749803e-21
3.0239254 	0.43349879 	0.00037620275 	-1.4347587e-21
3.0246841 	0.4132767 	0.00033545451 	1.5764397e-21
3.0254189 	0.39235391 	0.00029733509 	1.4676853e-23
3.0261306 	0.37080825 	0.00026181302 	-1.5740191e-21
3.0268199 	0.34874654 	0.00022886197 	-1.6389555e-21
3.0274874 	0.32630096 	0.0001984556 	-1.6580653e-21
3.028134 	0.30362108 	0.00017056327 	-5.2360211e-23
3.0287602 	0.2808623 	0.00014514524 	1.6218076e-21
3.0293667 	0.25817327 	0.00012214869 	1.6169226e-21
3.029954 	0.23568497 	0.00010150503 	1.8625421e-23
3.0305229 	0.21350382 	8.3130864e-05 	2.2727388e-23
3.0310739 	0.19170941 	6.692972e-05 	3.8296486e-24
3.0316075 	0.17035629 	5.2794419e-05 	-1.4538945e-21
3.0321244 	0.14947806 	4.0612041e-05 	-3.8960736e-22
3.0326249 	0.12909247 	3.0267181e-05 	1.4070634e-21
3.0331097 	0.1092062 	2.1644378e-05 	1.0224408e-23
3.0335792 	0.089818733 	1.4628781e-05 	-1.1797272e-23
3.034034 	0.070925255 	9.1069349e-06 	3.1770554e-22
3.0344744 	0.052518595 	4.9792344e-06 	8.0047131e-23
3.034901 	0.034590428 	2.1856689e-06 	4.9486282e-24
3.0353141 	0.017131911 	7.7691958e-07 	-7.6823453e-23
3.0357143 	0 	0 	0
