/*--------------------------------*- C++ -*----------------------------------*\
| =========                 |                                                 |
| \\      /  F ield         | OpenFOAM: The Open Source CFD Toolbox           |
|  \\    /   O peration     | Version:  2.4.0                                 |
|   \\  /    A nd           | Web:      www.OpenFOAM.org                      |
|    \\/     M anipulation  |                                                 |
\*---------------------------------------------------------------------------*/
FoamFile
{
    version     2.0;
    format      ascii;
    class       cellSet;
    location    "constant/polyMesh/sets";
    object      inletCellZone;
}
// * * * * * * * * * * * * * * * * * * * * * * * * * * * * * * * * * * * * * //


580
(
0 
276480 
167940 
59400 
227340 
118800 
286740 
10260 
178200 
69660 
237600 
129060 
20520 
297000 
188460 
79920 
247860 
139320 
30780 
307260 
198720 
90180 
258120 
149580 
41040 
208980 
100440 
268380 
159840 
51300 
219240 
110700 
278640 
2160 
170100 
61560 
229500 
120960 
12420 
288900 
180360 
71820 
239760 
131220 
299160 
22680 
190620 
82080 
250020 
141480 
32940 
309420 
200880 
92340 
260280 
151740 
43200 
211140 
102600 
270540 
162000 
53460 
221400 
112860 
280800 
4320 
172260 
63720 
231660 
123120 
291060 
14580 
182520 
73980 
241920 
133380 
24840 
301320 
192780 
84240 
252180 
143640 
311580 
35100 
203040 
94500 
262440 
153900 
45360 
213300 
104760 
272700 
164160 
55620 
223560 
115020 
282960 
6480 
174420 
65880 
233820 
125280 
293220 
16740 
184680 
76140 
244080 
135540 
303480 
27000 
194940 
86400 
254340 
145800 
37260 
205200 
96660 
264600 
156060 
47520 
215460 
106920 
274860 
166320 
57780 
225720 
117180 
8640 
285120 
176580 
68040 
235980 
127440 
295380 
18900 
186840 
78300 
246240 
137700 
29160 
305640 
197100 
88560 
256500 
147960 
39420 
207360 
98820 
266760 
158220 
49680 
217620 
109080 
540 
277020 
168480 
59940 
227880 
119340 
10800 
287280 
178740 
70200 
238140 
129600 
21060 
297540 
189000 
80460 
248400 
139860 
307800 
31320 
199260 
90720 
258660 
150120 
41580 
209520 
100980 
268920 
160380 
51840 
219780 
111240 
2700 
279180 
170640 
62100 
230040 
121500 
12960 
289440 
180900 
72360 
240300 
131760 
23220 
299700 
191160 
82620 
250560 
142020 
33480 
309960 
201420 
92880 
260820 
152280 
43740 
211680 
103140 
271080 
162540 
54000 
221940 
113400 
4860 
281340 
172800 
64260 
232200 
123660 
15120 
291600 
183060 
74520 
242460 
133920 
25380 
301860 
193320 
84780 
252720 
144180 
35640 
312120 
203580 
95040 
262980 
154440 
45900 
213840 
105300 
273240 
164700 
56160 
224100 
115560 
283500 
7020 
174960 
66420 
234360 
125820 
17280 
293760 
185220 
76680 
244620 
136080 
27540 
304020 
195480 
86940 
254880 
146340 
37800 
205740 
97200 
265140 
156600 
48060 
216000 
107460 
275400 
166860 
58320 
226260 
117720 
285660 
9180 
177120 
68580 
236520 
127980 
295920 
19440 
187380 
78840 
246780 
138240 
306180 
29700 
197640 
89100 
257040 
148500 
39960 
207900 
99360 
267300 
158760 
50220 
218160 
109620 
1080 
277560 
169020 
60480 
228420 
119880 
287820 
11340 
179280 
70740 
238680 
130140 
298080 
21600 
189540 
81000 
248940 
140400 
308340 
31860 
199800 
91260 
259200 
150660 
42120 
210060 
101520 
269460 
160920 
52380 
220320 
111780 
279720 
3240 
171180 
62640 
230580 
122040 
13500 
289980 
181440 
72900 
240840 
132300 
300240 
23760 
191700 
83160 
251100 
142560 
310500 
34020 
201960 
93420 
261360 
152820 
44280 
212220 
103680 
271620 
163080 
54540 
222480 
113940 
5400 
281880 
173340 
64800 
232740 
124200 
292140 
15660 
183600 
75060 
243000 
134460 
25920 
302400 
193860 
85320 
253260 
144720 
312660 
36180 
204120 
95580 
263520 
154980 
46440 
214380 
105840 
273780 
165240 
56700 
224640 
116100 
7560 
284040 
175500 
66960 
234900 
126360 
17820 
294300 
185760 
77220 
245160 
136620 
304560 
28080 
196020 
87480 
255420 
146880 
38340 
206280 
97740 
265680 
157140 
48600 
216540 
108000 
275940 
167400 
58860 
226800 
118260 
9720 
286200 
177660 
69120 
237060 
128520 
19980 
296460 
187920 
79380 
247320 
138780 
30240 
306720 
198180 
89640 
257580 
149040 
40500 
208440 
99900 
267840 
159300 
50760 
218700 
110160 
1620 
278100 
169560 
61020 
228960 
120420 
288360 
11880 
179820 
71280 
239220 
130680 
22140 
298620 
190080 
81540 
249480 
140940 
32400 
308880 
200340 
91800 
259740 
151200 
42660 
210600 
102060 
270000 
161460 
52920 
220860 
112320 
280260 
3780 
171720 
63180 
231120 
122580 
14040 
290520 
181980 
73440 
241380 
132840 
300780 
24300 
192240 
83700 
251640 
143100 
34560 
311040 
202500 
93960 
261900 
153360 
44820 
212760 
104220 
272160 
163620 
55080 
223020 
114480 
282420 
5940 
173880 
65340 
233280 
124740 
292680 
16200 
184140 
75600 
243540 
135000 
26460 
302940 
194400 
85860 
253800 
145260 
36720 
204660 
96120 
264060 
155520 
46980 
214920 
106380 
274320 
165780 
57240 
225180 
116640 
284580 
8100 
176040 
67500 
235440 
126900 
18360 
294840 
186300 
77760 
245700 
137160 
305100 
28620 
196560 
88020 
255960 
147420 
38880 
206820 
98280 
266220 
157680 
49140 
217080 
108540 
)

// ************************************************************************* //
