1.001 	0.000511025 	7.53591e-08 	-6.5607e-25
1.00305 	0.00163409 	1.51168e-06 	6.04599e-24
1.00519 	0.00297464 	6.59044e-06 	-7.81688e-24
1.00743 	0.00455037 	1.75374e-05 	-2.14809e-23
1.00978 	0.00634515 	3.64308e-05 	7.47265e-24
1.01224 	0.00829224 	6.46444e-05 	1.42544e-23
1.01481 	0.0102755 	0.000102376 	-3.22323e-25
1.0175 	0.0121663 	0.000148489 	-4.08203e-25
1.02032 	0.0138666 	0.000200864 	-3.85905e-25
1.02326 	0.0153257 	0.000256957 	-7.75656e-26
1.02634 	0.0165338 	0.0003143 	5.8178e-24
1.02956 	0.017509 	0.000370899 	6.71426e-24
1.03293 	0.0182847 	0.000425444 	-3.73695e-24
1.03645 	0.0188994 	0.000477275 	-7.9841e-24
1.04013 	0.0193892 	0.000526218 	-3.96643e-24
1.04398 	0.0197844 	0.000572388 	2.16525e-24
1.048 	0.020109 	0.000616043 	7.09986e-24
1.0522 	0.0203812 	0.000657485 	4.7535e-24
1.05659 	0.0206142 	0.000697013 	-3.20726e-24
1.06118 	0.020818 	0.000734893 	-3.67482e-24
1.06596 	0.0209999 	0.000771359 	-2.8796e-26
1.07096 	0.0211653 	0.000806604 	-2.51186e-24
1.07618 	0.0213183 	0.000840789 	-2.64776e-24
1.08162 	0.021462 	0.000874044 	2.65321e-24
1.0873 	0.0215988 	0.000906471 	2.79531e-24
1.09322 	0.0217306 	0.000938149 	-5.40886e-25
1.09939 	0.0218588 	0.000969141 	-4.57394e-25
1.10583 	0.0219847 	0.000999493 	2.55857e-25
1.11254 	0.022109 	0.00102924 	2.19131e-25
1.11953 	0.0222327 	0.00105839 	-1.83366e-25
1.12681 	0.0223564 	0.00108697 	-1.87468e-25
1.13439 	0.0224804 	0.00111498 	-3.45572e-26
1.14228 	0.0226053 	0.00114241 	-9.61418e-26
1.15048 	0.0227313 	0.00116923 	2.71868e-26
1.15902 	0.0228588 	0.00119542 	1.19176e-25
1.1679 	0.0229879 	0.00122094 	2.01685e-26
1.17712 	0.0231189 	0.00124574 	-1.77238e-26
1.18671 	0.0232519 	0.00126975 	-2.42429e-26
1.19666 	0.023387 	0.00129291 	-2.88748e-26
1.20699 	0.0235244 	0.00131514 	2.19775e-26
1.2177 	0.0236642 	0.00133634 	2.89029e-26
1.22882 	0.0238066 	0.00135644 	-7.86895e-27
1.24034 	0.0239516 	0.00137533 	-1.62357e-26
1.25227 	0.0240995 	0.00139293 	-2.20061e-26
1.26462 	0.0242504 	0.00140916 	-7.0674e-27
1.27741 	0.0244043 	0.00142393 	2.54416e-26
1.29064 	0.0245616 	0.00143717 	3.49186e-27
1.3043 	0.0247223 	0.00144883 	-7.71194e-27
1.31843 	0.0248866 	0.00145887 	3.37937e-27
1.33301 	0.0250545 	0.00146727 	-3.10596e-27
1.34805 	0.0252262 	0.00147404 	-3.20686e-27
1.36356 	0.0254016 	0.00147918 	-2.09533e-28
1.37953 	0.0255808 	0.00148271 	-3.15167e-27
1.39599 	0.0257635 	0.00148467 	3.39259e-27
1.41291 	0.0259497 	0.00148511 	1.24178e-26
1.43032 	0.0261391 	0.00148406 	-6.0287e-27
1.44819 	0.0263314 	0.00148158 	-1.51804e-26
1.46654 	0.0265262 	0.00147773 	5.19453e-27
1.48537 	0.0267231 	0.00147255 	7.61268e-27
1.50465 	0.0269217 	0.00146608 	-3.75391e-27
1.5244 	0.0271213 	0.00145839 	-1.79682e-27
1.54461 	0.0273214 	0.00144952 	1.25521e-27
1.56526 	0.0275214 	0.00143951 	-2.49071e-27
1.58635 	0.0277208 	0.0014284 	1.62039e-26
1.60787 	0.0279187 	0.00141625 	1.91999e-26
1.6298 	0.0281146 	0.00140307 	-1.93883e-26
1.65213 	0.0283079 	0.00138891 	-2.19785e-26
1.67485 	0.0284978 	0.00137379 	2.97307e-26
1.69794 	0.028684 	0.00135775 	3.22231e-26
1.72138 	0.0288657 	0.00134081 	-6.23985e-26
1.74515 	0.0290424 	0.00132299 	-6.26335e-26
1.76923 	0.0292137 	0.00130432 	3.00019e-26
1.7936 	0.0293793 	0.00128481 	3.35167e-27
1.81824 	0.0295388 	0.0012645 	-2.6339e-26
1.84312 	0.029692 	0.0012434 	2.65548e-26
1.86822 	0.0298386 	0.00122155 	7.22038e-26
1.89351 	0.0299786 	0.00119898 	1.66898e-27
1.91896 	0.030112 	0.00117574 	-8.99611e-26
1.94455 	0.0302388 	0.00115187 	-1.74713e-27
1.97025 	0.030359 	0.00112743 	4.41178e-26
1.99603 	0.0304729 	0.00110247 	-2.30082e-29
2.02185 	0.0305805 	0.00107706 	-1.1344e-28
2.0477 	0.0306822 	0.00105127 	-1.10427e-28
2.07354 	0.030778 	0.00102517 	3.14022e-26
2.09934 	0.0308683 	0.000998833 	3.12291e-26
2.12507 	0.0309531 	0.000972342 	-3.18587e-26
2.1507 	0.0310328 	0.000945768 	-4.44159e-27
2.17621 	0.0311074 	0.000919183 	2.7004e-26
2.20157 	0.0311772 	0.000892659 	-2.76722e-26
2.22674 	0.0312423 	0.000866258 	-2.75311e-26
2.25171 	0.0313026 	0.000840042 	-1.13221e-26
2.27644 	0.0313585 	0.000814065 	-1.10881e-26
2.30092 	0.0314097 	0.000788374 	1.14596e-26
2.32512 	0.0314565 	0.000763012 	2.08361e-26
2.34901 	0.0314987 	0.000738015 	1.39455e-26
2.37258 	0.0315363 	0.000713415 	-1.08151e-27
2.39581 	0.0315691 	0.000689235 	-1.02626e-26
2.41867 	0.0315972 	0.000665498 	-1.14107e-26
2.44115 	0.0316204 	0.000642218 	-6.46476e-27
2.46324 	0.0316385 	0.000619408 	2.18337e-27
2.48492 	0.0316513 	0.000597077 	2.01787e-27
2.50617 	0.0316586 	0.000575229 	2.53108e-30
2.52699 	0.0316602 	0.000553869 	-5.79797e-28
2.54737 	0.0316556 	0.000532994 	-5.69358e-28
2.5673 	0.0316445 	0.000512605 	1.21726e-27
2.58677 	0.0316266 	0.000492695 	1.18523e-27
2.60577 	0.0316013 	0.00047326 	-7.5244e-28
2.6243 	0.0315682 	0.000454292 	-1.41255e-27
2.64236 	0.0315267 	0.000435782 	-1.343e-27
2.65995 	0.0314762 	0.000417719 	7.30504e-29
2.67706 	0.031416 	0.000400091 	1.42233e-27
2.69369 	0.0313453 	0.000382885 	6.81684e-28
2.70985 	0.0312634 	0.000366087 	-7.86427e-31
2.72554 	0.0311695 	0.000349681 	-3.48564e-28
2.74076 	0.0310627 	0.000333651 	-3.28712e-28
2.75552 	0.0309422 	0.000317979 	5.08537e-28
2.76982 	0.0308073 	0.000302647 	3.06677e-28
2.78366 	0.0306572 	0.000287637 	-3.00394e-28
2.79706 	0.0304914 	0.000272929 	2.4806e-28
2.81001 	0.0303092 	0.000258505 	9.4368e-28
2.82253 	0.0301103 	0.000244345 	3.61704e-28
2.83463 	0.0298945 	0.000230433 	-8.25409e-28
2.8463 	0.0296614 	0.00021675 	-5.66636e-27
2.85757 	0.0294111 	0.000203281 	-1.42553e-26
2.86844 	0.0291434 	0.000190013 	-3.56834e-27
2.87892 	0.0288583 	0.000176936 	1.54032e-26
2.88901 	0.0285558 	0.000164047 	9.7647e-27
2.89874 	0.0282354 	0.000151346 	-2.30555e-29
2.9081 	0.0278966 	0.000138842 	-1.31346e-29
2.91711 	0.0275383 	0.000126551 	7.73174e-29
2.92578 	0.0271591 	0.000114497 	7.14116e-29
2.93411 	0.0267567 	0.000102711 	-6.7069e-29
2.94212 	0.0263277 	9.12319e-05 	-6.58176e-29
2.94982 	0.0258677 	8.01075e-05 	-2.86688e-26
2.95721 	0.0253706 	6.93905e-05 	-2.63829e-26
2.96431 	0.0248279 	5.91393e-05 	3.32302e-26
2.97113 	0.0242285 	4.9418e-05 	3.05936e-26
2.97767 	0.0235566 	4.03119e-05 	4.77714e-28
2.98394 	0.0227886 	3.193e-05 	1.12369e-27
2.98996 	0.0218915 	2.44004e-05 	3.40628e-27
2.99573 	0.0208238 	1.786e-05 	2.48015e-27
3.00126 	0.0195349 	1.24075e-05 	-2.59139e-27
3.00657 	0.0179654 	8.06856e-06 	-2.42227e-27
3.01165 	0.0160462 	4.79542e-06 	-7.29834e-27
3.01651 	0.0137139 	2.48369e-06 	-1.47281e-26
3.02117 	0.0109749 	1.00971e-06 	-2.99536e-27
3.02564 	0.00794858 	2.32935e-07 	1.8765e-26
3.02991 	0.00479579 	-3.86727e-08 	1.52683e-26
3.034 	0.00160309 	-3.8113e-08 	1.41905e-27
