0.00102579 	-9.65783e-05 	5.35386e-07 	1.84354e-23
0.00227828 	-0.000216556 	1.40308e-06 	1.93522e-23
0.0035979 	-0.000338814 	3.13921e-06 	-7.18806e-23
0.00628381 	-0.000594281 	8.30632e-06 	3.74553e-22
0.0097908 	-0.00094209 	1.8553e-05 	4.69491e-22
0.0138067 	-0.00135736 	3.47394e-05 	-6.22358e-22
0.0182759 	-0.00183283 	5.76043e-05 	-1.16915e-21
0.0231526 	-0.00235068 	8.72177e-05 	-6.11739e-22
0.0284024 	-0.00287831 	0.000122688 	1.5031e-21
0.0340013 	-0.00337219 	0.000162081 	1.68819e-21
0.0399337 	-0.00379324 	0.000202905 	-6.474e-22
0.0461911 	-0.00412242 	0.00024299 	-1.99006e-21
0.0527704 	-0.0043628 	0.000281066 	-1.97555e-21
0.0596722 	-0.00452975 	0.000316735 	1.97769e-21
0.0669001 	-0.0046408 	0.000350115 	1.70764e-21
0.0744602 	-0.0047106 	0.000381528 	-1.52303e-21
0.0823599 	-0.00474988 	0.000411317 	-3.67716e-21
0.0906081 	-0.00476611 	0.00043978 	5.45166e-22
0.0992145 	-0.00476438 	0.000467149 	4.3387e-21
0.108189 	-0.0047482 	0.000493602 	-1.43759e-22
0.117544 	-0.00471996 	0.000519266 	9.30349e-22
0.127289 	-0.00468133 	0.000544232 	-1.87978e-21
0.137436 	-0.00463347 	0.00056856 	-1.47707e-21
0.147997 	-0.00457717 	0.000592285 	-1.02854e-21
0.158985 	-0.00451297 	0.000615424 	2.10717e-21
0.17041 	-0.00444121 	0.000637976 	4.91263e-23
0.182286 	-0.00436212 	0.000659925 	-2.02913e-21
0.194623 	-0.00427576 	0.000681241 	3.43658e-22
0.207435 	-0.00418214 	0.000701884 	-2.3857e-21
0.220732 	-0.0040812 	0.000721798 	2.64162e-21
0.234527 	-0.00397278 	0.000740919 	-2.21205e-21
0.248831 	-0.00385668 	0.000759165 	-5.46861e-22
0.263656 	-0.00373267 	0.000776446 	2.844e-21
0.279011 	-0.00360046 	0.000792653 	1.00116e-21
0.294908 	-0.00345969 	0.000807662 	2.9411e-21
0.311357 	-0.00330998 	0.000821332 	-2.8534e-21
0.328368 	-0.00315088 	0.000833502 	1.01294e-22
0.34595 	-0.0029819 	0.000843984 	3.70189e-22
0.364111 	-0.00280247 	0.000852567 	1.42415e-23
0.38286 	-0.00261195 	0.000859009 	-2.85312e-22
0.402204 	-0.00240956 	0.000863032 	-3.28623e-22
0.422149 	-0.00219445 	0.000864318 	-1.22801e-23
0.442701 	-0.00196555 	0.000862505 	-2.47906e-22
0.463865 	-0.00172157 	0.000857182 	2.11864e-23
0.485646 	-0.0014609 	0.000847882 	-6.19795e-24
0.508046 	-0.0011815 	0.000834087 	1.86231e-23
0.531067 	-0.000880709 	0.000815235 	4.38744e-22
0.554711 	-0.000555028 	0.000790758 	-3.00166e-22
0.578978 	-0.000199822 	0.000760122 	-5.49596e-21
0.603865 	0.000190906 	0.000722841 	4.64699e-21
0.629372 	0.000624058 	0.000678483 	-5.13288e-21
0.655494 	0.00110651 	0.000626777 	1.2353e-20
0.682226 	0.00164509 	0.000567658 	-1.16629e-20
0.709562 	0.00224756 	0.000500755 	6.43369e-21
0.737495 	0.00293632 	0.000424717 	1.86417e-22
0.766016 	0.00375094 	0.000336151 	-7.29922e-24
0.795114 	0.00472119 	0.000234392 	1.06471e-22
0.824778 	0.00584911 	0.000122266 	7.67563e-21
0.854995 	0.00711211 	5.63577e-06 	-1.56046e-20
0.88575 	0.00847479 	-0.000108496 	1.45925e-20
0.917028 	0.0099019 	-0.000215132 	5.19249e-23
0.948812 	0.0113679 	-0.00030971 	-6.60557e-21
0.981083 	0.0128568 	-0.00038902 	3.6305e-23
1.01382 	0.0143621 	-0.000450137 	5.97082e-21
1.047 	0.0158619 	-0.000489951 	-1.14094e-20
1.08061 	0.0173106 	-0.000510229 	2.00805e-23
1.11462 	0.0186637 	-0.000514022 	5.13111e-21
1.149 	0.019888 	-0.000507226 	4.69714e-23
1.18372 	0.0209678 	-0.000495215 	-1.91784e-23
1.21877 	0.0219043 	-0.000482092 	-4.19042e-21
1.25411 	0.0227117 	-0.000470495 	3.79579e-23
1.28971 	0.0234105 	-0.000461741 	3.6638e-21
1.32555 	0.024023 	-0.000456149 	9.88598e-24
1.36158 	0.0245692 	-0.000453386 	-1.64985e-24
1.39779 	0.0250657 	-0.000452775 	2.90712e-21
1.43413 	0.0255252 	-0.000453507 	-5.53651e-21
1.47057 	0.0259569 	-0.000454784 	2.63121e-21
1.50709 	0.0263669 	-0.000455915 	6.62882e-23
1.54363 	0.0267591 	-0.000456381 	-4.30715e-23
1.58018 	0.0271358 	-0.00045584 	-2.23351e-21
1.61669 	0.0274978 	-0.000454103 	2.16224e-21
1.65314 	0.0278453 	-0.000451099 	3.44589e-23
1.68948 	0.0281779 	-0.000446843 	2.91997e-23
1.72569 	0.0284953 	-0.000441419 	-1.15912e-24
1.76172 	0.0287973 	-0.000434951 	-1.10756e-23
1.79755 	0.0290838 	-0.000427577 	-1.686e-21
1.83314 	0.0293547 	-0.000419439 	1.68364e-21
1.86846 	0.0296104 	-0.000410676 	2.75379e-23
1.90347 	0.0298507 	-0.000401421 	-7.64108e-23
1.93816 	0.0300762 	-0.000391797 	-7.72078e-22
1.97249 	0.0302871 	-0.000381917 	7.36387e-22
2.00642 	0.0304839 	-0.000371879 	8.66845e-23
2.03994 	0.030667 	-0.00036177 	6.36023e-22
2.07301 	0.0308371 	-0.000351661 	-5.92247e-22
2.10562 	0.0309945 	-0.000341616 	7.12873e-23
2.13774 	0.0311398 	-0.000331685 	5.29502e-22
2.16934 	0.0312737 	-0.000321909 	-1.08879e-21
2.20042 	0.0313964 	-0.00031232 	1.05162e-21
2.23094 	0.0315085 	-0.000302944 	-5.10989e-22
2.2609 	0.0316105 	-0.000293798 	-4.81473e-23
2.29028 	0.0317026 	-0.000284895 	6.20663e-23
2.31906 	0.0317853 	-0.00027624 	4.65521e-23
2.34723 	0.0318588 	-0.000267837 	5.79008e-25
2.37479 	0.0319234 	-0.000259686 	2.0744e-24
2.40172 	0.0319794 	-0.000251783 	-5.4295e-23
2.42802 	0.0320267 	-0.000244122 	-8.4205e-23
2.45368 	0.0320655 	-0.000236698 	-4.01113e-22
2.47869 	0.0320959 	-0.000229501 	4.19186e-22
2.50307 	0.0321177 	-0.000222524 	5.76737e-23
2.5268 	0.0321309 	-0.000215758 	2.2017e-22
2.54988 	0.0321352 	-0.000209195 	-1.98949e-22
2.57232 	0.0321303 	-0.000202825 	-2.10728e-22
2.59412 	0.032116 	-0.00019664 	1.60974e-22
2.61529 	0.0320917 	-0.000190632 	-1.41442e-23
2.63582 	0.0320569 	-0.000184796 	-3.05427e-24
2.65573 	0.0320111 	-0.000179124 	-3.45535e-24
2.67502 	0.0319534 	-0.000173612 	1.01569e-23
2.6937 	0.0318831 	-0.000168254 	-4.32037e-23
2.71178 	0.0317993 	-0.000163046 	-4.68648e-23
2.72926 	0.0317012 	-0.000157986 	-8.5993e-23
2.74617 	0.0315877 	-0.00015307 	2.36437e-22
2.7625 	0.0314579 	-0.000148294 	-3.72113e-23
2.77827 	0.0313107 	-0.000143653 	-7.03003e-23
2.79349 	0.0311453 	-0.000139143 	1.95924e-22
2.80818 	0.0309605 	-0.000134753 	-2.08539e-22
2.82234 	0.0307554 	-0.000130472 	2.71461e-23
2.83599 	0.0305288 	-0.000126284 	-6.98894e-23
2.84914 	0.0302796 	-0.000122164 	7.24345e-23
2.8618 	0.0300062 	-0.000118084 	3.13892e-24
2.87399 	0.0297069 	-0.000114008 	1.05048e-22
2.88571 	0.0293794 	-0.000109895 	1.39402e-22
2.89699 	0.0290207 	-0.000105696 	-1.02046e-22
2.90784 	0.0286271 	-0.000101359 	-1.44943e-22
2.91826 	0.0281935 	-9.68273e-05 	-3.73471e-23
2.92827 	0.0277136 	-9.2051e-05 	8.0474e-23
2.93788 	0.027179 	-8.69684e-05 	1.00713e-22
2.94711 	0.026577 	-8.14787e-05 	5.0323e-23
2.95595 	0.0258894 	-7.54595e-05 	0
2.96444 	0.0250939 	-6.88147e-05 	-3.82182e-23
2.97256 	0.0241655 	-6.15423e-05 	-1.21573e-22
2.98034 	0.0230757 	-5.37423e-05 	-6.47454e-23
2.98777 	0.0217899 	-4.55938e-05 	1.36365e-22
2.99486 	0.0202644 	-3.73388e-05 	1.06067e-22
3.00161 	0.0184436 	-2.92664e-05 	4.14961e-24
3.00801 	0.0162595 	-2.16815e-05 	4.14778e-23
3.01404 	0.0136465 	-1.48492e-05 	4.14415e-23
3.0197 	0.0106268 	-9.04018e-06 	4.5338e-24
3.02494 	0.00740339 	-4.59062e-06 	-1.06985e-23
3.0292 	0.0046207 	-1.96259e-06 	-1.03535e-23
3.03147 	0.00311194 	-9.35544e-07 	-1.94534e-24
3.034 	0.00138069 	-3.48403e-07 	3.91846e-27
