0.00102579 	3.49019e-11 	8.45603e-14 	4.51443e-33 	3.48974e-11 	3.52282e-32 	3.48997e-11
0.00227828 	1.36947e-10 	8.14271e-13 	-7.33562e-32 	1.36879e-10 	-1.51068e-30 	1.36913e-10
0.0035979 	4.87821e-10 	4.18627e-12 	-5.0399e-31 	4.87446e-10 	-9.77568e-30 	4.87633e-10
0.00628381 	2.58998e-09 	5.51656e-11 	2.71682e-29 	2.58306e-09 	4.7148e-29 	2.58653e-09
0.0097908 	1.06299e-08 	4.71027e-10 	-1.24375e-28 	1.05546e-08 	1.14823e-27 	1.05923e-08
0.0138067 	3.3091e-08 	2.6417e-09 	-3.07592e-28 	3.25819e-08 	2.73903e-27 	3.2837e-08
0.0182759 	8.42087e-08 	1.06412e-08 	-6.2906e-27 	8.18034e-08 	-1.15074e-26 	8.30085e-08
0.0231526 	1.82569e-07 	3.21518e-08 	2.28272e-27 	1.74122e-07 	-1.39851e-25 	1.78355e-07
0.0284024 	3.4446e-07 	7.46951e-08 	1.28114e-25 	3.21506e-07 	-4.00098e-26 	3.33011e-07
0.0340013 	5.73747e-07 	1.36648e-07 	9.79285e-26 	5.23712e-07 	5.99186e-25 	5.4879e-07
0.0399337 	8.57969e-07 	2.02915e-07 	-1.97422e-25 	7.67061e-07 	9.04685e-25 	8.12616e-07
0.0461911 	1.17613e-06 	2.5366e-07 	-1.52121e-24 	1.03282e-06 	2.07186e-25 	1.10461e-06
0.0527704 	1.50947e-06 	2.76952e-07 	-1.50754e-24 	1.30604e-06 	-3.06696e-24 	1.40794e-06
0.0596722 	1.84587e-06 	2.72069e-07 	5.32167e-24 	1.57796e-06 	-3.34017e-24 	1.71214e-06
0.0669001 	2.17874e-06 	2.44518e-07 	3.77677e-24 	1.84429e-06 	5.46734e-24 	2.01178e-06
0.0744602 	2.50495e-06 	2.00716e-07 	-9.64546e-24 	2.10335e-06 	8.73484e-24 	2.30445e-06
0.0823599 	2.82318e-06 	1.45648e-07 	-2.14551e-23 	2.3549e-06 	-3.31996e-24 	2.58937e-06
0.0906081 	3.13312e-06 	8.2606e-08 	9.43571e-24 	2.59947e-06 	-1.89209e-23 	2.86665e-06
0.0992145 	3.43487e-06 	1.36034e-08 	4.33248e-23 	2.83792e-06 	-2.29785e-24 	3.13677e-06
0.108189 	3.72872e-06 	-6.01612e-08 	-3.17672e-24 	3.07126e-06 	1.14391e-23 	3.40039e-06
0.117544 	4.01502e-06 	-1.38015e-07 	1.62053e-23 	3.3005e-06 	3.1886e-24 	3.65817e-06
0.127289 	4.29407e-06 	-2.19597e-07 	-4.06062e-23 	3.52659e-06 	1.47958e-23 	3.91076e-06
0.137436 	4.56615e-06 	-3.04699e-07 	-3.62778e-23 	3.75041e-06 	-6.08919e-25 	4.15871e-06
0.147997 	4.83144e-06 	-3.9329e-07 	-2.31004e-23 	3.97279e-06 	-1.20373e-23 	4.40256e-06
0.158985 	5.09011e-06 	-4.85419e-07 	6.83568e-23 	4.19445e-06 	-1.42781e-23 	4.64273e-06
0.17041 	5.34225e-06 	-5.81106e-07 	-2.13473e-24 	4.41607e-06 	2.24721e-23 	4.87961e-06
0.182286 	5.58786e-06 	-6.80487e-07 	-7.69516e-23 	4.63829e-06 	1.07671e-23 	5.11353e-06
0.194623 	5.82697e-06 	-7.83665e-07 	1.44015e-23 	4.86168e-06 	-2.01309e-24 	5.34479e-06
0.207435 	6.05952e-06 	-8.90668e-07 	-9.40077e-23 	5.08681e-06 	6.15401e-24 	5.57362e-06
0.220732 	6.28542e-06 	-1.00169e-06 	1.1796e-22 	5.3142e-06 	-2.48287e-23 	5.80026e-06
0.234527 	6.50456e-06 	-1.11686e-06 	-8.72865e-23 	5.54439e-06 	4.3491e-23 	6.02494e-06
0.248831 	6.71683e-06 	-1.23615e-06 	-2.38216e-23 	5.77792e-06 	-2.73162e-23 	6.24782e-06
0.263656 	6.92208e-06 	-1.35967e-06 	1.29327e-22 	6.01531e-06 	-4.10614e-23 	6.46913e-06
0.279011 	7.12015e-06 	-1.4875e-06 	4.7408e-23 	6.2572e-06 	-9.84352e-24 	6.6891e-06
0.294908 	7.31091e-06 	-1.61965e-06 	1.40069e-22 	6.50419e-06 	-1.01351e-23 	6.90796e-06
0.311357 	7.49427e-06 	-1.75616e-06 	-1.31569e-22 	6.75707e-06 	5.64345e-23 	7.12607e-06
0.328368 	7.67011e-06 	-1.89705e-06 	3.69605e-24 	7.01659e-06 	-2.49919e-23 	7.34373e-06
0.34595 	7.83847e-06 	-2.04231e-06 	1.47599e-23 	7.28379e-06 	-3.45429e-24 	7.56149e-06
0.364111 	7.99945e-06 	-2.19197e-06 	2.11923e-24 	7.55975e-06 	4.67124e-24 	7.77994e-06
0.38286 	8.15341e-06 	-2.34619e-06 	-2.38899e-23 	7.84592e-06 	6.69244e-24 	7.99998e-06
0.402204 	8.30081e-06 	-2.50516e-06 	-7.82006e-24 	8.14382e-06 	1.82921e-24 	8.22261e-06
0.422149 	8.44272e-06 	-2.66913e-06 	-1.00406e-23 	8.45545e-06 	5.60104e-26 	8.44935e-06
0.442701 	8.5806e-06 	-2.83876e-06 	1.19869e-23 	8.783e-06 	1.86399e-24 	8.68204e-06
0.463865 	8.71683e-06 	-3.01488e-06 	-5.86578e-24 	9.12915e-06 	-1.70478e-24 	8.92319e-06
0.485646 	8.85497e-06 	-3.19885e-06 	2.53708e-24 	9.49692e-06 	-3.49596e-25 	9.17607e-06
0.508046 	9.00036e-06 	-3.39277e-06 	-3.54684e-24 	9.88972e-06 	-3.15953e-24 	9.44509e-06
0.531067 	9.16095e-06 	-3.59936e-06 	-7.22255e-24 	1.03112e-05 	-1.97295e-24 	9.73612e-06
0.554711 	9.34828e-06 	-3.82227e-06 	2.35812e-23 	1.07649e-05 	3.88314e-23 	1.00568e-05
0.578978 	9.57802e-06 	-4.06523e-06 	-1.50251e-23 	1.12559e-05 	1.98678e-23 	1.04174e-05
0.603865 	9.8674e-06 	-4.33115e-06 	3.16128e-23 	1.17911e-05 	-4.32771e-23 	1.08294e-05
0.629372 	1.02278e-05 	-4.63098e-06 	2.80738e-23 	1.23806e-05 	-6.40933e-24 	1.13041e-05
0.655494 	1.06654e-05 	-4.97849e-06 	-1.34884e-22 	1.3034e-05 	-3.98603e-23 	1.185e-05
0.682226 	1.11925e-05 	-5.38209e-06 	1.66189e-22 	1.37673e-05 	8.95795e-23 	1.2479e-05
0.709562 	1.18091e-05 	-5.90077e-06 	-1.24236e-22 	1.46095e-05 	-8.65233e-23 	1.32088e-05
0.737495 	1.25807e-05 	-6.39614e-06 	-1.42355e-25 	1.55517e-05 	2.93379e-23 	1.40668e-05
0.766016 	1.35408e-05 	-6.92713e-06 	7.4381e-24 	1.66385e-05 	5.10597e-25 	1.50888e-05
0.795114 	1.46697e-05 	-7.5911e-06 	-1.13346e-23 	1.7886e-05 	-2.76609e-23 	1.62769e-05
0.824778 	1.59075e-05 	-8.38541e-06 	-2.30582e-22 	1.92189e-05 	5.22492e-23 	1.75624e-05
0.854995 	1.7162e-05 	-9.27161e-06 	5.6424e-22 	2.05084e-05 	-2.09303e-23 	1.88354e-05
0.88575 	1.83242e-05 	-1.01752e-05 	-7.04375e-22 	2.16119e-05 	-5.19856e-23 	1.9966e-05
0.917028 	1.93e-05 	-1.10157e-05 	-6.29816e-23 	2.24212e-05 	8.78109e-23 	2.08603e-05
0.948812 	2.00554e-05 	-1.17357e-05 	5.00092e-22 	2.28759e-05 	-1.18576e-23 	2.14719e-05
0.981083 	2.05972e-05 	-1.22806e-05 	-1.701e-23 	2.29443e-05 	-5.22584e-23 	2.17749e-05
1.01382 	2.09274e-05 	-1.23115e-05 	-7.30387e-22 	2.26144e-05 	6.97206e-23 	2.17749e-05
1.047 	2.09956e-05 	-1.20857e-05 	1.54855e-21 	2.19991e-05 	-2.19055e-23 	2.14986e-05
1.08061 	2.08071e-05 	-1.15809e-05 	7.62006e-23 	2.12055e-05 	-7.08005e-23 	2.10028e-05
1.11462 	2.04067e-05 	-1.08676e-05 	-9.13815e-22 	2.03534e-05 	2.57885e-23 	2.03791e-05
1.149 	1.98797e-05 	-1.00428e-05 	-1.29686e-23 	1.95444e-05 	2.34041e-23 	1.97119e-05
1.18372 	1.93106e-05 	-9.20207e-06 	1.8174e-23 	1.88403e-05 	1.95527e-23 	1.90754e-05
1.21877 	1.87601e-05 	-8.41957e-06 	1.3541e-21 	1.82692e-05 	-2.89592e-23 	1.85146e-05
1.25411 	1.82617e-05 	-7.74514e-06 	6.26209e-23 	1.78293e-05 	-4.12184e-23 	1.80454e-05
1.28971 	1.7826e-05 	-7.20215e-06 	-1.6198e-21 	1.74991e-05 	3.21621e-23 	1.76625e-05
1.32555 	1.74509e-05 	-6.79161e-06 	1.9066e-23 	1.72469e-05 	2.24544e-23 	1.73489e-05
1.36158 	1.71273e-05 	-6.50144e-06 	3.31906e-24 	1.70394e-05 	-1.88467e-23 	1.70834e-05
1.39779 	1.68436e-05 	-6.3093e-06 	-2.07953e-21 	1.6847e-05 	7.51779e-23 	1.68454e-05
1.43413 	1.65881e-05 	-6.18626e-06 	4.4117e-21 	1.66466e-05 	-7.5978e-23 	1.66176e-05
1.47057 	1.6349e-05 	-6.1066e-06 	-2.31994e-21 	1.64223e-05 	-1.83798e-24 	1.63858e-05
1.50709 	1.61152e-05 	-6.04589e-06 	-5.54365e-23 	1.61656e-05 	2.20949e-23 	1.61404e-05
1.54363 	1.58766e-05 	-5.98439e-06 	5.9125e-23 	1.5874e-05 	1.83618e-23 	1.58754e-05
1.58018 	1.56244e-05 	-5.91049e-06 	2.61478e-21 	1.5548e-05 	-6.24609e-23 	1.55864e-05
1.61669 	1.53522e-05 	-5.81771e-06 	-2.67078e-21 	1.51886e-05 	2.47245e-23 	1.52704e-05
1.65314 	1.50562e-05 	-5.70282e-06 	-3.17365e-23 	1.48e-05 	1.9407e-23 	1.49281e-05
1.68948 	1.47368e-05 	-5.56332e-06 	-4.1643e-23 	1.43873e-05 	1.04913e-24 	1.45619e-05
1.72569 	1.43953e-05 	-5.40141e-06 	1.93255e-24 	1.3957e-05 	3.05198e-25 	1.41758e-05
1.76172 	1.40337e-05 	-5.21965e-06 	2.35812e-23 	1.35153e-05 	1.58882e-23 	1.37747e-05
1.79755 	1.36578e-05 	-5.02045e-06 	2.87786e-21 	1.30665e-05 	-5.798e-23 	1.33622e-05
1.83314 	1.32702e-05 	-4.80792e-06 	-2.95683e-21 	1.26154e-05 	2.62977e-23 	1.29427e-05
1.86846 	1.28738e-05 	-4.58375e-06 	-3.34223e-23 	1.2166e-05 	1.77166e-23 	1.25198e-05
1.90347 	1.24724e-05 	-4.35078e-06 	1.51595e-22 	1.17216e-05 	6.02666e-24 	1.20971e-05
1.93816 	1.20695e-05 	-4.11256e-06 	1.56652e-21 	1.12851e-05 	-2.85744e-23 	1.16775e-05
1.97249 	1.16678e-05 	-3.8711e-06 	-1.52418e-21 	1.08588e-05 	1.08321e-23 	1.12636e-05
2.00642 	1.12704e-05 	-3.6284e-06 	-1.79824e-22 	1.04444e-05 	2.86539e-24 	1.08573e-05
2.03994 	1.08783e-05 	-3.3873e-06 	-1.41579e-21 	1.0044e-05 	2.35797e-23 	1.04611e-05
2.07301 	1.04942e-05 	-3.14808e-06 	1.32229e-21 	9.65794e-06 	-9.52841e-24 	1.0076e-05
2.10562 	1.01191e-05 	-2.91111e-06 	-1.68937e-22 	9.28723e-06 	-9.80772e-24 	9.70309e-06
2.13774 	9.75412e-06 	-2.67977e-06 	-1.2476e-21 	8.93206e-06 	2.54603e-23 	9.34307e-06
2.16934 	9.40024e-06 	-2.45426e-06 	2.57239e-21 	8.59259e-06 	-3.23632e-23 	8.99644e-06
2.20042 	9.05797e-06 	-2.23335e-06 	-2.50246e-21 	8.26868e-06 	1.91452e-23 	8.66343e-06
2.23094 	8.72812e-06 	-2.01859e-06 	1.20718e-21 	7.9598e-06 	-6.0528e-25 	8.34389e-06
2.2609 	8.41031e-06 	-1.81065e-06 	1.13218e-22 	7.66591e-06 	-6.76578e-24 	8.03802e-06
2.29028 	8.10484e-06 	-1.60873e-06 	-1.50038e-22 	7.38649e-06 	4.0865e-25 	7.74561e-06
2.31906 	7.81195e-06 	-1.41293e-06 	-1.17616e-22 	7.12089e-06 	1.64438e-24 	7.46628e-06
2.34723 	7.5311e-06 	-1.22391e-06 	-3.81255e-24 	6.86891e-06 	4.21553e-25 	7.20001e-06
2.37479 	7.26267e-06 	-1.04134e-06 	-6.41694e-24 	6.62974e-06 	5.96163e-25 	6.94618e-06
2.40172 	7.00623e-06 	-8.64467e-07 	1.18012e-22 	6.40308e-06 	-1.37968e-25 	6.70465e-06
2.42802 	6.76161e-06 	-6.93275e-07 	1.78778e-22 	6.18845e-06 	2.01486e-24 	6.47508e-06
2.45368 	6.52888e-06 	-5.27647e-07 	8.1496e-22 	5.98541e-06 	-1.07334e-23 	6.25713e-06
2.47869 	6.30758e-06 	-3.67094e-07 	-7.98815e-22 	5.79379e-06 	1.7777e-24 	6.05072e-06
2.50307 	6.0978e-06 	-2.12099e-07 	-1.02898e-22 	5.61323e-06 	2.06776e-24 	5.85556e-06
2.5268 	5.89953e-06 	-6.22405e-08 	-3.87731e-22 	5.4435e-06 	4.81312e-24 	5.67148e-06
2.54988 	5.71242e-06 	8.32098e-08 	3.16625e-22 	5.28462e-06 	1.53428e-24 	5.49858e-06
2.57232 	5.53693e-06 	2.23349e-07 	3.23405e-22 	5.13633e-06 	-4.89316e-24 	5.33662e-06
2.59412 	5.37282e-06 	3.58685e-07 	-2.24234e-22 	4.99878e-06 	-7.58322e-26 	5.1858e-06
2.61529 	5.22036e-06 	4.9e-07 	2.11576e-23 	4.87197e-06 	1.00334e-24 	5.04617e-06
2.63582 	5.07974e-06 	6.16082e-07 	3.791e-24 	4.756e-06 	-9.52414e-26 	4.91785e-06
2.65573 	4.95111e-06 	7.37209e-07 	3.78688e-24 	4.65105e-06 	-1.18615e-25 	4.80106e-06
2.67502 	4.83472e-06 	8.53678e-07 	-1.0403e-23 	4.55732e-06 	2.83101e-25 	4.69602e-06
2.6937 	4.73085e-06 	9.64904e-07 	3.57304e-23 	4.47493e-06 	1.59852e-25 	4.6029e-06
2.71178 	4.63968e-06 	1.07089e-06 	4.37924e-23 	4.40406e-06 	1.30161e-25 	4.52187e-06
2.72926 	4.56137e-06 	1.1716e-06 	6.30846e-23 	4.34476e-06 	-1.921e-24 	4.45304e-06
2.74617 	4.49585e-06 	1.2668e-06 	-1.5898e-22 	4.29708e-06 	5.8736e-25 	4.39646e-06
2.7625 	4.44308e-06 	1.35643e-06 	2.09083e-23 	4.26083e-06 	1.38053e-24 	4.35197e-06
2.77827 	4.40277e-06 	1.44013e-06 	4.10501e-23 	4.23572e-06 	-1.31917e-24 	4.31926e-06
2.79349 	4.37444e-06 	1.51817e-06 	-9.2924e-23 	4.22125e-06 	1.08801e-24 	4.29786e-06
2.80818 	4.35742e-06 	1.59077e-06 	8.32493e-23 	4.21675e-06 	2.52728e-25 	4.2871e-06
2.82234 	4.35086e-06 	1.65773e-06 	-7.85383e-24 	4.22136e-06 	-4.10843e-25 	4.28612e-06
2.83599 	4.35379e-06 	1.71949e-06 	2.22106e-23 	4.2341e-06 	-3.16508e-25 	4.29395e-06
2.84914 	4.36509e-06 	1.7765e-06 	-2.04067e-23 	4.25391e-06 	-1.35988e-25 	4.30951e-06
2.8618 	4.38367e-06 	1.82913e-06 	-4.35344e-25 	4.2797e-06 	-1.04263e-25 	4.3317e-06
2.87399 	4.40843e-06 	1.878e-06 	-2.10431e-23 	4.31042e-06 	-3.45655e-25 	4.35943e-06
2.88571 	4.43826e-06 	1.92377e-06 	-3.02529e-23 	4.34514e-06 	6.856e-25 	4.39171e-06
2.89699 	4.47219e-06 	1.96697e-06 	1.5418e-23 	4.38298e-06 	7.03914e-25 	4.42759e-06
2.90784 	4.50924e-06 	2.00806e-06 	2.17262e-23 	4.42316e-06 	-2.15913e-25 	4.46621e-06
2.91826 	4.54837e-06 	2.04713e-06 	5.25801e-24 	4.46491e-06 	-5.25291e-25 	4.50663e-06
2.92827 	4.58837e-06 	2.08464e-06 	-7.60881e-24 	4.50729e-06 	-2.5941e-25 	4.54783e-06
2.93788 	4.62771e-06 	2.12001e-06 	-8.96891e-24 	4.54881e-06 	6.71518e-26 	4.58828e-06
2.94711 	4.66356e-06 	2.14767e-06 	-4.52749e-24 	4.58685e-06 	1.85367e-25 	4.62524e-06
2.95595 	4.69055e-06 	2.1636e-06 	5.86551e-27 	4.61649e-06 	1.32256e-25 	4.65352e-06
2.96444 	4.69906e-06 	2.16847e-06 	1.14859e-24 	4.62874e-06 	1.44044e-25 	4.66389e-06
2.97256 	4.67323e-06 	2.15779e-06 	3.16676e-24 	4.60834e-06 	4.72017e-26 	4.64078e-06
2.98034 	4.58939e-06 	2.12085e-06 	1.93826e-24 	4.53185e-06 	-2.21468e-25 	4.56061e-06
2.98777 	4.41421e-06 	2.04199e-06 	-1.76929e-24 	4.3658e-06 	-1.52208e-25 	4.39e-06
2.99486 	4.10309e-06 	1.89975e-06 	-1.57288e-24 	4.06509e-06 	7.12785e-26 	4.08409e-06
3.00161 	3.60275e-06 	1.66918e-06 	-6.43508e-26 	3.5756e-06 	4.60533e-26 	3.58917e-06
3.00801 	2.86573e-06 	1.31723e-06 	-5.54428e-26 	2.84883e-06 	-1.55827e-26 	2.85728e-06
3.01404 	1.91794e-06 	8.40292e-07 	-1.09661e-25 	1.90953e-06 	1.14027e-27 	1.91374e-06
3.0197 	9.75722e-07 	3.72625e-07 	-1.64465e-27 	9.72813e-07 	5.28006e-27 	9.74274e-07
3.02494 	3.37811e-07 	9.63327e-08 	-4.93404e-28 	3.37232e-07 	4.73555e-28 	3.37523e-07
3.0292 	8.35233e-08 	1.39568e-08 	2.06419e-28 	8.3462e-08 	3.7403e-29 	8.34925e-08
3.03147 	2.72342e-08 	3.32871e-09 	3.90061e-29 	2.72208e-08 	3.37142e-30 	2.72275e-08
3.034 	7.07755e-09 	4.29811e-10 	5.84199e-32 	7.0764e-09 	-2.26918e-30 	7.07696e-09
