0.00102579 	-0.000274871 	-5.31399e-08 	-2.61749e-25
0.00322814 	-0.000844838 	-3.02004e-07 	-8.56445e-26
0.00581393 	-0.00145583 	-9.13923e-07 	4.76165e-25
0.00789695 	-0.00191759 	-1.64716e-06 	-1.08777e-25
0.00944146 	-0.0022396 	-2.34707e-06 	-1.67005e-24
0.0119756 	-0.00272773 	-3.78031e-06 	-1.24843e-24
0.0154863 	-0.00332161 	-6.309e-06 	4.28601e-24
0.0192532 	-0.00383317 	-9.76428e-06 	8.28092e-24
0.0232626 	-0.0042268 	-1.42348e-05 	2.03239e-24
0.0275065 	-0.00449337 	-1.96942e-05 	-1.63251e-24
0.0319813 	-0.00465316 	-2.60366e-05 	1.91129e-24
0.0366872 	-0.00473807 	-3.31543e-05 	-6.94235e-25
0.0416269 	-0.00477496 	-4.09689e-05 	-2.75367e-24
0.0468052 	-0.00478135 	-4.94268e-05 	6.94676e-25
0.0522283 	-0.00476765 	-5.84925e-05 	1.54701e-24
0.057904 	-0.00473994 	-6.81456e-05 	-2.67772e-24
0.0638408 	-0.00470183 	-7.83772e-05 	-3.08845e-24
0.0700481 	-0.00465554 	-8.91868e-05 	1.40776e-25
0.0765359 	-0.00460244 	-0.00010058 	1.37562e-24
0.0833147 	-0.00454336 	-0.000112565 	4.31025e-24
0.0903958 	-0.00447884 	-0.000125154 	8.17243e-25
0.0977906 	-0.00440917 	-0.000138364 	-5.72556e-24
0.105511 	-0.00433448 	-0.000152209 	-2.68542e-24
0.11357 	-0.00425483 	-0.000166708 	2.91454e-24
0.121979 	-0.00417013 	-0.000181879 	3.53667e-24
0.130752 	-0.00408028 	-0.000197743 	1.83872e-24
0.139902 	-0.00398507 	-0.00021432 	-3.20143e-24
0.149443 	-0.00388427 	-0.000231632 	-1.36053e-24
0.159388 	-0.00377758 	-0.000249701 	3.49431e-24
0.169752 	-0.00366467 	-0.000268551 	-4.73367e-25
0.180549 	-0.00354516 	-0.000288204 	-1.93186e-24
0.191793 	-0.00341861 	-0.000308685 	-3.78794e-26
0.2035 	-0.00328455 	-0.000330017 	-1.82329e-24
0.215683 	-0.00314245 	-0.000352225 	-1.85148e-24
0.228358 	-0.00299173 	-0.000375334 	1.63139e-24
0.24154 	-0.00283174 	-0.000399369 	-8.10397e-25
0.255244 	-0.00266181 	-0.000424355 	-6.19073e-24
0.269485 	-0.00248116 	-0.000450317 	-5.56648e-25
0.284277 	-0.00228896 	-0.000477279 	3.24709e-24
0.299635 	-0.00208433 	-0.000505267 	5.25354e-25
0.315573 	-0.00186628 	-0.000534305 	-3.40522e-25
0.332106 	-0.00163375 	-0.000564417 	1.53321e-24
0.349247 	-0.00138561 	-0.000595625 	7.19665e-24
0.36701 	-0.00112063 	-0.00062795 	7.06683e-25
0.385408 	-0.000837483 	-0.000661411 	-2.96998e-24
0.404452 	-0.000534749 	-0.000696024 	-1.07015e-24
0.424154 	-0.000210908 	-0.000731802 	8.14886e-28
0.444525 	0.000135656 	-0.000768749 	4.7957e-24
0.465576 	0.000506664 	-0.000806867 	9.71054e-24
0.487314 	0.000903931 	-0.000846145 	-2.90671e-24
0.509747 	0.00132937 	-0.000886577 	-1.36434e-23
0.532883 	0.00178496 	-0.000928133 	-3.00617e-24
0.556727 	0.00227364 	-0.000970705 	2.02648e-23
0.581282 	0.00280231 	-0.00101422 	1.05577e-23
0.606552 	0.00338312 	-0.00105873 	-1.49757e-23
0.632537 	0.00402737 	-0.00110415 	-3.11314e-23
0.659237 	0.00473877 	-0.00115 	-1.57859e-23
0.686649 	0.00551401 	-0.00119565 	1.85287e-23
0.714769 	0.00634684 	-0.00124045 	3.95703e-23
0.74359 	0.00723088 	-0.00128371 	1.83845e-23
0.773106 	0.00816068 	-0.00132475 	-2.28276e-23
0.803305 	0.00913132 	-0.00136294 	-3.63442e-23
0.834175 	0.0101375 	-0.00139766 	2.79586e-24
0.865702 	0.0111726 	-0.00142836 	-1.81223e-24
0.897869 	0.0122285 	-0.00145459 	-2.28833e-23
0.930657 	0.0132954 	-0.00147596 	-2.17746e-24
0.964045 	0.0143626 	-0.00149221 	1.79399e-23
0.998011 	0.0154182 	-0.00150315 	6.47093e-24
1.03253 	0.0164508 	-0.00150876 	2.82911e-23
1.06757 	0.017449 	-0.00150912 	-2.53688e-24
1.10311 	0.0184028 	-0.00150447 	-1.20165e-23
1.13911 	0.0193043 	-0.00149523 	-1.87366e-23
1.17554 	0.0201483 	-0.00148197 	-3.18886e-23
1.21236 	0.0209327 	-0.00146538 	2.93573e-23
1.24955 	0.0216585 	-0.00144612 	2.96047e-23
1.28705 	0.0223297 	-0.00142481 	1.77666e-23
1.32484 	0.0229521 	-0.00140172 	2.49018e-23
1.36287 	0.0235329 	-0.00137683 	8.94408e-25
1.4011 	0.0240778 	-0.0013502 	-3.43274e-23
1.43948 	0.0245894 	-0.00132212 	-1.71059e-23
1.47798 	0.0250689 	-0.00129311 	2.71872e-23
1.51655 	0.0255175 	-0.00126367 	3.90039e-23
1.55514 	0.0259371 	-0.00123411 	-1.02561e-23
1.59372 	0.0263295 	-0.00120462 	1.49416e-24
1.63224 	0.0266964 	-0.00117531 	-4.6771e-23
1.67066 	0.0270398 	-0.0011462 	-6.77904e-25
1.70892 	0.0273615 	-0.00111729 	3.69609e-23
1.747 	0.0276633 	-0.00108855 	-1.78798e-23
1.78485 	0.0279469 	-0.00105997 	6.03214e-24
1.82243 	0.0282137 	-0.00103154 	-4.73902e-24
1.8597 	0.0284646 	-0.00100326 	-5.54769e-24
1.89663 	0.0287006 	-0.000975145 	-7.32574e-26
1.93317 	0.0289225 	-0.000947212 	-1.18459e-23
1.9693 	0.0291307 	-0.00091949 	-1.6992e-23
2.00498 	0.0293257 	-0.00089201 	-1.27571e-23
2.04017 	0.0295081 	-0.000864808 	3.57288e-24
2.07486 	0.0296782 	-0.000837919 	-6.06133e-25
2.10902 	0.0298364 	-0.000811378 	9.80438e-24
2.14261 	0.0299831 	-0.000785221 	-1.16427e-25
2.17562 	0.0301185 	-0.000759478 	-9.82376e-24
2.20803 	0.030243 	-0.000734178 	2.04503e-23
2.23981 	0.030357 	-0.000709346 	2.88552e-23
2.27095 	0.0304607 	-0.000685004 	1.53412e-24
2.30144 	0.0305542 	-0.000661169 	-4.29283e-23
2.33126 	0.0306378 	-0.000637855 	-1.13435e-23
2.3604 	0.0307117 	-0.000615072 	5.38554e-23
2.38885 	0.030776 	-0.000592828 	1.69083e-24
2.41662 	0.0308307 	-0.000571127 	-3.26039e-23
2.44368 	0.0308758 	-0.00054997 	-2.84839e-23
2.47004 	0.0309112 	-0.000529354 	-7.24704e-24
2.4957 	0.030937 	-0.000509275 	4.47518e-23
2.52065 	0.0309527 	-0.000489725 	1.60035e-23
2.54491 	0.0309581 	-0.000470697 	-3.52371e-23
2.56846 	0.0309528 	-0.000452178 	-1.21682e-23
2.59133 	0.0309364 	-0.000434155 	2.09587e-23
2.6135 	0.0309082 	-0.000416612 	7.58087e-24
2.63499 	0.0308675 	-0.000399531 	-2.19453e-24
2.65581 	0.0308136 	-0.000382894 	1.08747e-23
2.67596 	0.0307453 	-0.000366679 	-3.01348e-23
2.69545 	0.0306618 	-0.000350863 	-1.11739e-23
2.7143 	0.0305617 	-0.000335421 	1.71045e-23
2.73252 	0.0304437 	-0.000320325 	-7.78158e-25
2.75011 	0.0303064 	-0.000305546 	-9.16292e-26
2.7671 	0.0301481 	-0.000291053 	6.03605e-24
2.78349 	0.0299671 	-0.00027681 	-6.16215e-24
2.79929 	0.0297615 	-0.000262782 	-1.14233e-23
2.81452 	0.0295291 	-0.000248932 	1.16947e-24
2.8292 	0.0292676 	-0.000235221 	2.25063e-23
2.84334 	0.0289745 	-0.000221611 	1.37611e-23
2.85694 	0.0286469 	-0.000208068 	-8.78445e-24
2.87004 	0.0282815 	-0.000194558 	-3.60541e-24
2.88263 	0.0278747 	-0.000181066 	8.7133e-24
2.89474 	0.0274218 	-0.000167574 	-1.12579e-24
2.90637 	0.0269157 	-0.000154028 	-1.11174e-23
2.91755 	0.0263456 	-0.000140345 	-3.68548e-25
2.92828 	0.0257004 	-0.000126482 	4.62922e-24
2.93857 	0.024971 	-0.000112505 	-6.81765e-24
2.94845 	0.0241501 	-9.85616e-05 	-9.71922e-24
2.95791 	0.023229 	-8.48328e-05 	-7.57716e-24
2.96697 	0.0221963 	-7.1527e-05 	5.50547e-24
2.97563 	0.0210351 	-5.88629e-05 	1.34295e-23
2.98389 	0.0197211 	-4.70554e-05 	-3.76845e-24
2.99176 	0.018218 	-3.63053e-05 	-4.14307e-24
2.99923 	0.0164742 	-2.68006e-05 	8.39416e-24
3.00628 	0.0144176 	-1.86793e-05 	3.54172e-25
3.01289 	0.0119729 	-1.19947e-05 	-5.43159e-24
3.01902 	0.00917031 	-6.80605e-06 	-1.76185e-24
3.02273 	0.00727902 	-4.19803e-06 	-1.62727e-24
3.02539 	0.00582925 	-2.80219e-06 	-2.70566e-24
