/*--------------------------------*- C++ -*----------------------------------*\
| =========                 |                                                 |
| \\      /  F ield         | OpenFOAM: The Open Source CFD Toolbox           |
|  \\    /   O peration     | Version:  5.x                                   |
|   \\  /    A nd           | Web:      www.OpenFOAM.org                      |
|    \\/     M anipulation  |                                                 |
\*---------------------------------------------------------------------------*/
FoamFile
{
    version     2.0;
    format      ascii;
    class       faceSet;
    location    "constant/polyMesh/sets";
    object      inletFaceSet;
}
// * * * * * * * * * * * * * * * * * * * * * * * * * * * * * * * * * * * * * //


260
(
30950 
30951 
30952 
30953 
30954 
30955 
30956 
30957 
30958 
30959 
30960 
30961 
30962 
30963 
30964 
30965 
30966 
30967 
30968 
30969 
30970 
30971 
30972 
30973 
30974 
30975 
30976 
30977 
30978 
30979 
30980 
30981 
30982 
30983 
30984 
30985 
30986 
30987 
30988 
30989 
30990 
30991 
30992 
30993 
30994 
30995 
30996 
30997 
30998 
30999 
31000 
31001 
31002 
31003 
31004 
31005 
31006 
31007 
31008 
31009 
31010 
31011 
31012 
31013 
31014 
31015 
31016 
31017 
31018 
31019 
31020 
31021 
31022 
31023 
31024 
31025 
31026 
31027 
31028 
31029 
31030 
31031 
31032 
31033 
31034 
31035 
31036 
31037 
31038 
31039 
31040 
31041 
31042 
31043 
31044 
31045 
31046 
31047 
31048 
31049 
31050 
31051 
31052 
31053 
31054 
31055 
31056 
31057 
31058 
31059 
31060 
31061 
31062 
31063 
31064 
31065 
31066 
31067 
31068 
31069 
31070 
31071 
31072 
31073 
31074 
31075 
31076 
31077 
31078 
31079 
31080 
31081 
31082 
31083 
31084 
31085 
31086 
31087 
31088 
31089 
31090 
31091 
31092 
31093 
31094 
31095 
31096 
31097 
31098 
31099 
31100 
31101 
31102 
31103 
31104 
31105 
31106 
31107 
31108 
31109 
31110 
31111 
31112 
31113 
31114 
31115 
31116 
31117 
31118 
31119 
31120 
31121 
31122 
31123 
31124 
31125 
31126 
31127 
31128 
31129 
31130 
31131 
31132 
31133 
31134 
31135 
31136 
31137 
31138 
31139 
31140 
31141 
31142 
31143 
31144 
31145 
31146 
31147 
31148 
31149 
31150 
31151 
31152 
31153 
31154 
31155 
31156 
31157 
31158 
31159 
31160 
31161 
31162 
31163 
31164 
31165 
31166 
31167 
31168 
31169 
31170 
31171 
31172 
31173 
31174 
31175 
31176 
31177 
31178 
31179 
31180 
31181 
31182 
31183 
31184 
31185 
31186 
31187 
31188 
31189 
31190 
31191 
31192 
31193 
31194 
31195 
31196 
31197 
31198 
31199 
31200 
31201 
31202 
31203 
31204 
31205 
31206 
31207 
31208 
31209 
)

// ************************************************************************* //
