0.00102579 	2.05103e-06 	-7.91042e-07 	2.44457e-28 	2.69436e-06 	-2.55296e-27 	2.45229e-06
0.0032282 	3.80338e-06 	-1.20681e-06 	5.19736e-27 	5.78155e-06 	1.83942e-27 	4.97276e-06
0.00581417 	3.47972e-06 	-7.7969e-07 	-2.94393e-27 	6.3473e-06 	1.03506e-26 	5.01936e-06
0.00874241 	3.48583e-06 	-7.61485e-07 	-1.2776e-26 	6.59673e-06 	-2.92415e-27 	5.03289e-06
0.0119765 	3.5726e-06 	-8.32007e-07 	2.83819e-27 	6.71525e-06 	1.79779e-26 	5.12827e-06
0.0154877 	3.68248e-06 	-9.08746e-07 	-6.23235e-26 	6.81615e-06 	4.16883e-26 	5.24792e-06
0.0192552 	3.79281e-06 	-9.91153e-07 	-7.32301e-26 	6.9435e-06 	-4.21492e-26 	5.36918e-06
0.0232652 	3.90917e-06 	-1.07885e-06 	4.05179e-26 	7.08552e-06 	-2.56417e-26 	5.49764e-06
0.0275097 	4.03389e-06 	-1.17162e-06 	-6.25898e-26 	7.2374e-06 	3.69202e-26 	5.63562e-06
0.0319852 	4.16703e-06 	-1.26937e-06 	-3.11565e-26 	7.39934e-06 	-1.33506e-25 	5.78316e-06
0.0366918 	4.30857e-06 	-1.37211e-06 	2.7586e-25 	7.57194e-06 	-1.42696e-25 	5.94026e-06
0.0416323 	4.45878e-06 	-1.47984e-06 	2.47752e-25 	7.75553e-06 	1.08026e-25 	6.10717e-06
0.0468113 	4.61802e-06 	-1.59267e-06 	-4.23531e-26 	7.95044e-06 	1.73866e-25 	6.28425e-06
0.0522354 	4.78673e-06 	-1.71078e-06 	-1.80356e-25 	8.15705e-06 	-3.28265e-26 	6.4719e-06
0.057912 	4.96535e-06 	-1.83428e-06 	3.68186e-26 	8.37577e-06 	-1.87034e-25 	6.67057e-06
0.0638497 	5.1544e-06 	-1.96334e-06 	1.29803e-25 	8.60706e-06 	5.55386e-26 	6.88074e-06
0.0700579 	5.35442e-06 	-2.09816e-06 	-1.19774e-25 	8.85139e-06 	2.77079e-25 	7.10291e-06
0.0765467 	5.56596e-06 	-2.23898e-06 	-3.29971e-25 	9.10923e-06 	3.87052e-26 	7.33761e-06
0.0833266 	5.78966e-06 	-2.386e-06 	-1.73031e-26 	9.3811e-06 	-3.11632e-25 	7.58539e-06
0.0904088 	6.02611e-06 	-2.53946e-06 	4.37534e-25 	9.66747e-06 	-1.15578e-25 	7.8468e-06
0.0978048 	6.27595e-06 	-2.69958e-06 	-7.32342e-27 	9.9688e-06 	2.48838e-25 	8.12239e-06
0.105526 	6.53983e-06 	-2.8666e-06 	-2.27445e-25 	1.02856e-05 	2.01614e-25 	8.41272e-06
0.113586 	6.81844e-06 	-3.04076e-06 	-3.67068e-25 	1.06183e-05 	2.06017e-25 	8.71836e-06
0.121997 	7.11245e-06 	-3.22231e-06 	-3.58318e-25 	1.09673e-05 	5.36245e-27 	9.03989e-06
0.130771 	7.42255e-06 	-3.4115e-06 	-1.53272e-25 	1.13331e-05 	-9.22213e-26 	9.37785e-06
0.139923 	7.74942e-06 	-3.60855e-06 	-2.30473e-25 	1.1716e-05 	-1.30096e-25 	9.73277e-06
0.149465 	8.09372e-06 	-3.81373e-06 	4.74416e-25 	1.21165e-05 	-1.71349e-25 	1.01052e-05
0.159412 	8.45615e-06 	-4.02726e-06 	-7.83867e-26 	1.25348e-05 	3.38193e-25 	1.04955e-05
0.169777 	8.83734e-06 	-4.24935e-06 	-6.09352e-25 	1.29711e-05 	-9.46359e-27 	1.09042e-05
0.180576 	9.23793e-06 	-4.4802e-06 	5.76453e-25 	1.34256e-05 	-3.36841e-25 	1.13318e-05
0.191822 	9.65854e-06 	-4.72e-06 	-1.86541e-25 	1.38985e-05 	5.42166e-25 	1.17785e-05
0.20353 	1.00997e-05 	-4.96889e-06 	-1.50091e-24 	1.43896e-05 	5.15671e-25 	1.22446e-05
0.215716 	1.05618e-05 	-5.22707e-06 	-4.74259e-25 	1.48989e-05 	-6.26107e-25 	1.27304e-05
0.228393 	1.10454e-05 	-5.49468e-06 	2.10657e-24 	1.54263e-05 	-1.2588e-24 	1.32358e-05
0.241577 	1.15507e-05 	-5.77173e-06 	2.9487e-24 	1.59712e-05 	1.57842e-25 	1.3761e-05
0.255283 	1.2078e-05 	-6.05829e-06 	-2.6186e-24 	1.65334e-05 	1.62399e-24 	1.43057e-05
0.269526 	1.26272e-05 	-6.35431e-06 	-1.733e-24 	1.7112e-05 	-6.98849e-25 	1.48697e-05
0.28432 	1.31984e-05 	-6.65955e-06 	3.37529e-24 	1.77063e-05 	-1.23287e-24 	1.54524e-05
0.29968 	1.37913e-05 	-6.9737e-06 	-1.03614e-26 	1.83151e-05 	8.97249e-25 	1.60533e-05
0.315621 	1.44054e-05 	-7.29637e-06 	-1.52545e-24 	1.89373e-05 	1.15118e-25 	1.66714e-05
0.332156 	1.50393e-05 	-7.62701e-06 	2.04567e-24 	1.95717e-05 	-1.2891e-24 	1.73055e-05
0.3493 	1.56904e-05 	-7.967e-06 	4.11581e-24 	2.02183e-05 	-9.3443e-25 	1.79543e-05
0.367066 	1.63564e-05 	-8.31548e-06 	2.41847e-24 	2.08765e-05 	3.0805e-25 	1.86164e-05
0.385466 	1.70376e-05 	-8.66453e-06 	-1.38476e-24 	2.15448e-05 	1.51635e-24 	1.92908e-05
0.404513 	1.77347e-05 	-9.01046e-06 	-6.44934e-24 	2.22225e-05 	1.64937e-24 	1.99782e-05
0.424218 	1.84505e-05 	-9.35353e-06 	-4.75059e-24 	2.29064e-05 	-1.46068e-25 	2.06785e-05
0.444592 	1.91877e-05 	-9.69887e-06 	2.13194e-24 	2.35897e-05 	-1.49746e-24 	2.13891e-05
0.465645 	1.99457e-05 	-1.00489e-05 	4.83369e-24 	2.42628e-05 	-3.67336e-25 	2.21046e-05
0.487386 	2.0719e-05 	-1.04e-05 	-2.64105e-24 	2.49155e-05 	1.36875e-24 	2.28174e-05
0.509822 	2.14971e-05 	-1.0747e-05 	-4.05772e-24 	2.5539e-05 	-5.72722e-25 	2.3518e-05
0.532961 	2.22671e-05 	-1.1084e-05 	1.0458e-23 	2.61247e-05 	-2.13916e-24 	2.41959e-05
0.556808 	2.30157e-05 	-1.14051e-05 	2.15859e-25 	2.66645e-05 	1.39933e-24 	2.484e-05
0.581366 	2.37295e-05 	-1.17046e-05 	-4.96291e-24 	2.71494e-05 	8.3478e-25 	2.54394e-05
0.606639 	2.43957e-05 	-1.19769e-05 	7.93818e-26 	2.75705e-05 	5.49178e-25 	2.59831e-05
0.632627 	2.50019e-05 	-1.22167e-05 	-1.41393e-23 	2.79182e-05 	2.49115e-24 	2.646e-05
0.65933 	2.55358e-05 	-1.24187e-05 	-1.01388e-23 	2.81827e-05 	-2.15341e-24 	2.68592e-05
0.686745 	2.59853e-05 	-1.25779e-05 	3.54573e-23 	2.83541e-05 	-6.02034e-24 	2.71698e-05
0.714868 	2.63384e-05 	-1.2689e-05 	1.59151e-23 	2.84231e-05 	1.68227e-24 	2.73808e-05
0.743693 	2.65836e-05 	-1.27472e-05 	-1.72192e-23 	2.8381e-05 	3.47923e-24 	2.74824e-05
0.773211 	2.67107e-05 	-1.27489e-05 	-6.21002e-24 	2.82212e-05 	-1.34379e-24 	2.7466e-05
0.803413 	2.67116e-05 	-1.26914e-05 	1.82006e-23 	2.79392e-05 	-3.20821e-24 	2.73254e-05
0.834286 	2.65814e-05 	-1.25732e-05 	2.09725e-23 	2.75344e-05 	-3.77319e-25 	2.70579e-05
0.865815 	2.63191e-05 	-1.23949e-05 	-1.28611e-23 	2.70104e-05 	2.74877e-24 	2.66647e-05
0.897985 	2.59287e-05 	-1.21598e-05 	-7.05872e-24 	2.63751e-05 	3.88184e-25 	2.61519e-05
0.930775 	2.54196e-05 	-1.18732e-05 	-7.30076e-24 	2.56407e-05 	-5.88316e-25 	2.55302e-05
0.964166 	2.48058e-05 	-1.15423e-05 	2.17392e-23 	2.48233e-05 	-4.59331e-24 	2.48146e-05
0.998133 	2.41049e-05 	-1.11755e-05 	7.24396e-23 	2.39417e-05 	-3.6309e-24 	2.40234e-05
1.03265 	2.33374e-05 	-1.07826e-05 	-1.78072e-23 	2.30164e-05 	8.36763e-24 	2.31769e-05
1.0677 	2.25244e-05 	-1.03733e-05 	-1.16926e-22 	2.20678e-05 	7.41666e-24 	2.22961e-05
1.10323 	2.16865e-05 	-9.9568e-06 	-7.06824e-24 	2.1115e-05 	-4.88095e-24 	2.14008e-05
1.13924 	2.08423e-05 	-9.5412e-06 	3.34726e-23 	2.01744e-05 	-2.67178e-24 	2.05083e-05
1.17567 	2.00081e-05 	-9.1336e-06 	1.15091e-23 	1.92594e-05 	5.29737e-26 	1.96336e-05
1.2125 	1.91981e-05 	-8.74005e-06 	1.33041e-23 	1.8381e-05 	-9.85247e-25 	1.87896e-05
1.24968 	1.84239e-05 	-8.3649e-06 	2.62675e-23 	1.75469e-05 	-6.48017e-25 	1.79854e-05
1.28719 	1.76918e-05 	-8.01022e-06 	-1.47734e-23 	1.67598e-05 	2.67964e-24 	1.72257e-05
1.32498 	1.70038e-05 	-7.67639e-06 	-5.52002e-23 	1.60196e-05 	2.69444e-24 	1.65116e-05
1.363 	1.63606e-05 	-7.36298e-06 	-1.32804e-23 	1.53237e-05 	-1.35675e-24 	1.58421e-05
1.40123 	1.57619e-05 	-7.06764e-06 	2.98549e-23 	1.4667e-05 	-1.4153e-24 	1.52147e-05
1.43962 	1.52031e-05 	-6.77097e-06 	-1.63841e-23 	1.40454e-05 	3.3068e-24 	1.46245e-05
1.47811 	1.46741e-05 	-6.44981e-06 	-1.01454e-22 	1.3457e-05 	3.73164e-24 	1.40655e-05
1.51668 	1.41676e-05 	-6.12139e-06 	-7.98095e-25 	1.2899e-05 	-5.06806e-24 	1.35332e-05
1.55528 	1.3678e-05 	-5.79255e-06 	1.52357e-22 	1.2369e-05 	-7.58446e-24 	1.30234e-05
1.59385 	1.32031e-05 	-5.46152e-06 	8.72415e-23 	1.18639e-05 	4.32572e-25 	1.25334e-05
1.63237 	1.27435e-05 	-5.13135e-06 	-3.67828e-23 	1.13819e-05 	2.75558e-24 	1.20627e-05
1.67078 	1.23005e-05 	-4.80474e-06 	2.43902e-23 	1.0922e-05 	1.65208e-25 	1.16112e-05
1.70905 	1.18747e-05 	-4.48334e-06 	-9.33225e-23 	1.0483e-05 	5.08544e-24 	1.11788e-05
1.74713 	1.14665e-05 	-4.1677e-06 	-9.38313e-23 	1.00644e-05 	6.41264e-25 	1.07655e-05
1.78497 	1.10769e-05 	-3.85756e-06 	4.05772e-23 	9.66707e-06 	-2.92305e-24 	1.0372e-05
1.82255 	1.07073e-05 	-3.55154e-06 	-3.43317e-24 	9.29256e-06 	1.05463e-24 	9.99991e-06
1.85982 	1.03582e-05 	-3.24877e-06 	-1.98586e-23 	8.94218e-06 	5.39602e-25 	9.65013e-06
1.89674 	1.0029e-05 	-2.94888e-06 	2.72462e-25 	8.61566e-06 	-5.28188e-25 	9.32234e-06
1.93328 	9.71931e-06 	-2.65089e-06 	8.41982e-24 	8.31225e-06 	-1.12195e-24 	9.0158e-06
1.96941 	9.42875e-06 	-2.35465e-06 	5.09597e-23 	8.03147e-06 	-1.58265e-24 	8.73007e-06
2.00508 	9.15703e-06 	-2.06037e-06 	2.15963e-23 	7.77329e-06 	-9.44196e-26 	8.46512e-06
2.04028 	8.90434e-06 	-1.76768e-06 	2.06554e-23 	7.53779e-06 	-6.02607e-25 	8.22108e-06
2.07497 	8.67121e-06 	-1.47654e-06 	3.06733e-23 	7.32511e-06 	8.83993e-26 	7.99814e-06
2.10912 	8.45799e-06 	-1.18786e-06 	-2.89046e-23 	7.13559e-06 	1.11225e-24 	7.79678e-06
2.14271 	8.2653e-06 	-9.02169e-07 	-7.35545e-25 	6.96955e-06 	-1.48481e-24 	7.61746e-06
2.17571 	8.09392e-06 	-6.19503e-07 	6.92025e-23 	6.82727e-06 	-1.70593e-24 	7.46065e-06
2.20812 	7.94456e-06 	-3.40523e-07 	2.17212e-23 	6.70902e-06 	1.42251e-24 	7.32686e-06
2.23989 	7.81799e-06 	-6.60412e-08 	-4.78057e-23 	6.61502e-06 	1.01264e-24 	7.21656e-06
2.27103 	7.71496e-06 	2.03804e-07 	1.49757e-23 	6.54543e-06 	-1.08277e-24 	7.1302e-06
2.30152 	7.636e-06 	4.68982e-07 	6.80449e-24 	6.50038e-06 	1.19415e-24 	7.06816e-06
2.33133 	7.58166e-06 	7.2887e-07 	-6.31378e-23 	6.47986e-06 	1.00153e-24 	7.03071e-06
2.36047 	7.5523e-06 	9.83129e-07 	1.39587e-23 	6.48383e-06 	-1.3014e-24 	7.01805e-06
2.38893 	7.54824e-06 	1.23195e-06 	8.87094e-24 	6.51213e-06 	5.3423e-25 	7.03022e-06
2.41668 	7.56969e-06 	1.47555e-06 	-2.29933e-23 	6.56443e-06 	5.13142e-25 	7.06707e-06
2.44374 	7.61648e-06 	1.71391e-06 	-3.55127e-25 	6.64041e-06 	-2.35229e-25 	7.12842e-06
2.4701 	7.68817e-06 	1.94705e-06 	-9.13448e-24 	6.73968e-06 	2.76144e-25 	7.21394e-06
2.49576 	7.78444e-06 	2.17536e-06 	-8.49858e-24 	6.86157e-06 	6.95951e-27 	7.32303e-06
2.52071 	7.90459e-06 	2.39933e-06 	-2.0647e-24 	7.00539e-06 	-2.7512e-26 	7.45497e-06
2.54496 	8.0476e-06 	2.61921e-06 	-5.34598e-24 	7.17039e-06 	2.50923e-25 	7.60898e-06
2.56852 	8.21246e-06 	2.83517e-06 	-1.06319e-23 	7.35565e-06 	-1.49263e-25 	7.78403e-06
2.59138 	8.39786e-06 	3.04737e-06 	7.69894e-24 	7.5601e-06 	-1.37365e-25 	7.97894e-06
2.61355 	8.60228e-06 	3.25616e-06 	-6.67324e-24 	7.78258e-06 	5.5872e-25 	8.1924e-06
2.63503 	8.82409e-06 	3.46137e-06 	-1.47415e-23 	8.02176e-06 	-5.42346e-25 	8.42291e-06
2.65585 	9.06145e-06 	3.66257e-06 	2.25388e-23 	8.27616e-06 	-1.03311e-24 	8.6688e-06
2.676 	9.3123e-06 	3.85973e-06 	2.09054e-23 	8.54412e-06 	2.93837e-25 	8.92824e-06
2.69549 	9.57448e-06 	4.05245e-06 	-2.3583e-25 	8.82376e-06 	4.53531e-25 	9.19915e-06
2.71434 	9.84562e-06 	4.24009e-06 	5.70083e-25 	9.11303e-06 	2.3004e-25 	9.47934e-06
2.73255 	1.01232e-05 	4.42197e-06 	-7.55527e-24 	9.40983e-06 	8.86998e-26 	9.7665e-06
2.75015 	1.04045e-05 	4.59957e-06 	-7.80135e-25 	9.71183e-06 	-3.66235e-25 	1.00581e-05
2.76713 	1.06869e-05 	4.77314e-06 	6.22189e-24 	1.00169e-05 	2.56782e-25 	1.03519e-05
2.78351 	1.09674e-05 	4.93345e-06 	-9.35754e-24 	1.03238e-05 	4.99621e-25 	1.06456e-05
2.79932 	1.12438e-05 	5.07633e-06 	-8.82109e-24 	1.06304e-05 	-4.16277e-25 	1.09371e-05
2.81455 	1.15134e-05 	5.21034e-06 	5.27986e-24 	1.0932e-05 	-2.83311e-25 	1.12227e-05
2.82922 	1.17709e-05 	5.33878e-06 	5.44787e-25 	1.12219e-05 	4.70572e-25 	1.14964e-05
2.84336 	1.20093e-05 	5.45832e-06 	-7.81149e-24 	1.14935e-05 	-5.27505e-26 	1.17514e-05
2.85696 	1.22225e-05 	5.56627e-06 	2.0638e-24 	1.17409e-05 	-4.78225e-25 	1.19817e-05
2.87006 	1.24054e-05 	5.66045e-06 	4.83798e-24 	1.19597e-05 	5.61955e-26 	1.21826e-05
2.88265 	1.25546e-05 	5.73936e-06 	1.18919e-25 	1.21469e-05 	2.32251e-25 	1.23507e-05
2.89475 	1.26685e-05 	5.80238e-06 	-1.02899e-24 	1.23008e-05 	1.04007e-25 	1.24846e-05
2.90639 	1.27473e-05 	5.84947e-06 	-1.99911e-24 	1.24212e-05 	-9.25723e-26 	1.25842e-05
2.91756 	1.27925e-05 	5.88083e-06 	8.29485e-25 	1.25083e-05 	-1.36901e-25 	1.26504e-05
2.92829 	1.28067e-05 	5.89243e-06 	1.09399e-24 	1.25627e-05 	1.19388e-25 	1.26847e-05
2.93858 	1.2792e-05 	5.88135e-06 	-1.39861e-24 	1.25851e-05 	-2.75257e-26 	1.26886e-05
2.94846 	1.27492e-05 	5.85463e-06 	1.01618e-24 	1.25761e-05 	-1.16465e-25 	1.26626e-05
2.95792 	1.26778e-05 	5.81699e-06 	8.90344e-25 	1.25353e-05 	8.43994e-26 	1.26065e-05
2.96697 	1.25766e-05 	5.76712e-06 	-4.23683e-25 	1.24619e-05 	-7.26438e-27 	1.25193e-05
2.97563 	1.24444e-05 	5.70429e-06 	6.00353e-25 	1.23545e-05 	-5.81886e-27 	1.23994e-05
2.98389 	1.22789e-05 	5.62824e-06 	-7.20907e-26 	1.22105e-05 	8.164e-26 	1.22447e-05
2.99176 	1.20769e-05 	5.54011e-06 	-4.19873e-25 	1.20267e-05 	-2.09546e-26 	1.20518e-05
2.99923 	1.18333e-05 	5.44975e-06 	6.77944e-26 	1.17981e-05 	-4.21959e-26 	1.18157e-05
3.00628 	1.15349e-05 	5.34443e-06 	7.95924e-26 	1.15117e-05 	9.97349e-27 	1.15233e-05
3.01289 	1.11455e-05 	5.17936e-06 	-1.26667e-26 	1.11313e-05 	8.76928e-27 	1.11384e-05
3.01902 	1.05754e-05 	4.91574e-06 	-6.45408e-27 	1.05675e-05 	-3.69037e-27 	1.05715e-05
3.02463 	9.60394e-06 	4.46487e-06 	2.5786e-27 	9.59983e-06 	-2.85031e-27 	9.60188e-06
