0.458493 	4.24385e-06 	-3.44957e-07 	-5.19874e-24 	1.61056e-06 	-2.93895e-23 	2.92722e-06
0.461294 	1.09356e-05 	-9.26308e-07 	1.0902e-22 	4.16418e-06 	-5.24434e-23 	7.54972e-06
0.464584 	1.46799e-05 	-1.37555e-06 	9.45256e-23 	5.64406e-06 	9.65279e-23 	1.01608e-05
0.468306 	1.66302e-05 	-1.84519e-06 	-5.3674e-22 	6.52971e-06 	1.29993e-23 	1.15793e-05
0.472411 	1.75999e-05 	-2.41714e-06 	-3.6183e-22 	7.17493e-06 	-4.40772e-22 	1.23926e-05
0.476858 	1.8058e-05 	-3.04317e-06 	2.63922e-22 	7.76881e-06 	-9.84404e-23 	1.29261e-05
0.481616 	1.82666e-05 	-3.58193e-06 	2.52472e-22 	8.38009e-06 	2.33547e-22 	1.33345e-05
0.486667 	1.84004e-05 	-3.96536e-06 	-5.15698e-22 	8.98897e-06 	-3.27423e-22 	1.36954e-05
0.491995 	1.86012e-05 	-4.29945e-06 	1.10303e-22 	9.50816e-06 	1.49087e-22 	1.405e-05
0.497594 	1.88393e-05 	-4.63663e-06 	-9.33105e-22 	9.98158e-06 	-7.93913e-22 	1.44083e-05
0.503459 	1.90834e-05 	-4.98531e-06 	1.51295e-21 	1.04484e-05 	8.73162e-22 	1.47666e-05
0.509592 	1.93231e-05 	-5.33537e-06 	1.59993e-22 	1.09226e-05 	4.3529e-22 	1.51237e-05
0.515995 	1.95599e-05 	-5.68734e-06 	-8.28926e-22 	1.14037e-05 	-4.46201e-22 	1.54814e-05
0.522671 	1.97944e-05 	-6.04504e-06 	-4.22096e-22 	1.18904e-05 	-3.17829e-22 	1.58415e-05
0.529627 	2.00276e-05 	-6.405e-06 	-6.88501e-22 	1.23806e-05 	-6.70675e-22 	1.62053e-05
0.536868 	2.02627e-05 	-6.74646e-06 	1.58549e-21 	1.2874e-05 	1.04053e-21 	1.65716e-05
0.544402 	2.04919e-05 	-7.0281e-06 	-4.61051e-22 	1.33856e-05 	-8.9642e-23 	1.69398e-05
0.552236 	2.07329e-05 	-7.28931e-06 	4.86899e-23 	1.38989e-05 	-8.99026e-23 	1.73148e-05
0.560379 	2.09817e-05 	-7.54607e-06 	8.16895e-22 	1.44169e-05 	4.11523e-22 	1.76989e-05
0.568837 	2.12355e-05 	-7.8003e-06 	8.5732e-22 	1.49437e-05 	4.64343e-22 	1.80902e-05
0.57762 	2.14955e-05 	-8.05205e-06 	1.46136e-21 	1.54788e-05 	1.30199e-21 	1.84878e-05
0.586735 	2.1762e-05 	-8.30143e-06 	-4.32787e-21 	1.60209e-05 	-2.5613e-21 	1.8892e-05
0.59619 	2.20343e-05 	-8.54876e-06 	1.97025e-21 	1.65698e-05 	7.14617e-22 	1.93027e-05
0.605994 	2.23118e-05 	-8.79406e-06 	9.01795e-22 	1.71251e-05 	4.7872e-22 	1.97191e-05
0.616154 	2.25937e-05 	-9.03731e-06 	2.29195e-21 	1.76863e-05 	1.60947e-21 	2.01407e-05
0.626678 	2.28792e-05 	-9.27859e-06 	-4.27955e-21 	1.82525e-05 	-2.32548e-21 	2.05664e-05
0.637575 	2.3167e-05 	-9.51732e-06 	2.27974e-21 	1.88226e-05 	9.4126e-22 	2.09956e-05
0.648851 	2.34559e-05 	-9.75333e-06 	-3.21918e-22 	1.93958e-05 	-9.30969e-23 	2.14267e-05
0.660514 	2.37447e-05 	-9.98642e-06 	2.0599e-21 	1.99705e-05 	1.18091e-21 	2.18584e-05
0.672571 	2.4032e-05 	-1.02159e-05 	-2.52236e-21 	2.05451e-05 	-1.17803e-21 	2.22894e-05
0.685029 	2.43161e-05 	-1.04411e-05 	5.45127e-22 	2.11181e-05 	-1.4974e-22 	2.27179e-05
0.697895 	2.45954e-05 	-1.06614e-05 	3.48255e-21 	2.16875e-05 	1.80201e-21 	2.31422e-05
0.711175 	2.48675e-05 	-1.0876e-05 	-2.90315e-21 	2.22516e-05 	-1.11723e-21 	2.35604e-05
0.724875 	2.51311e-05 	-1.10841e-05 	-2.14078e-22 	2.28078e-05 	-4.43225e-22 	2.39702e-05
0.739001 	2.53839e-05 	-1.12849e-05 	3.11187e-21 	2.33538e-05 	1.48317e-21 	2.43697e-05
0.753557 	2.56243e-05 	-1.14777e-05 	-3.18373e-21 	2.38871e-05 	-1.22913e-21 	2.47563e-05
0.768549 	2.58494e-05 	-1.16608e-05 	5.5716e-22 	2.44052e-05 	-1.85995e-22 	2.5128e-05
0.783981 	2.6057e-05 	-1.18328e-05 	3.74381e-21 	2.49057e-05 	1.68839e-21 	2.54824e-05
0.799857 	2.62461e-05 	-1.19946e-05 	-3.83997e-21 	2.53849e-05 	-1.28979e-21 	2.58164e-05
0.816181 	2.6414e-05 	-1.21441e-05 	-6.61489e-22 	2.58404e-05 	-4.10977e-22 	2.61276e-05
0.832957 	2.65572e-05 	-1.22792e-05 	-3.08064e-22 	2.62698e-05 	-1.54284e-22 	2.64141e-05
0.850188 	2.66751e-05 	-1.24003e-05 	4.46021e-22 	2.66695e-05 	-6.10641e-23 	2.66729e-05
0.867876 	2.67647e-05 	-1.25051e-05 	4.32406e-21 	2.70368e-05 	1.65976e-21 	2.69014e-05
0.886023 	2.68244e-05 	-1.25938e-05 	-4.78113e-21 	2.73687e-05 	-1.35487e-21 	2.70973e-05
0.904631 	2.68528e-05 	-1.26658e-05 	-5.50196e-22 	2.76619e-05 	-3.96247e-22 	2.72573e-05
0.923702 	2.68459e-05 	-1.27177e-05 	3.40596e-22 	2.79147e-05 	5.35568e-23 	2.73804e-05
0.943237 	2.68032e-05 	-1.27498e-05 	2.72458e-22 	2.81236e-05 	9.51358e-23 	2.74635e-05
0.963236 	2.67231e-05 	-1.27621e-05 	1.55204e-23 	2.82859e-05 	2.46037e-23 	2.75044e-05
0.983699 	2.66032e-05 	-1.27528e-05 	-3.46953e-22 	2.83996e-05 	-7.94877e-23 	2.75014e-05
1.00463 	2.64425e-05 	-1.27215e-05 	-4.53609e-24 	2.84621e-05 	-2.05924e-23 	2.74522e-05
1.02602 	2.62395e-05 	-1.26672e-05 	3.44111e-22 	2.84717e-05 	9.3324e-23 	2.73553e-05
1.04787 	2.59934e-05 	-1.25904e-05 	-7.00448e-22 	2.84263e-05 	-1.07352e-22 	2.72092e-05
1.07019 	2.57028e-05 	-1.24892e-05 	-5.83676e-22 	2.83249e-05 	-2.71685e-23 	2.7013e-05
1.09296 	2.53664e-05 	-1.23632e-05 	-4.9016e-21 	2.81669e-05 	-1.27353e-21 	2.67661e-05
1.11618 	2.49849e-05 	-1.22137e-05 	6.0704e-21 	2.79515e-05 	1.17936e-21 	2.64676e-05
1.13986 	2.45579e-05 	-1.20398e-05 	7.69381e-22 	2.76791e-05 	1.9696e-22 	2.61179e-05
1.16399 	2.40865e-05 	-1.18428e-05 	5.24856e-21 	2.73501e-05 	1.20552e-21 	2.57174e-05
1.18855 	2.3571e-05 	-1.16228e-05 	-6.00632e-21 	2.69663e-05 	-1.04124e-21 	2.52676e-05
1.21355 	2.30127e-05 	-1.13792e-05 	-4.60998e-22 	2.65299e-05 	-2.22451e-22 	2.47706e-05
1.23898 	2.24147e-05 	-1.11156e-05 	2.5772e-23 	2.60437e-05 	-1.63237e-23 	2.42284e-05
1.26482 	2.17795e-05 	-1.0832e-05 	3.10867e-22 	2.55114e-05 	4.71403e-23 	2.36445e-05
1.29107 	2.11099e-05 	-1.05294e-05 	1.53652e-22 	2.49377e-05 	-1.67901e-23 	2.30231e-05
1.31772 	2.04106e-05 	-1.02113e-05 	2.94453e-21 	2.43275e-05 	5.09041e-22 	2.23685e-05
1.34476 	1.9686e-05 	-9.8801e-06 	-2.91565e-21 	2.3687e-05 	-4.04498e-22 	2.16859e-05
1.37217 	1.8941e-05 	-9.53738e-06 	1.62508e-22 	2.30228e-05 	-3.26987e-23 	2.09813e-05
1.39994 	1.81806e-05 	-9.18508e-06 	1.69585e-22 	2.23422e-05 	2.70328e-23 	2.02608e-05
1.42805 	1.74107e-05 	-8.82722e-06 	-1.93356e-22 	2.16526e-05 	-1.69806e-23 	1.95311e-05
1.45649 	1.66372e-05 	-8.46657e-06 	-1.76442e-22 	2.09612e-05 	-2.65288e-23 	1.87986e-05
1.48524 	1.58655e-05 	-8.10486e-06 	1.87538e-25 	2.02755e-05 	-5.39101e-24 	1.807e-05
1.51427 	1.51022e-05 	-7.74538e-06 	2.02844e-22 	1.96015e-05 	-1.77621e-23 	1.73511e-05
1.54357 	1.43524e-05 	-7.39005e-06 	3.44987e-21 	1.89445e-05 	4.28401e-22 	1.66478e-05
1.57311 	1.36207e-05 	-7.04024e-06 	-3.4615e-21 	1.83085e-05 	-3.09331e-22 	1.59643e-05
1.60287 	1.29119e-05 	-6.69876e-06 	-3.81732e-21 	1.76958e-05 	-4.69655e-22 	1.5304e-05
1.63283 	1.22285e-05 	-6.36587e-06 	3.10086e-21 	1.71093e-05 	2.86297e-22 	1.46693e-05
1.66296 	1.15705e-05 	-6.04173e-06 	1.34803e-23 	1.65542e-05 	6.49811e-23 	1.40622e-05
1.69323 	1.09356e-05 	-5.72504e-06 	-3.54924e-21 	1.60383e-05 	-3.89742e-22 	1.34854e-05
1.72362 	1.03234e-05 	-5.41419e-06 	7.31614e-21 	1.55658e-05 	6.97636e-22 	1.29434e-05
1.75409 	9.74835e-06 	-5.10987e-06 	-7.54597e-21 	1.51249e-05 	-6.31862e-22 	1.24383e-05
1.78463 	9.26429e-06 	-4.75193e-06 	4.05324e-21 	1.46576e-05 	2.87757e-22 	1.19621e-05
1.81519 	8.8456e-06 	-4.39196e-06 	1.57401e-22 	1.41755e-05 	6.29075e-23 	1.151e-05
1.84575 	8.46339e-06 	-4.05715e-06 	-1.83591e-21 	1.36979e-05 	-1.61555e-22 	1.10802e-05
1.87629 	8.11032e-06 	-3.73827e-06 	2.49713e-21 	1.32297e-05 	1.60471e-22 	1.06698e-05
1.90676 	7.78116e-06 	-3.429e-06 	2.32292e-21 	1.27747e-05 	1.89813e-22 	1.02776e-05
1.93714 	7.47304e-06 	-3.12509e-06 	-1.63536e-22 	1.23352e-05 	3.82261e-24 	9.90397e-06
1.9674 	7.1863e-06 	-2.82565e-06 	-5.02659e-22 	1.19121e-05 	-2.5337e-23 	9.54919e-06
1.9975 	6.92159e-06 	-2.53006e-06 	-2.23122e-21 	1.15064e-05 	-1.55255e-22 	9.21381e-06
2.02743 	6.67807e-06 	-2.23764e-06 	-4.23269e-25 	1.11196e-05 	-1.86465e-23 	8.89863e-06
2.05714 	6.45594e-06 	-1.94882e-06 	2.25249e-22 	1.07523e-05 	1.26422e-23 	8.60402e-06
2.08662 	6.25537e-06 	-1.66415e-06 	1.84815e-22 	1.04054e-05 	1.21378e-23 	8.33034e-06
2.11583 	6.07608e-06 	-1.38363e-06 	5.2436e-24 	1.00798e-05 	1.26984e-23 	8.07791e-06
2.14475 	5.91834e-06 	-1.10719e-06 	-1.45491e-21 	9.77605e-06 	-1.04342e-22 	7.84711e-06
2.17335 	5.78164e-06 	-8.35328e-07 	3.17126e-21 	9.49511e-06 	1.73346e-22 	7.63831e-06
2.20161 	5.66603e-06 	-5.68339e-07 	-1.53547e-21 	9.23777e-06 	-5.78502e-23 	7.45198e-06
2.2295 	5.57206e-06 	-3.06625e-07 	-2.05324e-22 	9.00424e-06 	-3.76015e-23 	7.28808e-06
2.257 	5.49908e-06 	-4.99332e-08 	1.8672e-21 	8.79565e-06 	8.46821e-23 	7.14728e-06
2.28409 	5.44752e-06 	2.01886e-07 	4.41881e-22 	8.61235e-06 	3.73899e-23 	7.02984e-06
2.31075 	5.41722e-06 	4.48655e-07 	-6.49844e-22 	8.45504e-06 	-1.32498e-23 	6.93609e-06
2.33697 	5.40819e-06 	6.90336e-07 	-1.80877e-21 	8.32431e-06 	-9.31734e-23 	6.86631e-06
2.36272 	5.4206e-06 	9.2702e-07 	5.0878e-22 	8.22048e-06 	1.11605e-23 	6.82059e-06
2.38799 	5.45422e-06 	1.1592e-06 	-4.76254e-22 	8.14399e-06 	-1.20907e-23 	6.79911e-06
2.41277 	5.50917e-06 	1.38659e-06 	-4.58253e-22 	8.09481e-06 	-2.41849e-23 	6.80189e-06
2.43705 	5.58488e-06 	1.60982e-06 	2.07188e-22 	8.07299e-06 	1.05413e-24 	6.82889e-06
2.46081 	5.68115e-06 	1.82835e-06 	4.9589e-22 	8.0782e-06 	2.15316e-23 	6.87968e-06
2.48404 	5.79737e-06 	2.04158e-06 	-5.96665e-24 	8.10986e-06 	1.56367e-24 	6.95359e-06
2.50675 	5.93293e-06 	2.2506e-06 	2.36526e-22 	8.16696e-06 	1.2319e-23 	7.04985e-06
2.52891 	6.08654e-06 	2.45472e-06 	-4.47026e-22 	8.24839e-06 	-1.43678e-23 	7.16743e-06
2.55054 	6.25701e-06 	2.65342e-06 	-5.08592e-24 	8.35271e-06 	-3.08946e-24 	7.30488e-06
2.57161 	6.44291e-06 	2.8467e-06 	-1.01444e-22 	8.47796e-06 	-3.11197e-24 	7.46048e-06
2.59214 	6.64253e-06 	3.03382e-06 	5.79254e-24 	8.62198e-06 	-2.38615e-24 	7.63228e-06
2.61212 	6.85373e-06 	3.21442e-06 	1.12095e-22 	8.78249e-06 	3.79122e-24 	7.81816e-06
2.63155 	7.07446e-06 	3.38797e-06 	-3.51001e-24 	8.95689e-06 	5.05768e-25 	8.01572e-06
2.65043 	7.3024e-06 	3.55355e-06 	5.75153e-23 	9.14247e-06 	-3.68194e-25 	8.22243e-06
2.66877 	7.53496e-06 	3.71045e-06 	1.62062e-22 	9.3365e-06 	7.04733e-24 	8.43567e-06
2.68656 	7.7696e-06 	3.85854e-06 	-1.57216e-22 	9.53621e-06 	-2.60928e-24 	8.65278e-06
2.70382 	8.00425e-06 	3.99741e-06 	-2.68428e-24 	9.73839e-06 	-4.41904e-24 	8.87128e-06
2.72055 	8.23788e-06 	4.12698e-06 	1.98657e-22 	9.93915e-06 	4.11884e-24 	9.08873e-06
2.73675 	8.4712e-06 	4.24242e-06 	5.69128e-23 	1.0134e-05 	5.15405e-24 	9.30276e-06
2.75243 	8.70138e-06 	4.34787e-06 	-1.31572e-22 	1.0322e-05 	-2.47152e-25 	9.51164e-06
2.7676 	8.92373e-06 	4.44736e-06 	-1.63583e-22 	1.0504e-05 	-2.03231e-24 	9.71373e-06
2.78227 	9.13422e-06 	4.54157e-06 	-2.23289e-22 	1.068e-05 	-7.94581e-24 	9.90694e-06
2.79644 	9.33068e-06 	4.62965e-06 	6.34689e-23 	1.08485e-05 	-4.78941e-24 	1.00895e-05
2.81014 	9.51349e-06 	4.71098e-06 	2.09178e-22 	1.10064e-05 	1.74122e-24 	1.02601e-05
2.82335 	9.68516e-06 	4.78112e-06 	2.09784e-22 	1.11503e-05 	9.20567e-24 	1.04179e-05
2.8361 	9.84741e-06 	4.83866e-06 	-1.25201e-22 	1.12785e-05 	1.50655e-24 	1.0563e-05
2.8484 	9.99978e-06 	4.88891e-06 	-5.74556e-23 	1.13921e-05 	-1.90153e-24 	1.06959e-05
2.86025 	1.0142e-05 	4.93333e-06 	-6.75012e-23 	1.14918e-05 	-1.32125e-24 	1.08169e-05
2.87167 	1.02747e-05 	4.97192e-06 	-4.35986e-23 	1.15783e-05 	-2.7555e-24 	1.09265e-05
2.88267 	1.03985e-05 	5.0062e-06 	5.60238e-23 	1.16522e-05 	1.27288e-24 	1.10253e-05
2.89326 	1.05143e-05 	5.03746e-06 	-5.03812e-23 	1.17143e-05 	-3.51205e-25 	1.11144e-05
2.90345 	1.06232e-05 	5.0666e-06 	2.4425e-23 	1.17658e-05 	-8.13067e-25 	1.11946e-05
2.91325 	1.07262e-05 	5.09412e-06 	1.1864e-23 	1.18079e-05 	7.3161e-25 	1.1267e-05
2.92267 	1.08241e-05 	5.12101e-06 	-9.68631e-24 	1.18416e-05 	4.72211e-25 	1.13329e-05
2.93173 	1.09178e-05 	5.14841e-06 	-1.32154e-23 	1.18684e-05 	-6.36926e-25 	1.13931e-05
2.94043 	1.10082e-05 	5.17709e-06 	1.34479e-23 	1.18897e-05 	-1.09353e-25 	1.14489e-05
2.94878 	1.10958e-05 	5.20747e-06 	2.08233e-24 	1.19064e-05 	5.74624e-25 	1.15012e-05
2.95681 	1.11811e-05 	5.23975e-06 	-8.33791e-24 	1.19198e-05 	1.60348e-25 	1.15505e-05
2.9645 	1.12641e-05 	5.27391e-06 	-6.3391e-24 	1.19305e-05 	3.17626e-26 	1.15973e-05
2.97189 	1.13443e-05 	5.30962e-06 	-8.04236e-24 	1.19388e-05 	-6.65696e-25 	1.16416e-05
2.97896 	1.14208e-05 	5.34619e-06 	1.04442e-23 	1.19444e-05 	-5.19775e-25 	1.16826e-05
2.98575 	1.14916e-05 	5.38265e-06 	9.80248e-24 	1.19463e-05 	2.91151e-25 	1.17189e-05
2.99224 	1.15537e-05 	5.42205e-06 	2.1581e-24 	1.19416e-05 	7.77251e-26 	1.17477e-05
2.99845 	1.16019e-05 	5.45617e-06 	4.04556e-24 	1.19241e-05 	-7.00317e-27 	1.17631e-05
3.00438 	1.16246e-05 	5.46325e-06 	1.98512e-24 	1.18818e-05 	3.04005e-25 	1.17533e-05
3.01003 	1.15968e-05 	5.437e-06 	-1.08471e-24 	1.17921e-05 	1.56262e-25 	1.16945e-05
3.01541 	1.14684e-05 	5.36472e-06 	-1.03495e-24 	1.16077e-05 	-7.88429e-26 	1.15381e-05
3.02051 	1.11343e-05 	5.19842e-06 	8.28717e-26 	1.12255e-05 	7.51636e-27 	1.118e-05
3.02532 	1.03495e-05 	4.82455e-06 	-2.76957e-25 	1.04015e-05 	3.66536e-26 	1.03757e-05
3.02983 	8.47389e-06 	3.9458e-06 	-1.28272e-25 	8.4973e-06 	-2.56422e-26 	8.4857e-06
3.034 	3.57328e-06 	1.66297e-06 	5.87077e-29 	3.57927e-06 	-1.29663e-26 	3.57627e-06
