0.00324548 	3.94164e-06 	1.83432e-06 	-1.07464e-28 	3.94806e-06 	3.89642e-28 	3.94464e-06
0.00588241 	5.4233e-06 	2.53104e-06 	1.58526e-27 	5.46415e-06 	2.9852e-28 	5.44279e-06
0.00889253 	6.18491e-06 	2.90788e-06 	1.01593e-26 	6.32897e-06 	-6.23528e-28 	6.25564e-06
0.0122355 	6.4811e-06 	3.0907e-06 	4.57893e-25 	6.84109e-06 	1.42317e-27 	6.66255e-06
0.0158787 	6.55225e-06 	3.10605e-06 	3.89132e-25 	7.2022e-06 	7.03034e-27 	6.88306e-06
0.019798 	6.58425e-06 	2.93412e-06 	-1.50812e-24 	7.46883e-06 	-8.17708e-28 	7.03146e-06
0.023977 	6.65479e-06 	2.70931e-06 	-1.57433e-24 	7.66711e-06 	-1.59103e-26 	7.16088e-06
0.0284056 	6.74959e-06 	2.55155e-06 	8.23114e-25 	7.84123e-06 	-1.44938e-26 	7.29351e-06
0.0330792 	6.8506e-06 	2.42495e-06 	2.66562e-24 	8.01529e-06 	1.77648e-26 	7.43227e-06
0.0379968 	6.95553e-06 	2.29211e-06 	1.07455e-26 	8.19373e-06 	1.58327e-26 	7.5747e-06
0.0431607 	7.06439e-06 	2.15303e-06 	-3.96627e-24 	8.37675e-06 	-2.78237e-26 	7.72063e-06
0.0485753 	7.17793e-06 	2.00761e-06 	-3.69344e-24 	8.56342e-06 	-7.06576e-26 	7.87067e-06
0.054247 	7.29656e-06 	1.85576e-06 	-1.82235e-24 	8.75365e-06 	-5.70092e-26 	8.02509e-06
0.0601834 	7.42066e-06 	1.69732e-06 	3.74415e-24 	8.94767e-06 	6.77646e-26 	8.18416e-06
0.0663932 	7.55067e-06 	1.53215e-06 	-4.87583e-26 	9.14573e-06 	-1.95664e-26 	8.3482e-06
0.0728862 	7.68703e-06 	1.35998e-06 	-3.89111e-24 	9.34812e-06 	-1.46238e-25 	8.51758e-06
0.0796726 	7.83025e-06 	1.18047e-06 	1.3728e-23 	9.55517e-06 	3.20193e-25 	8.69271e-06
0.0867635 	7.98086e-06 	9.93431e-07 	1.55681e-23 	9.7673e-06 	4.85595e-25 	8.87407e-06
0.0941703 	8.13939e-06 	7.98663e-07 	-5.14731e-24 	9.98497e-06 	-5.7572e-26 	9.06217e-06
0.101905 	8.30643e-06 	5.95934e-07 	-8.26289e-24 	1.02087e-05 	-2.43428e-25 	9.25755e-06
0.10998 	8.48257e-06 	3.84904e-07 	-1.51606e-23 	1.04391e-05 	-5.59844e-25 	9.46081e-06
0.118408 	8.6684e-06 	1.65271e-07 	5.87944e-24 	1.06767e-05 	1.7887e-25 	9.67255e-06
0.127202 	8.86455e-06 	-6.31495e-08 	2.10926e-23 	1.09223e-05 	1.01473e-24 	9.89344e-06
0.136376 	9.07167e-06 	-3.00616e-07 	-7.45819e-24 	1.11767e-05 	-1.70199e-25 	1.01242e-05
0.145943 	9.29039e-06 	-5.47496e-07 	-2.27095e-23 	1.14407e-05 	-1.19916e-24 	1.03655e-05
0.155918 	9.52136e-06 	-8.04003e-07 	-2.65204e-24 	1.17151e-05 	-2.07855e-25 	1.06182e-05
0.166314 	9.76527e-06 	-1.07025e-06 	1.92314e-23 	1.20009e-05 	1.07784e-24 	1.08831e-05
0.177147 	1.00228e-05 	-1.3465e-06 	1.4622e-25 	1.22992e-05 	3.06987e-26 	1.11609e-05
0.18843 	1.02945e-05 	-1.63297e-06 	-1.45939e-23 	1.26109e-05 	-1.13404e-24 	1.14527e-05
0.200179 	1.05812e-05 	-1.92989e-06 	-1.8521e-23 	1.29373e-05 	-1.70121e-24 	1.17592e-05
0.212409 	1.08834e-05 	-2.23737e-06 	-3.04044e-25 	1.32795e-05 	4.84881e-26 	1.20814e-05
0.225135 	1.12018e-05 	-2.55539e-06 	1.13268e-23 	1.36386e-05 	1.10079e-24 	1.24202e-05
0.238371 	1.1537e-05 	-2.88406e-06 	6.8898e-24 	1.40157e-05 	4.19483e-25 	1.27764e-05
0.252133 	1.18896e-05 	-3.22345e-06 	-1.26546e-23 	1.44122e-05 	-1.63596e-24 	1.31509e-05
0.266436 	1.22602e-05 	-3.57344e-06 	1.34853e-23 	1.48289e-05 	1.36539e-24 	1.35445e-05
0.281294 	1.26491e-05 	-3.93397e-06 	7.23755e-24 	1.52672e-05 	8.8319e-25 	1.39581e-05
0.296723 	1.30569e-05 	-4.30489e-06 	4.9057e-24 	1.57278e-05 	8.49104e-25 	1.43923e-05
0.312736 	1.3484e-05 	-4.6859e-06 	5.09761e-24 	1.62116e-05 	1.05276e-24 	1.48477e-05
0.329348 	1.39305e-05 	-5.07679e-06 	-2.13379e-23 	1.67193e-05 	-4.49504e-24 	1.53248e-05
0.346572 	1.43967e-05 	-5.47721e-06 	-7.59083e-24 	1.72513e-05 	-1.67057e-24 	1.5824e-05
0.364422 	1.48827e-05 	-5.88656e-06 	2.85443e-23 	1.78078e-05 	7.66356e-24 	1.63453e-05
0.382911 	1.53885e-05 	-6.30429e-06 	-2.10553e-23 	1.83888e-05 	-8.58676e-24 	1.68886e-05
0.402049 	1.59139e-05 	-6.72988e-06 	5.75551e-24 	1.89939e-05 	4.16181e-24 	1.74539e-05
0.421849 	1.64588e-05 	-7.16261e-06 	8.2612e-24 	1.96223e-05 	5.56496e-24 	1.80405e-05
0.44232 	1.70227e-05 	-7.60152e-06 	-1.61579e-24 	2.02728e-05 	-1.96392e-24 	1.86478e-05
0.463472 	1.76052e-05 	-8.04562e-06 	-1.6508e-24 	2.09438e-05 	-2.13948e-24 	1.92745e-05
0.485314 	1.82056e-05 	-8.49373e-06 	-2.43164e-25 	2.16331e-05 	1.72863e-25 	1.99192e-05
0.507853 	1.88233e-05 	-8.94457e-06 	3.14015e-25 	2.2338e-05 	-4.86845e-25 	2.05804e-05
0.531093 	1.94569e-05 	-9.41037e-06 	-7.56765e-24 	2.30559e-05 	3.98611e-24 	2.12566e-05
0.555041 	2.01085e-05 	-9.90031e-06 	-6.04782e-24 	2.37841e-05 	5.10932e-25 	2.19465e-05
0.5797 	2.07965e-05 	-1.03451e-05 	-3.85127e-23 	2.45115e-05 	1.17452e-23 	2.26539e-05
0.60507 	2.15298e-05 	-1.07143e-05 	9.97496e-24 	2.52391e-05 	-2.73596e-24 	2.33844e-05
0.631151 	2.22887e-05 	-1.10683e-05 	4.61012e-23 	2.59721e-05 	-1.27144e-23 	2.41302e-05
0.657943 	2.30457e-05 	-1.14182e-05 	-8.86546e-25 	2.66844e-05 	-5.23127e-25 	2.4865e-05
0.685441 	2.37698e-05 	-1.17476e-05 	4.37319e-24 	2.73344e-05 	-2.41604e-25 	2.55523e-05
0.71364 	2.44305e-05 	-1.2041e-05 	1.21139e-23 	2.78815e-05 	-2.13677e-24 	2.61562e-05
0.742532 	2.50011e-05 	-1.22853e-05 	-1.21778e-23 	2.82933e-05 	1.95733e-24 	2.66473e-05
0.772108 	2.54579e-05 	-1.24706e-05 	-2.58788e-23 	2.85466e-05 	3.73024e-24 	2.70023e-05
0.802357 	2.57796e-05 	-1.25885e-05 	-5.71362e-23 	2.86241e-05 	7.93905e-24 	2.72018e-05
0.833265 	2.59473e-05 	-1.26318e-05 	5.77108e-23 	2.85126e-05 	-7.30728e-24 	2.72299e-05
0.864816 	2.59468e-05 	-1.2595e-05 	3.26368e-23 	2.82046e-05 	-4.02398e-24 	2.70756e-05
0.896992 	2.57716e-05 	-1.24753e-05 	7.5027e-23 	2.77007e-05 	-8.40079e-24 	2.67361e-05
0.929775 	2.54256e-05 	-1.2274e-05 	-5.87819e-23 	2.70138e-05 	6.79123e-24 	2.62198e-05
0.96314 	2.49247e-05 	-1.19979e-05 	7.31803e-23 	2.61712e-05 	-7.31629e-24 	2.55479e-05
0.997066 	2.42959e-05 	-1.16592e-05 	-3.68582e-22 	2.52128e-05 	3.49526e-23 	2.47542e-05
1.03153 	2.3575e-05 	-1.12751e-05 	3.89851e-22 	2.41856e-05 	-3.47986e-23 	2.38802e-05
1.06649 	2.28009e-05 	-1.08647e-05 	-1.29427e-22 	2.3136e-05 	1.04852e-23 	2.29683e-05
1.10193 	2.20103e-05 	-1.04455e-05 	2.86216e-23 	2.21015e-05 	-2.19586e-24 	2.20554e-05
1.13782 	2.12334e-05 	-1.00314e-05 	-8.19336e-25 	2.11053e-05 	1.28637e-25 	2.11689e-05
1.17411 	2.04941e-05 	-9.6257e-06 	1.026e-23 	2.0153e-05 	-5.22265e-25 	2.0325e-05
1.21079 	1.9804e-05 	-9.19179e-06 	3.69982e-23 	1.92429e-05 	-2.64813e-24 	1.95245e-05
1.2478 	1.9152e-05 	-8.70385e-06 	2.94186e-24 	1.83808e-05 	1.94081e-26 	1.87656e-05
1.28512 	1.85256e-05 	-8.2106e-06 	8.06089e-23 	1.75784e-05 	-5.11842e-24 	1.80516e-05
1.3227 	1.79239e-05 	-7.72353e-06 	4.66886e-22 	1.68449e-05 	-2.84013e-23 	1.73843e-05
1.3605 	1.73514e-05 	-7.25243e-06 	5.18036e-23 	1.61776e-05 	-1.50089e-24 	1.67645e-05
1.39849 	1.68095e-05 	-6.80915e-06 	-2.57826e-23 	1.55682e-05 	3.13046e-24 	1.61889e-05
1.43662 	1.62979e-05 	-6.39942e-06 	-3.27943e-23 	1.50072e-05 	3.51094e-24 	1.56526e-05
1.47486 	1.58141e-05 	-6.02351e-06 	-5.3241e-22 	1.44852e-05 	2.96761e-23 	1.51496e-05
1.51315 	1.53542e-05 	-5.67828e-06 	-8.76583e-23 	1.39937e-05 	4.51439e-24 	1.46739e-05
1.55146 	1.49129e-05 	-5.36101e-06 	4.65769e-23 	1.35221e-05 	-2.37264e-24 	1.42176e-05
1.58975 	1.44847e-05 	-5.06665e-06 	-4.90762e-23 	1.30622e-05 	2.78305e-24 	1.37735e-05
1.62797 	1.40667e-05 	-4.78886e-06 	-1.06037e-22 	1.26092e-05 	5.28568e-24 	1.3338e-05
1.66608 	1.36566e-05 	-4.52211e-06 	-2.05362e-22 	1.21606e-05 	8.61544e-24 	1.29087e-05
1.70405 	1.32532e-05 	-4.26156e-06 	5.23477e-22 	1.17154e-05 	-2.35679e-23 	1.24843e-05
1.74183 	1.28553e-05 	-4.00364e-06 	-2.19327e-22 	1.12738e-05 	1.03457e-23 	1.20646e-05
1.77937 	1.2463e-05 	-3.74392e-06 	-1.01636e-23 	1.08377e-05 	-2.54283e-25 	1.16505e-05
1.81666 	1.20775e-05 	-3.4807e-06 	3.97612e-22 	1.04098e-05 	-1.62296e-23 	1.12437e-05
1.85364 	1.17003e-05 	-3.21295e-06 	6.01751e-23 	9.99408e-06 	-8.52742e-25 	1.08471e-05
1.89027 	1.13329e-05 	-2.9397e-06 	-4.08843e-22 	9.59434e-06 	1.66677e-23 	1.04636e-05
1.92654 	1.0977e-05 	-2.6612e-06 	-1.2961e-22 	9.21326e-06 	4.51444e-24 	1.00951e-05
1.9624 	1.06343e-05 	-2.37801e-06 	1.29141e-23 	8.85273e-06 	-8.45398e-25 	9.74338e-06
1.99782 	1.0306e-05 	-2.09169e-06 	8.03777e-23 	8.51471e-06 	-3.24214e-24 	9.41039e-06
2.03277 	9.99409e-06 	-1.80306e-06 	2.88746e-22 	8.2008e-06 	-9.23053e-24 	9.09756e-06
2.06723 	9.70039e-06 	-1.51377e-06 	-2.61322e-22 	7.91218e-06 	9.25726e-24 	8.80623e-06
2.10116 	9.426e-06 	-1.22521e-06 	1.19718e-22 	7.65004e-06 	-3.83924e-24 	8.53787e-06
2.13455 	9.17199e-06 	-9.38551e-07 	-1.81493e-22 	7.41535e-06 	5.90679e-24 	8.29365e-06
2.16737 	8.93978e-06 	-6.55269e-07 	2.56077e-24 	7.20848e-06 	-5.9601e-25 	8.07426e-06
2.1996 	8.73078e-06 	-3.75993e-07 	7.42595e-23 	7.02948e-06 	-2.45892e-24 	7.88011e-06
2.23122 	8.54522e-06 	-1.01989e-07 	1.43718e-22 	6.87868e-06 	-4.37202e-24 	7.71193e-06
2.26222 	8.38388e-06 	1.66297e-07 	2.30562e-22 	6.75578e-06 	-5.6949e-24 	7.56985e-06
2.29257 	8.24738e-06 	4.28181e-07 	-6.94571e-23 	6.66037e-06 	3.01872e-24 	7.45385e-06
2.32228 	8.1358e-06 	6.82686e-07 	-1.42325e-22 	6.592e-06 	4.1741e-24 	7.36391e-06
2.35132 	8.04922e-06 	9.29307e-07 	-1.74674e-22 	6.54993e-06 	4.17714e-24 	7.29966e-06
2.3797 	7.9878e-06 	1.16797e-06 	2.71293e-23 	6.53323e-06 	-8.09858e-25 	7.26053e-06
2.40739 	7.95101e-06 	1.39887e-06 	-7.46502e-23 	6.54097e-06 	2.1975e-24 	7.24592e-06
2.4344 	7.93816e-06 	1.62142e-06 	-9.52779e-23 	6.57215e-06 	1.48815e-24 	7.25509e-06
2.46072 	7.9486e-06 	1.8358e-06 	2.15607e-22 	6.62558e-06 	-5.05761e-24 	7.28708e-06
2.48635 	7.98156e-06 	2.04212e-06 	-4.48491e-23 	6.6999e-06 	1.98124e-24 	7.34074e-06
2.51129 	8.03601e-06 	2.24081e-06 	-1.52512e-22 	6.79375e-06 	3.22123e-24 	7.41484e-06
2.53554 	8.1106e-06 	2.43278e-06 	1.34004e-23 	6.90583e-06 	-4.80866e-25 	7.50821e-06
2.55911 	8.2043e-06 	2.61773e-06 	-7.3308e-23 	7.03476e-06 	1.42486e-24 	7.61951e-06
2.58199 	8.31581e-06 	2.79632e-06 	5.11604e-25 	7.17921e-06 	-5.8347e-25 	7.74747e-06
2.60419 	8.44388e-06 	2.96958e-06 	9.80168e-23 	7.33799e-06 	-1.8979e-24 	7.8909e-06
2.62572 	8.58738e-06 	3.138e-06 	-9.35734e-25 	7.51003e-06 	4.01662e-25 	8.04875e-06
2.64658 	8.74539e-06 	3.30242e-06 	-3.09649e-23 	7.6943e-06 	6.40131e-25 	8.2199e-06
2.66679 	8.91699e-06 	3.46351e-06 	-2.80483e-23 	7.89001e-06 	6.2516e-25 	8.40351e-06
2.68634 	9.10123e-06 	3.62189e-06 	-8.04074e-23 	8.0966e-06 	9.45448e-25 	8.59892e-06
2.70526 	9.29744e-06 	3.77846e-06 	5.56565e-23 	8.31357e-06 	-1.89874e-24 	8.8055e-06
2.72355 	9.505e-06 	3.93376e-06 	1.56747e-22 	8.54056e-06 	-2.20335e-24 	9.02276e-06
2.74123 	9.72319e-06 	4.08789e-06 	-2.62427e-23 	8.77728e-06 	1.08214e-24 	9.25023e-06
2.7583 	9.9514e-06 	4.24121e-06 	-1.68006e-23 	9.02351e-06 	1.75989e-25 	9.48749e-06
2.77477 	1.01891e-05 	4.39381e-06 	3.39363e-24 	9.27897e-06 	-5.76697e-26 	9.73408e-06
2.79067 	1.04356e-05 	4.54552e-06 	-1.10256e-23 	9.5434e-06 	3.49599e-25 	9.98948e-06
2.80599 	1.06898e-05 	4.69637e-06 	-3.57578e-23 	9.81648e-06 	4.75441e-25 	1.02531e-05
2.82077 	1.09513e-05 	4.84833e-06 	-1.76696e-23 	1.00975e-05 	-2.2167e-25 	1.05244e-05
2.835 	1.1219e-05 	4.99879e-06 	3.95655e-23 	1.0386e-05 	-7.11502e-25 	1.08025e-05
2.84871 	1.1492e-05 	5.1392e-06 	2.28873e-23 	1.0682e-05 	-6.62825e-26 	1.1087e-05
2.8619 	1.17696e-05 	5.27546e-06 	1.69571e-25 	1.09838e-05 	1.55042e-25 	1.13767e-05
2.8746 	1.2049e-05 	5.4126e-06 	-3.60956e-24 	1.1288e-05 	3.47938e-26 	1.16685e-05
2.88681 	1.23246e-05 	5.54822e-06 	3.39679e-25 	1.15902e-05 	-1.09323e-25 	1.19575e-05
2.89855 	1.259e-05 	5.67952e-06 	9.78981e-24 	1.18848e-05 	-1.50629e-25 	1.22375e-05
2.90983 	1.28384e-05 	5.80364e-06 	6.20275e-24 	1.21656e-05 	-5.77412e-26 	1.2502e-05
2.92067 	1.3063e-05 	5.91756e-06 	7.66752e-24 	1.24262e-05 	7.12995e-26 	1.27447e-05
2.93107 	1.3258e-05 	6.01861e-06 	-6.13895e-24 	1.26607e-05 	2.43432e-25 	1.29594e-05
2.94105 	1.34178e-05 	6.10408e-06 	-1.22346e-23 	1.28635e-05 	4.50011e-26 	1.31407e-05
2.95063 	1.35382e-05 	6.17177e-06 	-1.47871e-24 	1.30296e-05 	-1.29032e-25 	1.32839e-05
2.9598 	1.36153e-05 	6.21985e-06 	1.81536e-24 	1.3155e-05 	-2.42455e-26 	1.33851e-05
2.96859 	1.36463e-05 	6.24673e-06 	-2.30538e-25 	1.3236e-05 	3.28684e-26 	1.34412e-05
2.97699 	1.36287e-05 	6.25122e-06 	-3.68145e-25 	1.32696e-05 	2.28769e-26 	1.34492e-05
2.98501 	1.35598e-05 	6.2319e-06 	-9.49125e-25 	1.32522e-05 	-1.41667e-26 	1.3406e-05
2.99265 	1.34356e-05 	6.18661e-06 	4.44729e-25 	1.31791e-05 	-4.15012e-26 	1.33074e-05
2.99991 	1.32485e-05 	6.11165e-06 	1.1887e-24 	1.30419e-05 	6.39772e-27 	1.31452e-05
3.00677 	1.2982e-05 	5.99915e-06 	-1.12092e-25 	1.28231e-05 	2.33841e-26 	1.29025e-05
3.01322 	1.25979e-05 	5.83106e-06 	-2.52813e-25 	1.24834e-05 	-4.2845e-27 	1.25406e-05
3.01921 	1.20042e-05 	5.56436e-06 	1.24261e-25 	1.19293e-05 	-5.37709e-27 	1.19667e-05
3.02472 	1.09677e-05 	5.09008e-06 	7.36855e-27 	1.09255e-05 	9.09626e-28 	1.09465e-05
3.02967 	8.86215e-06 	4.11659e-06 	1.48088e-26 	8.84374e-06 	3.8128e-28 	8.85291e-06
3.034 	3.71382e-06 	1.72587e-06 	-4.25803e-30 	3.70929e-06 	5.36686e-28 	3.71155e-06
