1.001 	3.64697e-06 	-1.69449e-06 	-3.8465e-26 	3.6414e-06 	-4.0079e-27 	3.64406e-06
1.00305 	9.43393e-06 	-4.37878e-06 	-2.67736e-26 	9.40093e-06 	7.46153e-27 	9.41712e-06
1.00519 	1.29108e-05 	-5.97876e-06 	2.92334e-26 	1.28091e-05 	2.36452e-26 	1.28593e-05
1.00743 	1.51465e-05 	-6.98857e-06 	6.30423e-26 	1.4924e-05 	-1.83531e-26 	1.50342e-05
1.00978 	1.66893e-05 	-7.66312e-06 	-2.32244e-25 	1.62948e-05 	-3.94666e-26 	1.64906e-05
1.01224 	1.7809e-05 	-8.12994e-06 	-3.01925e-25 	1.72013e-05 	9.80062e-27 	1.75035e-05
1.01481 	1.86384e-05 	-8.45355e-06 	2.20959e-25 	1.77891e-05 	1.89391e-26 	1.82118e-05
1.0175 	1.92499e-05 	-8.66992e-06 	1.37791e-25 	1.81412e-05 	-2.03306e-28 	1.86935e-05
1.02032 	1.96934e-05 	-8.80313e-06 	-1.04837e-25 	1.83125e-05 	-1.01235e-27 	1.90012e-05
1.02326 	2.00146e-05 	-8.87294e-06 	-1.60777e-25 	1.83462e-05 	-1.6363e-26 	1.91789e-05
1.02634 	2.02573e-05 	-8.89799e-06 	-2.91008e-25 	1.82817e-05 	-1.98982e-26 	1.92676e-05
1.02956 	2.04538e-05 	-8.86853e-06 	6.21842e-26 	1.81632e-05 	3.25238e-26 	1.93057e-05
1.03293 	2.0621e-05 	-8.74878e-06 	5.30742e-25 	1.80368e-05 	5.87373e-26 	1.93257e-05
1.03645 	2.07759e-05 	-8.53934e-06 	9.14428e-25 	1.79328e-05 	1.13361e-26 	1.93514e-05
1.04013 	2.09383e-05 	-8.2797e-06 	3.48353e-25 	1.78631e-05 	-4.86454e-26 	1.9398e-05
1.04398 	2.11226e-05 	-8.00045e-06 	-4.41695e-25 	1.78311e-05 	-8.20191e-26 	1.94739e-05
1.048 	2.13343e-05 	-7.70856e-06 	-8.10298e-25 	1.78384e-05 	-4.94517e-26 	1.9583e-05
1.0522 	2.15738e-05 	-7.40623e-06 	-9.80112e-25 	1.78856e-05 	7.27775e-26 	1.97261e-05
1.05659 	2.1839e-05 	-7.10051e-06 	2.2416e-25 	1.79712e-05 	1.06233e-25 	1.99012e-05
1.06118 	2.21262e-05 	-6.79761e-06 	6.06928e-25 	1.8092e-05 	-1.27977e-26 	2.01051e-05
1.06596 	2.24313e-05 	-6.50256e-06 	-4.8965e-25 	1.82437e-05 	-6.34607e-27 	2.03333e-05
1.07096 	2.27493e-05 	-6.21861e-06 	-1.60939e-25 	1.84214e-05 	8.17208e-26 	2.0581e-05
1.07618 	2.30757e-05 	-5.94776e-06 	-3.26228e-25 	1.86203e-05 	-4.00037e-26 	2.08434e-05
1.08162 	2.34059e-05 	-5.69139e-06 	-1.81876e-24 	1.88355e-05 	-1.51706e-25 	2.1116e-05
1.0873 	2.37358e-05 	-5.44962e-06 	1.26529e-25 	1.90628e-05 	-1.85729e-27 	2.13945e-05
1.09322 	2.40615e-05 	-5.22226e-06 	2.2395e-24 	1.92983e-05 	7.60053e-26 	2.1675e-05
1.09939 	2.43796e-05 	-5.00941e-06 	9.17411e-25 	1.95387e-05 	-3.02139e-27 	2.19541e-05
1.10583 	2.46869e-05 	-4.81032e-06 	4.52219e-25 	1.97812e-05 	-2.53022e-26 	2.2229e-05
1.11254 	2.49804e-05 	-4.62304e-06 	1.21133e-24 	2.00238e-05 	3.9305e-28 	2.24969e-05
1.11953 	2.52574e-05 	-4.44633e-06 	8.79887e-25 	2.02646e-05 	1.95574e-26 	2.27558e-05
1.12681 	2.55154e-05 	-4.27974e-06 	-1.39637e-24 	2.0502e-05 	5.9241e-27 	2.30034e-05
1.13439 	2.57519e-05 	-4.12222e-06 	-1.44896e-24 	2.07351e-05 	5.81312e-28 	2.32381e-05
1.14228 	2.59644e-05 	-3.97265e-06 	1.13178e-25 	2.0963e-05 	5.43632e-27 	2.34583e-05
1.15048 	2.61507e-05 	-3.83036e-06 	-9.03081e-25 	2.1185e-05 	-8.43311e-27 	2.36624e-05
1.15902 	2.63084e-05 	-3.6953e-06 	-1.95922e-25 	2.14006e-05 	-9.51255e-27 	2.38492e-05
1.1679 	2.64357e-05 	-3.5671e-06 	8.4158e-25 	2.16093e-05 	2.12855e-27 	2.40172e-05
1.17712 	2.65309e-05 	-3.44565e-06 	-8.06478e-25 	2.18103e-05 	2.72005e-27 	2.41654e-05
1.18671 	2.65923e-05 	-3.33182e-06 	7.8032e-26 	2.20028e-05 	2.9529e-27 	2.42924e-05
1.19666 	2.66184e-05 	-3.22563e-06 	2.00731e-24 	2.21863e-05 	1.53606e-27 	2.43973e-05
1.20699 	2.66081e-05 	-3.12764e-06 	1.23597e-26 	2.23597e-05 	-4.38939e-27 	2.44789e-05
1.2177 	2.65606e-05 	-3.03924e-06 	-1.1233e-25 	2.25214e-05 	-2.3252e-27 	2.45362e-05
1.22882 	2.64756e-05 	-2.96072e-06 	7.99006e-25 	2.267e-05 	2.5875e-27 	2.45683e-05
1.24034 	2.63531e-05 	-2.89284e-06 	-1.08528e-24 	2.28036e-05 	2.32614e-27 	2.4574e-05
1.25227 	2.61933e-05 	-2.83727e-06 	-8.86356e-25 	2.29201e-05 	2.2042e-27 	2.45527e-05
1.26462 	2.5997e-05 	-2.79344e-06 	1.09544e-24 	2.30171e-05 	-7.68e-28 	2.45034e-05
1.27741 	2.57655e-05 	-2.76068e-06 	9.3934e-25 	2.30921e-05 	-3.7396e-27 	2.44253e-05
1.29064 	2.55e-05 	-2.74035e-06 	-3.00894e-24 	2.31422e-05 	6.34435e-28 	2.43181e-05
1.3043 	2.52024e-05 	-2.73215e-06 	-3.92593e-24 	2.31649e-05 	1.23831e-27 	2.41809e-05
1.31843 	2.48746e-05 	-2.73519e-06 	2.07722e-24 	2.31576e-05 	-4.81293e-28 	2.40136e-05
1.33301 	2.45185e-05 	-2.74904e-06 	4.07029e-24 	2.31179e-05 	4.59523e-28 	2.3816e-05
1.34805 	2.4136e-05 	-2.77084e-06 	-1.96592e-24 	2.30436e-05 	2.16144e-28 	2.3588e-05
1.36356 	2.37294e-05 	-2.79837e-06 	-3.95116e-24 	2.29331e-05 	2.34887e-29 	2.333e-05
1.37953 	2.33005e-05 	-2.83078e-06 	1.98176e-24 	2.27853e-05 	2.3495e-28 	2.30421e-05
1.39599 	2.2851e-05 	-2.86466e-06 	2.94454e-24 	2.25999e-05 	-9.07441e-28 	2.2725e-05
1.41291 	2.23825e-05 	-2.89694e-06 	4.58282e-26 	2.23769e-05 	-1.35746e-27 	2.23795e-05
1.43032 	2.18964e-05 	-2.92604e-06 	1.96506e-24 	2.2117e-05 	1.39444e-27 	2.20069e-05
1.44819 	2.13942e-05 	-2.94896e-06 	2.73593e-24 	2.18214e-05 	1.70249e-27 	2.16082e-05
1.46654 	2.08772e-05 	-2.96276e-06 	-1.31576e-25 	2.14921e-05 	-1.00908e-27 	2.11852e-05
1.48537 	2.03465e-05 	-2.96561e-06 	-2.83903e-24 	2.11313e-05 	-6.37759e-28 	2.07398e-05
1.50465 	1.98035e-05 	-2.95607e-06 	-1.87356e-24 	2.07418e-05 	6.21794e-28 	2.02739e-05
1.5244 	1.92499e-05 	-2.93224e-06 	3.29542e-27 	2.03263e-05 	6.6775e-29 	1.97895e-05
1.54461 	1.86872e-05 	-2.89277e-06 	8.91548e-25 	1.98884e-05 	-1.13627e-28 	1.92893e-05
1.56526 	1.81168e-05 	-2.83738e-06 	1.24858e-25 	1.94314e-05 	-9.1224e-29 	1.87758e-05
1.58635 	1.75407e-05 	-2.76527e-06 	-1.70409e-24 	1.89592e-05 	-2.52387e-27 	1.82517e-05
1.60787 	1.69606e-05 	-2.67656e-06 	6.78246e-25 	1.84754e-05 	-1.60151e-27 	1.77198e-05
1.6298 	1.63784e-05 	-2.57252e-06 	9.49095e-25 	1.79841e-05 	3.19541e-27 	1.71832e-05
1.65213 	1.57966e-05 	-2.45426e-06 	-1.49636e-24 	1.74885e-05 	1.61822e-27 	1.66445e-05
1.67485 	1.52176e-05 	-2.32364e-06 	-2.0144e-25 	1.69922e-05 	-4.81876e-27 	1.61068e-05
1.69794 	1.46438e-05 	-2.18223e-06 	1.25247e-24 	1.64982e-05 	-2.17047e-27 	1.55729e-05
1.72138 	1.40777e-05 	-2.03171e-06 	7.67266e-25 	1.60093e-05 	9.60217e-27 	1.50453e-05
1.74515 	1.35216e-05 	-1.8747e-06 	2.15596e-25 	1.55278e-05 	5.98796e-27 	1.45266e-05
1.76923 	1.29781e-05 	-1.71344e-06 	-1.25479e-25 	1.50559e-05 	-4.93939e-27 	1.40188e-05
1.7936 	1.24494e-05 	-1.54995e-06 	-8.29996e-25 	1.45949e-05 	8.72766e-28 	1.35239e-05
1.81824 	1.19375e-05 	-1.38551e-06 	-3.80601e-25 	1.41461e-05 	3.04347e-27 	1.30436e-05
1.84312 	1.1444e-05 	-1.22125e-06 	5.42856e-26 	1.37104e-05 	-5.20405e-27 	1.2579e-05
1.86822 	1.09706e-05 	-1.05935e-06 	-4.6258e-25 	1.32884e-05 	-9.0199e-27 	1.21313e-05
1.89351 	1.05181e-05 	-9.00791e-07 	-4.32729e-25 	1.28805e-05 	2.79899e-27 	1.1701e-05
1.91896 	1.00875e-05 	-7.45274e-07 	-4.34527e-25 	1.2487e-05 	1.20772e-26 	1.12888e-05
1.94455 	9.67915e-06 	-5.92974e-07 	-3.54526e-25 	1.2108e-05 	-2.23102e-27 	1.08951e-05
1.97025 	9.29356e-06 	-4.44121e-07 	1.35512e-25 	1.17435e-05 	-5.90826e-27 	1.052e-05
1.99603 	8.93073e-06 	-2.98504e-07 	7.7735e-25 	1.13936e-05 	8.16938e-28 	1.01636e-05
2.02185 	8.59054e-06 	-1.55692e-07 	8.93075e-25 	1.10585e-05 	1.70761e-29 	9.8259e-06
2.0477 	8.2731e-06 	-1.53515e-08 	1.71994e-25 	1.0738e-05 	-5.4693e-28 	9.50685e-06
2.07354 	7.9783e-06 	1.23042e-07 	-2.54652e-25 	1.04322e-05 	-5.15466e-27 	9.20642e-06
2.09934 	7.70577e-06 	2.60456e-07 	-8.78074e-26 	1.01414e-05 	-3.55663e-27 	8.92463e-06
2.12507 	7.45518e-06 	3.97874e-07 	-7.53166e-26 	9.86599e-06 	5.1082e-27 	8.66157e-06
2.1507 	7.22642e-06 	5.35622e-07 	-1.96444e-25 	9.60622e-06 	-5.44638e-28 	8.41731e-06
2.17621 	7.01946e-06 	6.73406e-07 	-1.25219e-25 	9.36251e-06 	-3.75857e-27 	8.19191e-06
2.20157 	6.83405e-06 	8.11795e-07 	2.14555e-25 	9.13545e-06 	4.86197e-27 	7.98558e-06
2.22674 	6.67001e-06 	9.51555e-07 	3.60833e-25 	8.92562e-06 	3.74648e-27 	7.79859e-06
2.25171 	6.52732e-06 	1.09275e-06 	-2.67074e-26 	8.73359e-06 	1.43565e-27 	7.63121e-06
2.27644 	6.40598e-06 	1.23545e-06 	-3.14067e-25 	8.56003e-06 	1.36973e-27 	7.48373e-06
2.30092 	6.30593e-06 	1.37949e-06 	-6.415e-26 	8.40566e-06 	-2.11882e-27 	7.35648e-06
2.32512 	6.22714e-06 	1.52475e-06 	-3.57455e-26 	8.27113e-06 	-3.10329e-27 	7.24976e-06
2.34901 	6.16951e-06 	1.67109e-06 	-1.92332e-25 	8.15712e-06 	-1.80318e-27 	7.16393e-06
2.37258 	6.13301e-06 	1.81834e-06 	1.06813e-25 	8.0642e-06 	3.86638e-28 	7.09922e-06
2.39581 	6.11757e-06 	1.96644e-06 	3.56349e-25 	7.99278e-06 	1.5561e-27 	7.05574e-06
2.41867 	6.12287e-06 	2.11492e-06 	1.11967e-25 	7.94322e-06 	1.549e-27 	7.03358e-06
2.44115 	6.14861e-06 	2.26322e-06 	-1.15402e-25 	7.91567e-06 	7.38105e-28 	7.03266e-06
2.46324 	6.19432e-06 	2.41082e-06 	-6.7661e-26 	7.91004e-06 	-4.0581e-28 	7.05268e-06
2.48492 	6.25937e-06 	2.55693e-06 	-4.51927e-26 	7.92605e-06 	-2.36648e-28 	7.09321e-06
2.50617 	6.34301e-06 	2.70088e-06 	-3.39266e-26 	7.96309e-06 	5.28413e-29 	7.1535e-06
2.52699 	6.44416e-06 	2.84252e-06 	-2.76022e-26 	8.0203e-06 	9.59056e-29 	7.23265e-06
2.54737 	6.56155e-06 	2.98133e-06 	-2.85771e-26 	8.09655e-06 	6.07432e-29 	7.32949e-06
2.5673 	6.69397e-06 	3.11608e-06 	2.27141e-26 	8.19035e-06 	-1.78816e-28 	7.44258e-06
2.58677 	6.83984e-06 	3.24626e-06 	2.29998e-26 	8.30004e-06 	-1.42896e-28 	7.57035e-06
2.60577 	6.99752e-06 	3.3719e-06 	-7.86096e-28 	8.42369e-06 	1.17277e-28 	7.71103e-06
2.6243 	7.16546e-06 	3.49235e-06 	-6.13627e-29 	8.55911e-06 	1.85677e-28 	7.86266e-06
2.64236 	7.342e-06 	3.6077e-06 	1.10605e-26 	8.70404e-06 	1.57506e-28 	8.02336e-06
2.65995 	7.52556e-06 	3.72046e-06 	9.72728e-27 	8.85626e-06 	-2.53792e-29 	8.19127e-06
2.67706 	7.71597e-06 	3.82703e-06 	-7.90433e-27 	9.01271e-06 	-1.73321e-28 	8.36477e-06
2.69369 	7.91324e-06 	3.92164e-06 	-7.21909e-27 	9.17106e-06 	-6.93072e-29 	8.54258e-06
2.70985 	8.1141e-06 	4.01006e-06 	1.71527e-27 	9.33173e-06 	8.51927e-30 	8.72325e-06
2.72554 	8.3138e-06 	4.09803e-06 	4.39413e-27 	9.49501e-06 	3.55865e-29 	8.90468e-06
2.74076 	8.50846e-06 	4.18465e-06 	-5.37013e-27 	9.65959e-06 	2.69192e-29 	9.08424e-06
2.75552 	8.69506e-06 	4.26865e-06 	-4.37495e-27 	9.82363e-06 	-5.11411e-29 	9.25948e-06
2.76982 	8.87238e-06 	4.34903e-06 	1.15808e-26 	9.98451e-06 	-3.53305e-29 	9.42864e-06
2.78366 	9.04183e-06 	4.42442e-06 	-4.24889e-27 	1.01388e-05 	1.9834e-29 	9.59072e-06
2.79706 	9.2069e-06 	4.49018e-06 	-1.30227e-26 	1.02829e-05 	-4.6553e-30 	9.74536e-06
2.81001 	9.36953e-06 	4.54563e-06 	-1.83208e-27 	1.04161e-05 	-8.75043e-29 	9.89306e-06
2.82253 	9.52871e-06 	4.59782e-06 	-5.32322e-27 	1.05404e-05 	-6.14693e-29 	1.00347e-05
2.83463 	9.68343e-06 	4.64972e-06 	8.0388e-27 	1.06578e-05 	1.13935e-28 	1.01708e-05
2.8463 	9.83389e-06 	4.70041e-06 	8.48843e-26 	1.07688e-05 	6.38041e-28 	1.03015e-05
2.85757 	9.98069e-06 	4.75004e-06 	1.90952e-25 	1.08741e-05 	1.36696e-27 	1.04276e-05
2.86844 	1.01246e-05 	4.7991e-06 	5.3929e-26 	1.09743e-05 	2.67016e-28 	1.05496e-05
2.87892 	1.02665e-05 	4.84871e-06 	-1.84855e-25 	1.10702e-05 	-1.40218e-27 	1.06685e-05
2.88901 	1.04071e-05 	4.89978e-06 	-1.20411e-25 	1.11629e-05 	-7.89854e-28 	1.07851e-05
2.89874 	1.05474e-05 	4.95285e-06 	1.48429e-28 	1.12535e-05 	4.8627e-29 	1.09005e-05
2.9081 	1.06881e-05 	5.00851e-06 	1.66169e-28 	1.13431e-05 	5.23506e-31 	1.10157e-05
2.91711 	1.08301e-05 	5.06716e-06 	-2.73167e-27 	1.14329e-05 	-1.64716e-30 	1.11316e-05
2.92578 	1.09741e-05 	5.12895e-06 	-4.56455e-27 	1.15242e-05 	-8.58904e-31 	1.12492e-05
2.93411 	1.11205e-05 	5.19422e-06 	-6.87652e-29 	1.1618e-05 	7.62913e-31 	1.13693e-05
2.94212 	1.12699e-05 	5.26323e-06 	4.98674e-27 	1.17154e-05 	9.5495e-29 	1.14927e-05
2.94982 	1.14223e-05 	5.3355e-06 	5.93932e-25 	1.18171e-05 	1.59871e-27 	1.16196e-05
2.95721 	1.15775e-05 	5.41019e-06 	6.17627e-25 	1.19234e-05 	1.39663e-27 	1.17504e-05
2.96431 	1.17351e-05 	5.48679e-06 	-5.35156e-25 	1.20345e-05 	-1.53815e-27 	1.18848e-05
2.97113 	1.18943e-05 	5.56645e-06 	-5.63046e-25 	1.21497e-05 	-1.34991e-27 	1.2022e-05
2.97767 	1.2054e-05 	5.64585e-06 	-1.75306e-27 	1.22673e-05 	7.97238e-29 	1.21607e-05
2.98394 	1.22122e-05 	5.71715e-06 	-1.93581e-28 	1.23846e-05 	-7.41899e-30 	1.22984e-05
2.98996 	1.23639e-05 	5.78002e-06 	-1.56438e-25 	1.24978e-05 	-1.40281e-28 	1.24308e-05
2.99573 	1.2501e-05 	5.83592e-06 	-1.71193e-25 	1.26006e-05 	-1.35865e-28 	1.25507e-05
3.00126 	1.2611e-05 	5.88049e-06 	1.29087e-25 	1.2682e-05 	1.21907e-28 	1.26465e-05
3.00657 	1.26762e-05 	5.90563e-06 	1.4309e-25 	1.27244e-05 	1.24785e-28 	1.27003e-05
3.01165 	1.26683e-05 	5.898e-06 	5.04869e-28 	1.26993e-05 	7.27966e-30 	1.26838e-05
3.01651 	1.25371e-05 	5.83413e-06 	1.33189e-26 	1.2556e-05 	2.0693e-30 	1.25465e-05
3.02117 	1.21802e-05 	5.66625e-06 	1.19596e-26 	1.21909e-05 	-1.6023e-29 	1.21855e-05
3.02564 	1.13539e-05 	5.28089e-06 	-1.15544e-26 	1.13597e-05 	-1.47993e-29 	1.13568e-05
3.02991 	9.38365e-06 	4.36403e-06 	-8.62483e-27 	9.38641e-06 	2.7728e-30 	9.38502e-06
3.034 	3.99396e-06 	1.85738e-06 	2.23319e-27 	3.99477e-06 	5.24741e-30 	3.99436e-06
