0.00102579 	0.000350352 	-3.32485e-07 	-1.77653e-26
0.00324584 	0.000789795 	-1.35989e-06 	-5.44452e-26
0.00588381 	0.000911898 	-3.04958e-06 	-5.56839e-26
0.00889561 	0.000960972 	-5.22103e-06 	-7.00625e-25
0.0122408 	0.000987576 	-7.73554e-06 	4.51412e-25
0.0158868 	0.001007 	-1.05689e-05 	1.79452e-24
0.0198092 	0.0010247 	-1.37121e-05 	-6.16131e-25
0.0239917 	0.00104292 	-1.71401e-05 	-1.24366e-24
0.0284241 	0.00106251 	-2.08135e-05 	2.73462e-24
0.0331018 	0.00108366 	-2.47139e-05 	2.84946e-24
0.0380237 	0.00110645 	-2.88529e-05 	-3.29938e-24
0.0431921 	0.00113098 	-3.32454e-05 	-3.00086e-24
0.0486116 	0.00115734 	-3.7901e-05 	-6.24423e-24
0.0542883 	0.00118568 	-4.283e-05 	8.84298e-25
0.0602299 	0.00121612 	-4.80446e-05 	1.31078e-23
0.0664452 	0.00124884 	-5.35584e-05 	-1.31203e-24
0.0729439 	0.00128399 	-5.93859e-05 	-7.60951e-24
0.0797362 	0.00132176 	-6.55415e-05 	-2.01937e-25
0.0868332 	0.00136236 	-7.20392e-05 	-2.52765e-23
0.0942464 	0.00140603 	-7.88929e-05 	-4.54676e-23
0.101988 	0.00145303 	-8.61162e-05 	1.63706e-23
0.11007 	0.00150364 	-9.37198e-05 	2.638e-23
0.118505 	0.00155817 	-0.000101714 	1.99195e-23
0.127306 	0.00161699 	-0.000110109 	3.97187e-23
0.136488 	0.00168046 	-0.000118918 	-3.07427e-23
0.146063 	0.00174896 	-0.000128151 	-2.99035e-23
0.156046 	0.00182292 	-0.000137824 	-2.24191e-23
0.166451 	0.00190281 	-0.000147953 	-4.44219e-23
0.177292 	0.00198915 	-0.000158556 	2.88298e-23
0.188585 	0.00208252 	-0.000169653 	1.22479e-24
0.200343 	0.00218353 	-0.000181265 	1.09789e-22
0.212583 	0.00229281 	-0.000193417 	1.38391e-22
0.225318 	0.00241105 	-0.000206131 	-4.4325e-23
0.238565 	0.00253894 	-0.000219433 	-3.58831e-25
0.252337 	0.00267718 	-0.000233343 	-6.05173e-23
0.266651 	0.00282651 	-0.000247873 	-6.23057e-23
0.28152 	0.00298766 	-0.000263028 	-7.26825e-23
0.296961 	0.00316142 	-0.000278802 	-6.22205e-23
0.312986 	0.00334863 	-0.000295176 	2.91847e-22
0.32961 	0.00355019 	-0.000312117 	2.96772e-22
0.346847 	0.00376705 	-0.000329582 	7.91227e-23
0.364709 	0.00400024 	-0.000347514 	-3.6136e-22
0.38321 	0.00425085 	-0.000365844 	1.17544e-22
0.402362 	0.00452003 	-0.000384487 	-1.61888e-22
0.422175 	0.00480893 	-0.000403348 	2.41875e-22
0.442659 	0.00511876 	-0.000422312 	-1.94824e-22
0.463825 	0.00545069 	-0.000441253 	-5.36509e-22
0.485681 	0.0058059 	-0.000460024 	-1.45838e-23
0.508233 	0.00618557 	-0.000478464 	-3.25133e-23
0.531487 	0.00659078 	-0.000496392 	-4.10838e-22
0.555448 	0.00702258 	-0.000513612 	-1.88307e-22
0.58012 	0.00748191 	-0.00052991 	2.36677e-22
0.605503 	0.00796958 	-0.000545059 	6.53253e-22
0.631598 	0.00848621 	-0.000558817 	-6.98474e-22
0.658402 	0.00903218 	-0.000570936 	-2.37336e-22
0.685912 	0.00960758 	-0.000581159 	6.46153e-22
0.714123 	0.0102121 	-0.000589234 	1.63612e-21
0.743026 	0.010845 	-0.000594919 	4.22985e-22
0.772613 	0.0115051 	-0.000597992 	-2.50749e-22
0.802872 	0.0121905 	-0.000598268 	-1.12453e-21
0.833789 	0.0128987 	-0.000595606 	-2.61684e-22
0.865349 	0.0136265 	-0.000589927 	-2.6653e-22
0.897534 	0.01437 	-0.000581232 	-2.36759e-22
0.930323 	0.0151248 	-0.000569604 	1.72241e-22
0.963695 	0.0158856 	-0.000555221 	4.23616e-22
0.997626 	0.0166469 	-0.00053835 	1.99058e-21
1.03209 	0.0174032 	-0.000519336 	-2.24235e-22
1.06706 	0.0181488 	-0.000498589 	-2.46689e-21
1.1025 	0.0188785 	-0.000476555 	-4.72532e-22
1.13839 	0.0195878 	-0.000453692 	-2.08838e-22
1.17469 	0.0202729 	-0.000430448 	1.77582e-24
1.21136 	0.0209305 	-0.00040724 	8.01279e-22
1.24837 	0.0215579 	-0.000384434 	1.55798e-21
1.28569 	0.022153 	-0.000362338 	-4.16781e-21
1.32327 	0.0227145 	-0.000341179 	1.45116e-21
1.36107 	0.0232421 	-0.000321108 	9.36321e-22
1.39905 	0.0237359 	-0.00030221 	1.59026e-21
1.43718 	0.024197 	-0.000284522 	-1.70144e-21
1.47541 	0.0246267 	-0.00026803 	-1.9962e-23
1.51369 	0.0250273 	-0.000252573 	3.19989e-22
1.552 	0.025402 	-0.000237739 	-3.12764e-22
1.59028 	0.0257548 	-0.000223131 	-1.84526e-21
1.62849 	0.0260876 	-0.000208546 	1.65151e-21
1.66659 	0.0263996 	-0.000194092 	1.20941e-21
1.70455 	0.0266903 	-0.000179957 	-5.64363e-22
1.74231 	0.0269591 	-0.000166266 	1.35638e-22
1.77985 	0.0272061 	-0.000153093 	3.57382e-22
1.81712 	0.0274316 	-0.000140482 	-1.50025e-21
1.85409 	0.0276362 	-0.000128446 	6.61179e-22
1.89072 	0.0278206 	-0.000116977 	2.9722e-22
1.92697 	0.0279855 	-0.000106056 	-1.66373e-22
1.96282 	0.0281315 	-9.56601e-05 	4.30103e-22
1.99823 	0.0282591 	-8.57604e-05 	3.04683e-22
2.03317 	0.0283687 	-7.63299e-05 	-2.98501e-22
2.06761 	0.0284606 	-6.73417e-05 	-1.60863e-21
2.10153 	0.028535 	-5.87701e-05 	2.91995e-22
2.13491 	0.028592 	-5.05913e-05 	3.35364e-22
2.16771 	0.0286316 	-4.27828e-05 	3.08051e-22
2.19993 	0.0286536 	-3.53234e-05 	1.92033e-22
2.23154 	0.028658 	-2.81928e-05 	4.43414e-23
2.26253 	0.0286445 	-2.13713e-05 	1.70414e-22
2.29287 	0.0286128 	-1.48396e-05 	5.26272e-22
2.32257 	0.0285626 	-8.57853e-06 	-5.32003e-22
2.3516 	0.0284936 	-2.56909e-06 	-2.56632e-22
2.37996 	0.0284052 	3.20754e-06 	-8.81272e-23
2.40764 	0.0282974 	8.76988e-06 	1.26068e-22
2.43464 	0.0281695 	1.41357e-05 	9.13018e-23
2.46095 	0.0280214 	1.93216e-05 	1.18153e-22
2.48657 	0.0278527 	2.43422e-05 	3.7556e-22
2.5115 	0.0276632 	2.92101e-05 	-2.37674e-22
2.53574 	0.0274529 	3.39342e-05 	-4.67095e-22
2.5593 	0.0272215 	3.85197e-05 	1.45821e-22
2.58217 	0.0269692 	4.29674e-05 	1.35056e-22
2.60436 	0.0266961 	4.72731e-05 	2.22621e-23
2.62588 	0.0264023 	5.14271e-05 	1.88252e-23
2.64674 	0.0260882 	5.54149e-05 	1.1329e-23
2.66693 	0.025754 	5.92167e-05 	1.26781e-22
2.68648 	0.0254004 	6.28084e-05 	1.54299e-23
2.70539 	0.0250279 	6.61626e-05 	3.04427e-22
2.72368 	0.024637 	6.92496e-05 	-1.20984e-22
2.74134 	0.0242285 	7.20371e-05 	-4.15773e-22
2.7584 	0.0238029 	7.44918e-05 	1.20273e-22
2.77487 	0.0233595 	7.65819e-05 	1.5154e-24
2.79076 	0.0228963 	7.82673e-05 	-2.50109e-22
2.80608 	0.0224117 	7.94984e-05 	1.96154e-22
2.82085 	0.0219069 	8.02123e-05 	2.9275e-22
2.83508 	0.0213854 	8.0347e-05 	-6.58633e-24
2.84878 	0.0208511 	7.98445e-05 	-4.2961e-23
2.86197 	0.0203078 	7.86474e-05 	-3.43199e-23
2.87466 	0.0197587 	7.67154e-05 	-8.79111e-23
2.88687 	0.0192049 	7.40681e-05 	-8.80534e-23
2.8986 	0.0186454 	7.07944e-05 	-1.26529e-24
2.90988 	0.0180772 	6.70061e-05 	4.56836e-23
2.92071 	0.0174976 	6.28119e-05 	5.37026e-23
2.93111 	0.0169045 	5.82838e-05 	-3.17794e-23
2.94109 	0.0162957 	5.34729e-05 	3.04257e-24
2.95066 	0.0156682 	4.84364e-05 	-2.07853e-24
2.95983 	0.0150187 	4.32389e-05 	-5.21639e-23
2.96861 	0.0143428 	3.795e-05 	-2.62204e-23
2.97701 	0.0136354 	3.26443e-05 	-1.53695e-23
2.98503 	0.0128904 	2.74009e-05 	-1.44947e-23
2.99267 	0.0121004 	2.2303e-05 	1.64121e-23
2.99992 	0.0112564 	1.74523e-05 	1.82415e-23
3.00678 	0.010341 	1.29717e-05 	1.39136e-24
3.01322 	0.00931877 	8.98384e-06 	-6.11776e-24
3.01921 	0.00812732 	5.61614e-06 	-5.62184e-24
3.02472 	0.00666404 	2.998e-06 	9.50278e-24
3.02967 	0.00474221 	1.23283e-06 	8.61748e-24
3.036 	0 	0 	0
