0 	0 	0 	0 	0 	0 	0
0.00048240845 	6.6666668e-16 	-1.5499999e-16 	4.0968009e-37 	6.6666667e-16 	0 	6.6666667e-16
0.00098049384 	6.6666667e-16 	-1.8113618e-31 	6.4304099e-37 	6.6666667e-16 	0 	6.6666667e-16
0.0014947656 	6.6666667e-16 	1.7630246e-31 	9.855871e-39 	6.6666667e-16 	0 	6.6666667e-16
0.0020257498 	6.6666667e-16 	7.524996e-31 	2.1583373e-37 	6.6666667e-16 	0 	6.6666667e-16
0.0025739895 	6.6666667e-16 	4.7532621e-31 	8.7470041e-37 	6.6666667e-16 	0 	6.6666667e-16
0.0031400454 	6.6666667e-16 	-4.4596741e-31 	8.506573e-37 	6.6666667e-16 	0 	6.6666667e-16
0.0037244966 	6.6666667e-16 	2.8180163e-31 	8.2089567e-37 	6.6666667e-16 	0 	6.6666667e-16
0.0043279408 	6.6666667e-16 	-5.3048066e-31 	1.2633881e-38 	6.6666667e-16 	0 	6.6666667e-16
0.0049509953 	6.6666667e-16 	-5.3905824e-31 	-5.1810222e-37 	6.6666667e-16 	0 	6.6666667e-16
0.0055942973 	6.6666667e-16 	3.8620512e-31 	-1.3041117e-37 	6.6666667e-16 	0 	6.6666667e-16
0.0062585048 	6.6666667e-16 	1.3181481e-31 	4.6349902e-37 	6.6666667e-16 	0 	6.6666667e-16
0.0069442972 	6.6666667e-16 	-1.2430552e-31 	4.634741e-37 	6.6666667e-16 	0 	6.6666667e-16
0.007652376 	6.6666667e-16 	3.5913526e-35 	3.308744e-37 	6.6666667e-16 	0 	6.6666667e-16
0.0083834654 	6.6666667e-16 	-3.2762552e-31 	3.3027465e-37 	6.6666667e-16 	0 	6.6666667e-16
0.0091383131 	6.6666667e-16 	-1.0558499e-31 	1.7449905e-39 	6.6666667e-16 	0 	6.6666667e-16
0.0099176913 	6.6666667e-16 	6.9447872e-33 	-5.9841105e-37 	6.6666667e-16 	0 	6.6666667e-16
0.010722397 	6.6666667e-16 	1.8467398e-31 	-3.9270015e-37 	6.6666667e-16 	0 	6.6666667e-16
0.011553254 	6.6666667e-16 	1.1463895e-31 	-3.5385452e-37 	6.6666667e-16 	0 	6.6666667e-16
0.012411111 	6.6666667e-16 	-1.8673304e-31 	-5.6014442e-37 	6.6666667e-16 	0 	6.6666667e-16
0.013296846 	6.6666667e-16 	2.7095244e-31 	-5.2314165e-37 	6.6666667e-16 	0 	6.6666667e-16
0.014211364 	6.6666667e-16 	7.8209978e-31 	1.6876923e-37 	6.6666667e-16 	0 	6.6666667e-16
0.015155603 	6.6666667e-16 	3.6115231e-31 	5.1056781e-37 	6.6666667e-16 	0 	6.6666667e-16
0.016130526 	6.6666667e-16 	-5.809673e-31 	-5.6031581e-39 	6.6666667e-16 	0 	6.6666667e-16
0.017137132 	6.6666667e-16 	-9.7246098e-32 	-5.6884097e-37 	6.6666667e-16 	0 	6.6666667e-16
0.018176449 	6.6666667e-16 	7.3341258e-33 	4.7230853e-37 	6.6666667e-16 	0 	6.6666667e-16
0.019249542 	6.6666667e-16 	-3.0797067e-31 	1.2133573e-36 	6.6666667e-16 	0 	6.6666667e-16
0.020357507 	6.6666667e-16 	-1.6315236e-31 	8.2467732e-37 	6.6666667e-16 	0 	6.6666667e-16
0.021501477 	6.6666667e-16 	4.0546082e-31 	1.128413e-36 	6.6666667e-16 	0 	6.6666667e-16
0.022682624 	6.6666667e-16 	9.1536386e-32 	-4.6249724e-37 	6.6666667e-16 	0 	6.6666667e-16
0.023902154 	6.6666667e-16 	-3.9325322e-31 	-7.6697012e-37 	6.6666667e-16 	0 	6.6666667e-16
0.025161316 	6.6666667e-16 	-2.5643942e-31 	-2.8314515e-37 	6.6666667e-16 	0 	6.6666667e-16
0.026461397 	6.6666667e-16 	2.4032675e-31 	4.0835532e-37 	6.6666667e-16 	0 	6.6666667e-16
0.027803728 	6.6666667e-16 	-8.7123139e-32 	-2.4854227e-37 	6.6666667e-16 	0 	6.6666667e-16
0.02918968 	6.6666667e-16 	-2.5135159e-31 	-9.3967866e-37 	6.6666667e-16 	0 	6.6666667e-16
0.030620672 	6.6666667e-16 	3.9617051e-31 	1.0329677e-39 	6.6666667e-16 	0 	6.6666667e-16
0.032098167 	6.6666667e-16 	4.3920638e-31 	0 	6.6666667e-16 	0 	6.6666667e-16
0.033623676 	6.6666667e-16 	2.2343432e-31 	9.769083e-37 	6.6666667e-16 	0 	6.6666667e-16
0.03519876 	6.6666667e-16 	-1.4877294e-31 	5.0694499e-37 	6.6666667e-16 	0 	6.6666667e-16
0.03682503 	6.6666667e-16 	2.781296e-31 	1.6920399e-36 	6.6666667e-16 	0 	6.6666667e-16
0.03850415 	6.6666667e-16 	8.7667212e-33 	3.668326e-36 	6.6666667e-16 	0 	6.6666667e-16
0.040237836 	6.6666667e-16 	-5.1060608e-31 	1.502687e-36 	6.6666667e-16 	0 	6.6666667e-16
0.042027862 	6.6666667e-16 	-3.6851065e-31 	0 	6.6666667e-16 	0 	6.6666667e-16
0.043876059 	6.6666667e-16 	-7.0317584e-32 	-8.2694357e-40 	6.6666667e-16 	0 	6.6666667e-16
0.045784317 	6.6666667e-16 	5.4673065e-32 	-2.604892e-41 	6.6666667e-16 	0 	6.6666667e-16
0.047754588 	6.6666667e-16 	-1.0356559e-31 	9.2132276e-40 	6.6666667e-16 	0 	6.6666667e-16
0.049788888 	6.6666667e-16 	-1.6204673e-31 	1.2398409e-36 	6.6666667e-16 	0 	6.6666667e-16
0.051889297 	6.6666667e-16 	-1.1139994e-31 	2.8708239e-36 	6.6666667e-16 	0 	6.6666667e-16
0.054057963 	6.6666667e-16 	-1.7293999e-33 	8.6653238e-37 	6.6666667e-16 	0 	6.6666667e-16
0.056297104 	6.6666667e-16 	1.9547934e-31 	-2.2789218e-36 	6.6666667e-16 	0 	6.6666667e-16
0.058609012 	6.6666667e-16 	-8.8866708e-32 	-7.7151589e-37 	6.6666667e-16 	0 	6.6666667e-16
0.06099605 	6.6666667e-16 	-5.2710244e-32 	7.1932186e-37 	6.6666667e-16 	0 	6.6666667e-16
0.06346066 	6.6666667e-16 	3.5457214e-31 	1.3544578e-36 	6.6666667e-16 	0 	6.6666667e-16
0.066005363 	6.6666667e-16 	4.9032833e-32 	1.3475643e-36 	6.6666667e-16 	0 	6.6666667e-16
0.068632762 	6.6666667e-16 	-4.6624196e-32 	-1.2567605e-36 	6.6666667e-16 	0 	6.6666667e-16
0.071345544 	6.6666667e-16 	1.990482e-31 	-1.2484571e-36 	6.6666667e-16 	0 	6.6666667e-16
0.074146484 	6.6666667e-16 	7.8224787e-32 	-1.8033495e-36 	6.6666667e-16 	0 	6.6666667e-16
0.077038447 	6.6666667e-16 	-4.1400501e-32 	-1.8022568e-36 	6.6666667e-16 	0 	6.6666667e-16
0.08002439 	6.6666667e-16 	2.9599098e-32 	-8.9295423e-40 	6.6666667e-16 	0 	6.6666667e-16
0.083107369 	6.6666667e-16 	1.998072e-31 	2.0714401e-36 	6.6666667e-16 	0 	6.6666667e-16
0.086290535 	6.6666667e-16 	1.0694827e-31 	8.7454188e-37 	6.6666667e-16 	0 	6.6666667e-16
0.089577146 	6.6666667e-16 	3.5112477e-32 	-4.2714222e-36 	6.6666667e-16 	0 	6.6666667e-16
0.092970562 	6.6666667e-16 	6.1949736e-32 	-1.2351119e-36 	6.6666667e-16 	0 	6.6666667e-16
0.096474255 	6.6666667e-16 	-3.6910701e-32 	7.0677736e-37 	6.6666667e-16 	0 	6.6666667e-16
0.10009181 	6.6666667e-16 	3.5119295e-32 	-1.1325966e-36 	6.6666667e-16 	0 	6.6666667e-16
0.10382692 	6.6666667e-16 	-1.3758536e-31 	2.7060837e-36 	6.6666667e-16 	0 	6.6666667e-16
0.10768342 	6.6666667e-16 	-7.3213848e-32 	2.2022135e-36 	6.6666667e-16 	0 	6.6666667e-16
0.11166524 	6.6666667e-16 	5.1082145e-32 	-4.7388496e-37 	6.6666667e-16 	0 	6.6666667e-16
0.11577645 	6.6666667e-16 	-1.4727319e-32 	2.046278e-36 	6.6666667e-16 	0 	6.6666667e-16
0.12002127 	6.6666667e-16 	1.0215642e-33 	4.8284204e-36 	6.6666667e-16 	0 	6.6666667e-16
0.12440404 	6.6666667e-16 	-7.4839468e-32 	7.4462985e-37 	6.6666667e-16 	0 	6.6666667e-16
0.12892923 	6.6666667e-16 	-1.0397245e-31 	-4.531585e-36 	6.6666667e-16 	0 	6.6666667e-16
0.13360148 	6.6666667e-16 	-1.943907e-33 	-4.4078905e-36 	6.6666667e-16 	0 	6.6666667e-16
0.13842557 	6.6666667e-16 	1.3609968e-31 	-8.0223799e-36 	6.6666667e-16 	0 	6.6666667e-16
0.14340642 	6.6666667e-16 	7.9459908e-33 	-6.108242e-36 	6.6666667e-16 	0 	6.6666667e-16
0.14854914 	6.6666667e-16 	-6.4988661e-32 	-2.387666e-36 	6.6666667e-16 	0 	6.6666667e-16
0.15385898 	6.6666667e-16 	3.3899575e-33 	-2.5108031e-36 	6.6666667e-16 	0 	6.6666667e-16
0.15934138 	6.6666667e-16 	6.1503967e-32 	-5.617062e-36 	6.6666667e-16 	0 	6.6666667e-16
0.16500194 	6.6666667e-16 	5.9064328e-32 	-3.665881e-36 	6.6666667e-16 	0 	6.6666667e-16
0.17084645 	6.6666667e-16 	-5.5417072e-32 	5.7597925e-38 	6.6666667e-16 	0 	6.6666667e-16
0.17688089 	6.6666667e-16 	-2.8913397e-32 	-5.1081469e-36 	6.6666667e-16 	0 	6.6666667e-16
0.18311143 	6.6666667e-16 	-2.5965847e-32 	-3.0696932e-37 	6.6666667e-16 	0 	6.6666667e-16
0.18954445 	6.6666667e-16 	-1.6336624e-33 	6.0809078e-36 	6.6666667e-16 	0 	6.6666667e-16
0.19618653 	6.6666667e-16 	9.9160891e-32 	5.7682374e-36 	6.6666667e-16 	0 	6.6666667e-16
0.20304445 	6.6666667e-16 	5.7744589e-33 	-3.1292017e-36 	6.6666667e-16 	0 	6.6666667e-16
0.21012524 	6.6666667e-16 	2.4071498e-32 	-1.1630198e-35 	6.6666667e-16 	0 	6.6666667e-16
0.21743614 	6.6666667e-16 	2.0807005e-33 	-9.1459868e-37 	6.6666667e-16 	0 	6.6666667e-16
0.22498461 	6.6666667e-16 	-3.8302317e-32 	1.5894107e-36 	6.6666667e-16 	0 	6.6666667e-16
0.23277839 	6.6666667e-16 	2.5281022e-32 	-3.1601278e-36 	6.6666667e-16 	0 	6.6666667e-16
0.24082545 	6.6666667e-16 	0 	-3.0269761e-36 	6.6666667e-16 	0 	6.6666667e-16
0.24913402 	6.6666667e-16 	-4.7884621e-32 	2.8960788e-36 	6.6666667e-16 	0 	6.6666667e-16
0.25771259 	6.6666667e-16 	-6.3003196e-32 	1.2025436e-35 	6.6666667e-16 	0 	6.6666667e-16
0.26656994 	6.6666667e-16 	2.2977899e-32 	8.5893759e-36 	6.6666667e-16 	0 	6.6666667e-16
0.27571513 	6.6666667e-16 	5.9806909e-32 	7.7832154e-38 	6.6666667e-16 	0 	6.6666667e-16
0.28515751 	6.6666667e-16 	2.3643659e-32 	8.5112078e-36 	6.6666667e-16 	0 	6.6666667e-16
0.29490674 	6.6666667e-16 	2.2692728e-32 	1.1346627e-35 	6.6666667e-16 	0 	6.6666667e-16
0.3049728 	6.6666667e-16 	-5.4025412e-32 	2.4481916e-36 	6.6666667e-16 	0 	6.6666667e-16
0.31536597 	6.6666667e-16 	-2.4661219e-32 	2.3304681e-36 	6.6666667e-16 	0 	6.6666667e-16
0.3260969 	6.6666667e-16 	5.399165e-32 	2.0595776e-36 	6.6666667e-16 	0 	6.6666667e-16
0.33717655 	6.6666667e-16 	-4.4351901e-32 	3.8243208e-36 	6.6666667e-16 	0 	6.6666667e-16
0.34861625 	6.6666667e-16 	-5.8235014e-32 	-1.9493351e-36 	6.6666667e-16 	0 	6.6666667e-16
0.36042772 	6.6666667e-16 	-4.9401322e-32 	-1.4677683e-35 	6.6666667e-16 	0 	6.6666667e-16
0.37262303 	6.6666667e-16 	4.1426386e-32 	-3.2205833e-35 	6.6666667e-16 	0 	6.6666667e-16
0.38521464 	6.6666667e-16 	2.817482e-32 	-1.9370969e-35 	6.6666667e-16 	0 	6.6666667e-16
0.39821546 	6.6666667e-16 	-2.2389725e-32 	-2.2869308e-35 	6.6666667e-16 	0 	6.6666667e-16
0.41163876 	6.6666667e-16 	4.3065149e-33 	-2.5036616e-35 	6.6666667e-16 	0 	6.6666667e-16
0.42549828 	6.6666667e-16 	-2.1188006e-32 	2.200391e-35 	6.6666667e-16 	0 	6.6666667e-16
0.4398082 	6.6666667e-16 	-2.4079609e-33 	2.1111145e-35 	6.6666667e-16 	0 	6.6666667e-16
0.45458315 	6.6666667e-16 	-2.030941e-32 	-1.0170275e-35 	6.6666667e-16 	0 	6.6666667e-16
0.46983824 	6.6666667e-16 	-1.9464414e-32 	-8.4868856e-36 	6.6666667e-16 	0 	6.6666667e-16
0.48558908 	6.6666667e-16 	1.9997924e-32 	4.0168329e-37 	6.6666667e-16 	0 	6.6666667e-16
0.50185179 	6.6666667e-16 	2.0642547e-32 	-2.1227971e-37 	6.6666667e-16 	0 	6.6666667e-16
0.50880893 	6.6666667e-16 	1.2108697e-32 	8.0430504e-36 	6.6666667e-16 	0 	6.6666667e-16
0.51864298 	6.6666667e-16 	-2.5905088e-34 	1.9268965e-35 	6.6666667e-16 	0 	6.6666667e-16
0.53597984 	6.6666667e-16 	-1.8041049e-32 	6.3288917e-37 	6.6666667e-16 	0 	6.6666667e-16
0.5538801 	6.6666667e-16 	-5.8610681e-34 	-1.2220516e-36 	6.6666667e-16 	0 	6.6666667e-16
0.57236207 	6.6666667e-16 	1.8209137e-32 	1.6522839e-35 	6.6666667e-16 	0 	6.6666667e-16
0.59144465 	6.6666667e-16 	3.5845073e-35 	-1.6074762e-35 	6.6666667e-16 	0 	6.6666667e-16
0.61114736 	6.6666667e-16 	-1.6629695e-32 	-1.7077825e-35 	6.6666667e-16 	0 	6.6666667e-16
0.63149036 	6.6666667e-16 	-1.6543738e-32 	1.4623742e-36 	6.6666667e-16 	0 	6.6666667e-16
0.65249445 	6.6666667e-16 	-8.1772948e-35 	3.4482526e-36 	6.6666667e-16 	0 	6.6666667e-16
0.67418111 	6.6666667e-16 	1.8973043e-32 	-1.1346595e-35 	6.6666667e-16 	0 	6.6666667e-16
0.69657252 	6.6666667e-16 	8.7465721e-33 	-3.5204869e-37 	6.6666667e-16 	0 	6.6666667e-16
0.7196916 	6.6666667e-16 	9.4569957e-33 	2.1927828e-35 	6.6666667e-16 	0 	6.6666667e-16
0.74356198 	6.6666667e-16 	-9.2526447e-33 	-8.4631353e-36 	6.6666667e-16 	0 	6.6666667e-16
0.76820808 	6.6666667e-16 	-2.500618e-32 	-4.8662016e-35 	6.6666667e-16 	0 	6.6666667e-16
0.79365511 	6.6666667e-16 	-1.479596e-32 	-2.6717525e-35 	6.6666667e-16 	0 	6.6666667e-16
0.8199291 	6.6666667e-16 	-1.2902324e-32 	-1.0230922e-35 	6.6666667e-16 	0 	6.6666667e-16
0.84705692 	6.6666667e-16 	5.918389e-33 	-1.2262495e-35 	6.6666667e-16 	0 	6.6666667e-16
0.87506632 	6.6666667e-16 	-6.3096579e-33 	9.2471916e-41 	6.6666667e-16 	0 	6.6666667e-16
0.90398595 	6.6666667e-16 	1.0993964e-32 	0 	6.6666667e-16 	0 	6.6666667e-16
0.93384538 	6.6666667e-16 	1.1740627e-32 	-2.2032676e-35 	6.6666667e-16 	0 	6.6666667e-16
0.96467516 	6.6666667e-16 	-3.4938315e-34 	-3.6809807e-35 	6.6666667e-16 	0 	6.6666667e-16
0.99650683 	6.6666667e-16 	1.0700474e-32 	-3.6457673e-35 	6.6666667e-16 	0 	6.6666667e-16
1.0293729 	6.6666667e-16 	1.0022585e-32 	2.6720716e-35 	6.6666667e-16 	0 	6.6666667e-16
1.0633071 	6.6666667e-16 	-2.7461418e-33 	8.3373616e-35 	6.6666667e-16 	0 	6.6666667e-16
1.098344 	6.6666667e-16 	7.0147883e-33 	3.4769469e-35 	6.6666667e-16 	0 	6.6666667e-16
1.1345196 	6.6666667e-16 	1.0241131e-32 	3.9119865e-35 	6.6666667e-16 	0 	6.6666667e-16
1.1668571 	6.6666667e-16 	1.0296556e-33 	6.6512985e-36 	6.6666667e-16 	0 	6.6666667e-16
1.1718726 	6.6666667e-16 	-3.2639108e-34 	1.5653646e-36 	6.6666667e-16 	0 	6.6666667e-16
1.2104522 	6.6666667e-16 	-8.295668e-33 	-3.4040081e-35 	6.6666667e-16 	0 	6.6666667e-16
1.250285 	6.6666667e-16 	5.7314382e-34 	-1.9542539e-36 	6.6666667e-16 	0 	6.6666667e-16
1.2914115 	6.6666667e-16 	1.5066739e-32 	-1.2401848e-37 	6.6666667e-16 	0 	6.6666667e-16
1.3338737 	6.6666667e-16 	-9.8684778e-33 	1.9223576e-35 	6.6666667e-16 	0 	6.6666667e-16
1.3777151 	6.6666667e-16 	-7.8394891e-33 	-4.502169e-36 	6.6666667e-16 	0 	6.6666667e-16
1.4229805 	6.6666667e-16 	2.9175088e-33 	-3.0192386e-35 	6.6666667e-16 	0 	6.6666667e-16
1.4697159 	6.6666667e-16 	-7.4380031e-33 	-1.3909295e-35 	6.6666667e-16 	0 	6.6666667e-16
1.5179692 	6.6666667e-16 	-7.140914e-33 	-4.9009877e-35 	6.6666667e-16 	0 	6.6666667e-16
1.5662215 	6.6666667e-16 	4.5105903e-33 	-6.1774128e-35 	6.6666667e-16 	0 	6.6666667e-16
1.6129542 	6.6666667e-16 	2.0413595e-32 	-1.238722e-35 	6.6666667e-16 	0 	6.6666667e-16
1.6582152 	6.6666667e-16 	1.2766722e-33 	6.037629e-36 	6.6666667e-16 	0 	6.6666667e-16
1.7020508 	6.6666667e-16 	-1.5746723e-32 	-2.1918201e-35 	6.6666667e-16 	0 	6.6666667e-16
1.7445059 	6.6666667e-16 	-7.5975273e-33 	-2.1769091e-35 	6.6666667e-16 	0 	6.6666667e-16
1.785624 	6.6666667e-16 	-1.6503062e-32 	-3.0581043e-37 	6.6666667e-16 	0 	6.6666667e-16
1.8070113 	6.6666667e-16 	-1.258236e-32 	1.2333808e-36 	6.6666667e-16 	0 	6.6666667e-16
1.8254639 	6.6666667e-16 	-8.4598119e-33 	1.9759534e-36 	6.6666667e-16 	0 	6.6666667e-16
1.8640662 	6.6666667e-16 	1.7764897e-32 	2.877723e-35 	6.6666667e-16 	0 	6.6666667e-16
1.9014509 	6.6666667e-16 	8.9553728e-33 	9.9206056e-36 	6.6666667e-16 	0 	6.6666667e-16
1.9376564 	6.6666667e-16 	-1.7429301e-32 	3.9474078e-35 	6.6666667e-16 	0 	6.6666667e-16
1.97272 	6.6666667e-16 	-7.3112805e-33 	6.8161801e-35 	6.6666667e-16 	0 	6.6666667e-16
2.0066778 	6.6666667e-16 	3.3798749e-33 	3.1902757e-35 	6.6666667e-16 	0 	6.6666667e-16
2.0395648 	6.6666667e-16 	3.9019235e-33 	-9.9299661e-36 	6.6666667e-16 	0 	6.6666667e-16
2.0714147 	6.6666667e-16 	3.89886e-36 	-2.0554718e-35 	6.6666667e-16 	0 	6.6666667e-16
2.1022603 	6.6666667e-16 	-2.3372644e-32 	3.0030866e-36 	6.6666667e-16 	0 	6.6666667e-16
2.1321334 	6.6666667e-16 	-1.7072392e-32 	-2.7676408e-35 	6.6666667e-16 	0 	6.6666667e-16
2.1610646 	6.6666667e-16 	1.9279911e-32 	-2.500038e-35 	6.6666667e-16 	0 	6.6666667e-16
2.1890837 	6.6666667e-16 	4.5978662e-33 	9.5347907e-36 	6.6666667e-16 	0 	6.6666667e-16
2.2162195 	6.6666667e-16 	-8.4142798e-33 	2.3514434e-36 	6.6666667e-16 	0 	6.6666667e-16
2.2424998 	6.6666667e-16 	0 	2.7222496e-35 	6.6666667e-16 	0 	6.6666667e-16
2.2679518 	6.6666667e-16 	-1.1151595e-32 	-1.4671474e-35 	6.6666667e-16 	0 	6.6666667e-16
2.2926015 	6.6666667e-16 	-9.4964909e-33 	-3.7795032e-35 	6.6666667e-16 	0 	6.6666667e-16
2.3164742 	6.6666667e-16 	-6.8134954e-33 	-2.44065e-35 	6.6666667e-16 	0 	6.6666667e-16
2.3395945 	6.6666667e-16 	4.9005534e-33 	-1.2448108e-35 	6.6666667e-16 	0 	6.6666667e-16
2.3619861 	6.6666667e-16 	1.3924152e-32 	6.0611941e-36 	6.6666667e-16 	0 	6.6666667e-16
2.3836721 	6.6666667e-16 	-1.7943715e-32 	-7.9361724e-36 	6.6666667e-16 	0 	6.6666667e-16
2.4046746 	6.6666667e-16 	-1.5508703e-34 	-8.0024402e-36 	6.6666667e-16 	0 	6.6666667e-16
2.4250153 	6.6666667e-16 	-1.8398056e-32 	-8.3548851e-36 	6.6666667e-16 	0 	6.6666667e-16
2.4298497 	6.6666667e-16 	-1.8118445e-32 	-1.7821405e-35 	6.6666667e-16 	0 	6.6666667e-16
2.4447218 	6.6666667e-16 	-1.727313e-32 	-4.5840795e-35 	6.6666667e-16 	0 	6.6666667e-16
2.463809 	6.6666667e-16 	3.6446601e-32 	2.5259083e-36 	6.6666667e-16 	0 	6.6666667e-16
2.4822943 	6.6666667e-16 	-6.5478e-34 	4.3335768e-35 	6.6666667e-16 	0 	6.6666667e-16
2.5001966 	6.6666667e-16 	-1.9644726e-32 	-4.5050606e-36 	6.6666667e-16 	0 	6.6666667e-16
2.5175344 	6.6666667e-16 	0 	-2.9569003e-36 	6.6666667e-16 	0 	6.6666667e-16
2.5343255 	6.6666667e-16 	1.7939967e-32 	-1.0505857e-35 	6.6666667e-16 	0 	6.6666667e-16
2.5505871 	6.6666667e-16 	1.7415467e-32 	-2.8727582e-35 	6.6666667e-16 	0 	6.6666667e-16
2.5663361 	6.6666667e-16 	-5.173043e-33 	4.5344722e-36 	6.6666667e-16 	0 	6.6666667e-16
2.5815885 	6.6666667e-16 	-5.7349144e-33 	2.5966852e-35 	6.6666667e-16 	0 	6.6666667e-16
2.5963601 	6.6666667e-16 	-2.4661088e-32 	-2.8033708e-35 	6.6666667e-16 	0 	6.6666667e-16
2.610666 	6.6666667e-16 	-5.0094242e-32 	-1.554194e-35 	6.6666667e-16 	0 	6.6666667e-16
2.624521 	6.6666667e-16 	9.2317067e-33 	8.534556e-36 	6.6666667e-16 	0 	6.6666667e-16
2.6379393 	6.6666667e-16 	1.7349371e-32 	4.6921776e-37 	6.6666667e-16 	0 	6.6666667e-16
2.6509346 	6.6666667e-16 	-3.7666751e-32 	2.0117783e-35 	6.6666667e-16 	0 	6.6666667e-16
2.6635203 	6.6666667e-16 	1.8610058e-32 	-1.8332778e-35 	6.6666667e-16 	0 	6.6666667e-16
2.6757094 	6.6666667e-16 	4.0637235e-32 	-1.681612e-35 	6.6666667e-16 	0 	6.6666667e-16
2.6875143 	6.6666667e-16 	0 	1.4957048e-35 	6.6666667e-16 	0 	6.6666667e-16
2.6989472 	6.6666667e-16 	-3.1915481e-32 	-2.792155e-36 	6.6666667e-16 	0 	6.6666667e-16
2.7100198 	6.6666667e-16 	1.0400645e-33 	7.0208553e-37 	6.6666667e-16 	0 	6.6666667e-16
2.7207435 	6.6666667e-16 	1.6700468e-32 	-1.5522079e-35 	6.6666667e-16 	0 	6.6666667e-16
2.7311293 	6.6666667e-16 	-3.4580474e-32 	-2.1638685e-35 	6.6666667e-16 	0 	6.6666667e-16
2.7411879 	6.6666667e-16 	1.3572149e-33 	3.6823033e-35 	6.6666667e-16 	0 	6.6666667e-16
2.7509295 	6.6666667e-16 	3.6845275e-32 	1.74147e-35 	6.6666667e-16 	0 	6.6666667e-16
2.7603642 	6.6666667e-16 	3.4856382e-32 	-4.238906e-35 	6.6666667e-16 	0 	6.6666667e-16
2.7695016 	6.6666667e-16 	-2.7513779e-32 	2.061704e-35 	6.6666667e-16 	0 	6.6666667e-16
2.7783512 	6.6666667e-16 	-6.3406635e-32 	1.7838244e-35 	6.6666667e-16 	0 	6.6666667e-16
2.7869219 	6.6666667e-16 	5.6136049e-34 	-2.1151963e-35 	6.6666667e-16 	0 	6.6666667e-16
2.7952227 	6.6666667e-16 	-5.4395746e-34 	-6.6459854e-36 	6.6666667e-16 	0 	6.6666667e-16
2.8032619 	6.6666667e-16 	1.0904653e-32 	-1.4613207e-35 	6.6666667e-16 	0 	6.6666667e-16
2.8110479 	6.6666667e-16 	-3.0366389e-32 	-4.7509895e-35 	6.6666667e-16 	0 	6.6666667e-16
2.8185886 	6.6666667e-16 	-4.2539873e-32 	1.8252544e-36 	6.6666667e-16 	0 	6.6666667e-16
2.8258918 	6.6666667e-16 	1.6910386e-32 	3.5608627e-35 	6.6666667e-16 	0 	6.6666667e-16
2.832965 	6.6666667e-16 	5.1703538e-32 	-6.4027281e-36 	6.6666667e-16 	0 	6.6666667e-16
2.8398154 	6.6666667e-16 	-1.7280278e-33 	4.6524688e-36 	6.6666667e-16 	0 	6.6666667e-16
2.8464499 	6.6666667e-16 	-1.5660008e-32 	3.6855454e-35 	6.6666667e-16 	0 	6.6666667e-16
2.8528756 	6.6666667e-16 	5.562671e-32 	-1.0249023e-36 	6.6666667e-16 	0 	6.6666667e-16
2.8590988 	6.6666667e-16 	-5.9358728e-32 	-3.8738033e-35 	6.6666667e-16 	0 	6.6666667e-16
2.865126 	6.6666667e-16 	-1.4738864e-32 	1.096951e-35 	6.6666667e-16 	0 	6.6666667e-16
2.8709634 	6.6666667e-16 	7.7957176e-32 	2.436898e-35 	6.6666667e-16 	0 	6.6666667e-16
2.876617 	6.6666667e-16 	-6.5269286e-32 	2.2496763e-35 	6.6666667e-16 	0 	6.6666667e-16
2.8820925 	6.6666667e-16 	5.2371112e-32 	-1.8271979e-35 	6.6666667e-16 	0 	6.6666667e-16
2.8873956 	6.6666667e-16 	1.5070593e-31 	3.2091203e-36 	6.6666667e-16 	0 	6.6666667e-16
2.8925316 	6.6666667e-16 	-5.7184107e-34 	8.3530452e-36 	6.6666667e-16 	0 	6.6666667e-16
2.897506 	6.6666667e-16 	-7.3077059e-32 	-1.1443355e-35 	6.6666667e-16 	0 	6.6666667e-16
2.9023236 	6.6666667e-16 	-1.4948831e-32 	2.0053715e-35 	6.6666667e-16 	0 	6.6666667e-16
2.9069896 	6.6666667e-16 	8.8349239e-32 	1.2143043e-35 	6.6666667e-16 	0 	6.6666667e-16
2.9115086 	6.6666667e-16 	-1.5388195e-33 	1.9991535e-35 	6.6666667e-16 	0 	6.6666667e-16
2.9158853 	6.6666667e-16 	1.8342245e-32 	7.0131381e-37 	6.6666667e-16 	0 	6.6666667e-16
2.9201242 	6.6666667e-16 	-5.1976532e-32 	-1.9064982e-35 	6.6666667e-16 	0 	6.6666667e-16
2.9242297 	6.6666667e-16 	3.7796083e-33 	-6.3658985e-36 	6.6666667e-16 	0 	6.6666667e-16
2.9282058 	6.6666667e-16 	2.9052107e-32 	-9.8202782e-36 	6.6666667e-16 	0 	6.6666667e-16
2.9320568 	6.6666667e-16 	-1.086028e-31 	1.2266685e-35 	6.6666667e-16 	0 	6.6666667e-16
2.9357864 	6.6666667e-16 	9.8747008e-32 	-1.2768053e-36 	6.6666667e-16 	0 	6.6666667e-16
2.9393987 	6.6666667e-16 	9.7752018e-32 	-2.5051934e-35 	6.6666667e-16 	0 	6.6666667e-16
2.9428972 	6.6666667e-16 	8.9030934e-32 	4.0184437e-36 	6.6666667e-16 	0 	6.6666667e-16
2.9462856 	6.6666667e-16 	1.2606643e-32 	-6.7598168e-36 	6.6666667e-16 	0 	6.6666667e-16
2.9495673 	6.6666667e-16 	-9.2719649e-32 	2.4788393e-35 	6.6666667e-16 	0 	6.6666667e-16
2.9527456 	6.6666667e-16 	9.9503559e-32 	6.0392922e-35 	6.6666667e-16 	0 	6.6666667e-16
2.9558239 	6.6666667e-16 	1.0006278e-31 	1.0629812e-35 	6.6666667e-16 	0 	6.6666667e-16
2.9588052 	6.6666667e-16 	-1.2311171e-31 	-2.8531584e-35 	6.6666667e-16 	0 	6.6666667e-16
2.9616927 	6.6666667e-16 	-1.3876611e-31 	-2.8362322e-35 	6.6666667e-16 	0 	6.6666667e-16
2.9644893 	6.6666667e-16 	4.8701611e-34 	-1.4672836e-36 	6.6666667e-16 	0 	6.6666667e-16
2.9671978 	6.6666667e-16 	2.7040621e-31 	1.6500501e-35 	6.6666667e-16 	0 	6.6666667e-16
2.9698211 	6.6666667e-16 	1.3142063e-31 	-1.4942524e-35 	6.6666667e-16 	0 	6.6666667e-16
2.9723618 	6.6666667e-16 	-1.1151977e-32 	-1.5550213e-35 	6.6666667e-16 	0 	6.6666667e-16
2.9748224 	6.6666667e-16 	-1.8731638e-32 	-3.6148021e-35 	6.6666667e-16 	0 	6.6666667e-16
2.9772057 	6.6666667e-16 	-1.1966168e-31 	-2.3927158e-35 	6.6666667e-16 	0 	6.6666667e-16
2.9795138 	6.6666667e-16 	-1.2988756e-31 	1.2086526e-35 	6.6666667e-16 	0 	6.6666667e-16
2.9817494 	6.6666667e-16 	1.9303056e-32 	1.919615e-35 	6.6666667e-16 	0 	6.6666667e-16
2.9839145 	6.6666667e-16 	4.8841164e-31 	8.5885834e-36 	6.6666667e-16 	0 	6.6666667e-16
2.9860115 	6.6666667e-16 	-2.5094108e-32 	1.7217251e-35 	6.6666667e-16 	0 	6.6666667e-16
2.9880424 	6.6666667e-16 	-3.3589626e-31 	2.1450206e-35 	6.6666667e-16 	0 	6.6666667e-16
2.9900094 	6.6666667e-16 	1.8608785e-31 	-2.1242075e-35 	6.6666667e-16 	0 	6.6666667e-16
2.9919145 	6.6666667e-16 	1.7304335e-31 	-3.2596503e-35 	6.6666667e-16 	0 	6.6666667e-16
2.9937597 	6.6666667e-16 	-1.8486514e-31 	1.4560539e-35 	6.6666667e-16 	0 	6.6666667e-16
2.9955467 	6.6666667e-16 	-1.9897533e-31 	5.9180425e-35 	6.6666667e-16 	0 	6.6666667e-16
2.9972775 	6.6666667e-16 	1.8537267e-31 	-1.5571749e-35 	6.6666667e-16 	0 	6.6666667e-16
2.9989538 	6.6666667e-16 	4.1779788e-31 	-5.1627667e-35 	6.6666667e-16 	0 	6.6666667e-16
3.0005773 	6.6666667e-16 	2.3213361e-31 	1.9832006e-37 	6.6666667e-16 	0 	6.6666667e-16
3.0021497 	6.6666667e-16 	2.2014198e-31 	1.4888976e-35 	6.6666667e-16 	0 	6.6666667e-16
3.0036726 	6.6666667e-16 	2.0861899e-31 	1.5389546e-35 	6.6666667e-16 	0 	6.6666667e-16
3.0051476 	6.6666667e-16 	2.4873764e-31 	-1.8312986e-35 	6.6666667e-16 	0 	6.6666667e-16
3.0065761 	6.6666667e-16 	2.491284e-31 	-1.4983614e-35 	6.6666667e-16 	0 	6.6666667e-16
3.0079597 	6.6666667e-16 	-2.6489817e-31 	-9.0163002e-36 	6.6666667e-16 	0 	6.6666667e-16
3.0092997 	6.6666667e-16 	-2.6559941e-31 	-1.5927187e-36 	6.6666667e-16 	0 	6.6666667e-16
3.0105976 	6.6666667e-16 	2.5907299e-31 	3.1726246e-35 	6.6666667e-16 	0 	6.6666667e-16
3.0118546 	6.6666667e-16 	-8.1090619e-33 	1.5646521e-35 	6.6666667e-16 	0 	6.6666667e-16
3.013072 	6.6666667e-16 	2.0565063e-32 	-1.0499826e-35 	6.6666667e-16 	0 	6.6666667e-16
3.0142511 	6.6666667e-16 	2.9098076e-31 	-3.8220636e-35 	6.6666667e-16 	0 	6.6666667e-16
3.015393 	6.6666667e-16 	-1.0910952e-32 	-5.6558003e-37 	6.6666667e-16 	0 	6.6666667e-16
3.0164991 	6.6666667e-16 	-2.0971508e-32 	2.0557809e-35 	6.6666667e-16 	0 	6.6666667e-16
3.0175703 	6.6666667e-16 	3.2599272e-34 	6.0900422e-37 	6.6666667e-16 	0 	6.6666667e-16
3.0186078 	6.6666667e-16 	3.5389168e-31 	-1.2057264e-35 	6.6666667e-16 	0 	6.6666667e-16
3.0196126 	6.6666667e-16 	7.0987522e-31 	-1.1886961e-35 	6.6666667e-16 	0 	6.6666667e-16
3.0205858 	6.6666667e-16 	-2.3067815e-33 	2.37527e-35 	6.6666667e-16 	0 	6.6666667e-16
3.0215284 	6.6666667e-16 	1.2477014e-32 	1.2976973e-35 	6.6666667e-16 	0 	6.6666667e-16
3.0224413 	6.6666667e-16 	-3.027161e-32 	-2.350365e-35 	6.6666667e-16 	0 	6.6666667e-16
3.0233255 	6.6666667e-16 	4.1130737e-31 	1.2125731e-36 	6.6666667e-16 	0 	6.6666667e-16
3.0241818 	6.6666667e-16 	8.2277037e-31 	6.8526118e-36 	6.6666667e-16 	0 	6.6666667e-16
3.0250112 	6.6666667e-16 	4.3523119e-31 	-6.635547e-36 	6.6666667e-16 	0 	6.6666667e-16
3.0258144 	6.6666667e-16 	4.3578692e-31 	1.420437e-35 	6.6666667e-16 	0 	6.6666667e-16
3.0265924 	6.6666667e-16 	7.1925251e-33 	6.774308e-36 	6.6666667e-16 	0 	6.6666667e-16
3.0273459 	6.6666667e-16 	-6.350819e-33 	-1.4954578e-35 	6.6666667e-16 	0 	6.6666667e-16
3.0280757 	6.6666667e-16 	-5.0907408e-31 	7.0827253e-36 	6.6666667e-16 	0 	6.6666667e-16
3.0287825 	6.6666667e-16 	-4.9851101e-31 	1.4164397e-35 	6.6666667e-16 	0 	6.6666667e-16
3.0294671 	6.6666667e-16 	-6.4362933e-34 	-4.6095985e-36 	6.6666667e-16 	0 	6.6666667e-16
3.0301301 	6.6666667e-16 	5.5363078e-31 	3.9294604e-36 	6.6666667e-16 	0 	6.6666667e-16
3.0307722 	6.6666667e-16 	-5.8566374e-31 	-1.0271588e-35 	6.6666667e-16 	0 	6.6666667e-16
3.0313942 	6.6666667e-16 	-5.4971226e-31 	-1.7750778e-35 	6.6666667e-16 	0 	6.6666667e-16
3.0319965 	6.6666667e-16 	5.8352547e-31 	5.8869991e-36 	6.6666667e-16 	0 	6.6666667e-16
3.0325799 	6.6666667e-16 	-3.1945064e-33 	4.2870137e-37 	6.6666667e-16 	0 	6.6666667e-16
3.033145 	6.6666667e-16 	4.697867e-33 	3.3358685e-36 	6.6666667e-16 	0 	6.6666667e-16
3.0336922 	6.6666667e-16 	-7.1252309e-35 	5.6171211e-36 	6.6666667e-16 	0 	6.6666667e-16
3.0342222 	6.6666667e-16 	-1.6728654e-33 	8.5859063e-38 	6.6666667e-16 	0 	6.6666667e-16
3.0347356 	6.6666667e-16 	1.1696305e-33 	-4.3765771e-37 	6.6666667e-16 	0 	6.6666667e-16
3.0352328 	6.6666667e-16 	1.5500004e-16 	-3.1377836e-36 	6.6666667e-16 	0 	6.6666667e-16
3.035714 	4.2328368e-19 	9.8413481e-20 	-1.9931522e-39 	4.2328368e-19 	0 	4.2328368e-19
