-1.0536585e-16 	0 	0 	0 	0 	0 	0
0.00071777728 	7.7450619e-08 	3.373622e-11 	2.2689935e-31 	7.7450184e-08 	-4.234875e-32 	7.7450401e-08
0.0014708259 	1.4190393e-07 	4.0717203e-10 	-5.493947e-30 	1.4189344e-07 	9.7483247e-31 	1.4189867e-07
0.0022608792 	5.6817028e-07 	3.6289431e-09 	-6.2139693e-30 	5.6804086e-07 	2.2951732e-30 	5.6810554e-07
0.0030897555 	1.6848916e-06 	1.980895e-08 	9.5121364e-31 	1.6839962e-06 	-2.3763716e-29 	1.6844438e-06
0.0039593625 	4.0177678e-06 	7.8309934e-08 	1.662974e-30 	4.0134878e-06 	1.8140253e-28 	4.0156275e-06
0.0048717018 	8.2854186e-06 	2.4861152e-07 	2.9585957e-27 	8.2695043e-06 	2.4002685e-28 	8.2774602e-06
0.0058288732 	1.5436498e-05 	6.7433297e-07 	-1.4077376e-26 	1.5387104e-05 	-7.2053258e-28 	1.5411796e-05
0.0068330797 	2.6695476e-05 	1.6242661e-06 	-1.6650311e-26 	2.6561701e-05 	-5.7737147e-27 	2.6628576e-05
0.0078866327 	4.360776e-05 	3.5614979e-06 	9.5451248e-26 	4.3282294e-05 	-8.4192053e-27 	4.3444995e-05
0.0089919569 	6.8069485e-05 	7.2233262e-06 	1.4251747e-27 	6.7344197e-05 	1.4851789e-26 	6.7706767e-05
0.010151597 	0.00010231557 	1.3687339e-05 	9.4162617e-26 	0.00010081564 	2.8655325e-26 	0.00010156545
0.011368221 	0.00014882724 	2.4373047e-05 	-1.7043514e-25 	0.00014592338 	2.56527e-26 	0.00014737502
0.012644629 	0.00021011795 	4.0906482e-05 	-3.4660496e-25 	0.00020482501 	-4.4214933e-26 	0.00020747098
0.01398376 	0.00028835647 	6.4783181e-05 	9.7278327e-25 	0.00027923994 	-4.3089545e-26 	0.00028379741
0.015388695 	0.0003849089 	9.6858733e-05 	-5.7950272e-25 	0.00037003128 	3.8517403e-25 	0.00037746887
0.016862669 	0.00049996731 	0.00013684376 	-4.1173739e-24 	0.00047690323 	8.3475956e-25 	0.00048843338
0.018409073 	0.00063242374 	0.00018306774 	8.6089119e-26 	0.00059835247 	-3.2607479e-25 	0.00061538513
0.020031468 	0.00078009513 	0.00023269302 	7.1132838e-24 	0.00073194834 	-2.01836e-24 	0.00075601712
0.021733586 	0.00094021754 	0.00028231802 	-6.2005926e-24 	0.00087483797 	-1.1193594e-24 	0.0009075209
0.023519345 	0.0011099908 	0.00032868472 	-2.3131469e-24 	0.0010242617 	-5.6061057e-25 	0.0010671166
0.025392857 	0.0012869728 	0.00036920494 	1.804895e-23 	0.0011779 	-4.0198259e-25 	0.0012324236
0.027358432 	0.0014692523 	0.00040218886 	3.3411015e-25 	0.0013339996 	1.9324714e-24 	0.0014016096
0.029420596 	0.0016554399 	0.00042681374 	-1.0773411e-23 	0.0014913326 	1.898516e-24 	0.0015733662
0.031584093 	0.0018446153 	0.00044295466 	-1.4068986e-24 	0.0016491204 	-3.8413486e-25 	0.0017468441
0.033853904 	0.002036233 	0.00045096296 	2.0708961e-24 	0.0018069323 	-2.7224609e-24 	0.0019215551
0.036235253 	0.0022299779 	0.00045145706 	2.4986519e-23 	0.0019645487 	-5.0479789e-24 	0.0020972315
0.038733621 	0.0024256623 	0.00044515487 	3.1036066e-23 	0.0021218789 	1.9805621e-24 	0.0022737341
0.041354758 	0.0026231745 	0.00043277319 	-2.5535531e-23 	0.0022789247 	6.8062852e-24 	0.0024510083
0.044104697 	0.0028224562 	0.00041498366 	-1.9995697e-23 	0.0024357516 	-3.5376421e-24 	0.0026290579
0.046989767 	0.0030234821 	0.00039238078 	2.0532506e-23 	0.0025924686 	2.048174e-24 	0.0028079246
0.050016608 	0.0032262465 	0.00036547109 	-2.0714256e-23 	0.0027492135 	1.0628417e-23 	0.0029876745
0.053192188 	0.0034307545 	0.00033467344 	-3.2726792e-23 	0.002906145 	-1.3856947e-24 	0.0031683895
0.056523815 	0.0036370167 	0.00030032617 	-1.2865206e-23 	0.0030634372 	1.3341628e-24 	0.003350162
0.060019158 	0.0038450446 	0.00026269682 	-5.759103e-23 	0.003221277 	2.5320379e-24 	0.0035330912
0.06368626 	0.0040548472 	0.00022199121 	-1.3006313e-23 	0.003379862 	-1.4745866e-23 	0.0037172803
0.067533563 	0.0042664273 	0.00017836213 	4.2496533e-23 	0.0035393987 	-1.5493903e-23 	0.0039028342
0.071569921 	0.0044797796 	0.00013191693 	1.1533476e-22 	0.0037001012 	-1.1116915e-23 	0.0040898575
0.075804625 	0.0046948886 	8.2726123e-05 	5.6998508e-23 	0.0038621919 	1.9833971e-23 	0.0042784536
0.080247421 	0.0049117267 	3.0827478e-05 	-1.4757912e-22 	0.0040258999 	3.3680892e-23 	0.0044687232
0.084908535 	0.0051302526 	-2.3773139e-05 	-7.6837214e-23 	0.0041914607 	-7.8771721e-24 	0.0046607639
0.089798694 	0.0053504096 	-8.1095554e-05 	1.7496338e-23 	0.0043591182 	-1.3439117e-23 	0.0048546692
0.094929155 	0.0055721232 	-0.0001411805 	9.8582801e-26 	0.0045291251 	1.2100964e-24 	0.0050505282
0.10031173 	0.0057953005 	-0.00020409265 	1.5794232e-30 	0.0047017438 	-1.1064084e-23 	0.0052484265
0.10595879 	0.0060198315 	-0.00026991885 	1.0898144e-22 	0.0048772463 	6.6220258e-25 	0.0054484448
0.11188336 	0.0062455878 	-0.00033876437 	-1.6826102e-22 	0.0050559129 	2.246745e-23 	0.0056506596
0.11809905 	0.0064724219 	-0.00041075245 	-4.4068212e-23 	0.0052380333 	-7.2498055e-23 	0.0058551419
0.12462019 	0.006700165 	-0.00048602783 	5.3877229e-22 	0.0054239064 	-5.6488071e-23 	0.0060619574
0.13146176 	0.0069286287 	-0.00056475605 	-6.4054641e-23 	0.0056138372 	8.7251236e-23 	0.0062711657
0.13863954 	0.007157608 	-0.00064712097 	-2.9759202e-22 	0.0058081352 	5.5263757e-23 	0.0064828183
0.14617002 	0.007386866 	-0.00073332679 	-2.2639268e-22 	0.0060071225 	8.8597526e-23 	0.0066969576
0.15407056 	0.0076161298 	-0.00082359324 	-8.0669048e-22 	0.006211143 	1.3113944e-22 	0.0069136197
0.16235932 	0.0078450967 	-0.00091815071 	-6.6968057e-22 	0.006420561 	-1.0242971e-23 	0.0071328364
0.17105539 	0.0080734381 	-0.0010172395 	-6.8467346e-23 	0.0066357634 	-5.4490512e-23 	0.0073546375
0.17278965 	0.008116673 	-0.0010369959 	-2.9603288e-23 	0.0066778601 	-3.1524627e-23 	0.0073973097
0.18017878 	0.0083004722 	-0.0011209644 	1.6040238e-22 	0.0068572028 	5.9418065e-23 	0.0075789082
0.1897505 	0.0085260612 	-0.0012296998 	-5.0135027e-22 	0.0070853004 	1.7521566e-22 	0.0078057892
0.19979256 	0.0087498885 	-0.0013437523 	-6.8871505e-22 	0.0073205016 	4.116179e-25 	0.0080353448
0.21032809 	0.008971537 	-0.001463404 	6.3612512e-22 	0.0075632822 	-2.1476807e-22 	0.0082676034
0.22138133 	0.0091905584 	-0.0015889436 	8.6087622e-22 	0.0078141476 	4.6787905e-23 	0.0085025929
0.23297773 	0.0094064721 	-0.0017206636 	-1.0786853e-21 	0.0080736389 	2.8825125e-22 	0.0087403437
0.24514397 	0.0096187675 	-0.0018588578 	-1.8822588e-22 	0.0083423418 	-8.1705827e-23 	0.0089808919
0.25790806 	0.0098269057 	-0.0020038235 	-1.4273931e-22 	0.008620895 	-4.2616939e-23 	0.0092242865
0.27129936 	0.010030323 	-0.0021558611 	1.8597416e-23 	0.00891 	-1.3867298e-22 	0.0094705961
0.28534872 	0.01022844 	-0.0023152718 	4.2195184e-22 	0.0092104378 	-9.6992196e-23 	0.0097199197
0.30008846 	0.010420673 	-0.0024823558 	6.1440336e-24 	0.0095230887 	1.8984865e-24 	0.0099724039
0.3155525 	0.010606453 	-0.0026574252 	6.9455865e-22 	0.0098489524 	-1.5269601e-22 	0.010228263
0.33177644 	0.010785256 	-0.0028408217 	7.1942326e-22 	0.01018918 	-4.1067397e-23 	0.010487809
0.34879762 	0.010956653 	-0.0030329263 	4.0042421e-23 	0.010545109 	-5.3633021e-24 	0.010751493
0.36665522 	0.011120389 	-0.0032341599 	3.3372128e-22 	0.010918292 	-6.252311e-23 	0.011019968
0.38539033 	0.01127649 	-0.0034452165 	1.649702e-22 	0.011310574 	3.4860767e-22 	0.011294155
0.40504609 	0.011425377 	-0.0036669021 	-1.5009328e-21 	0.01172416 	5.2065986e-22 	0.011575359
0.42566772 	0.011568149 	-0.0039001826 	-9.2944677e-22 	0.012161647 	-1.5541925e-22 	0.011865445
0.44730269 	0.011707101 	-0.0041467574 	-3.2748372e-23 	0.012626082 	-2.2887333e-22 	0.012167069
0.4700008 	0.011846303 	-0.0044091133 	-1.8440671e-22 	0.013120925 	7.6150636e-22 	0.012483976
0.49381429 	0.01199254 	-0.0046907285 	-1.3828383e-21 	0.013650028 	1.4108653e-21 	0.012821458
0.51879797 	0.012156913 	-0.0049965582 	-1.7075906e-21 	0.014217395 	2.5105292e-22 	0.013187031
0.54500934 	0.012357295 	-0.0053332094 	-7.7412052e-22 	0.014826634 	-2.5454034e-22 	0.013591409
0.57250873 	0.012622054 	-0.005707878 	2.918745e-22 	0.015476453 	9.0921344e-22 	0.014049924
0.60135943 	0.012992129 	-0.0061538704 	-6.1730201e-23 	0.016176035 	8.1531831e-22 	0.014583593
0.63162785 	0.013507866 	-0.0067105932 	-1.8545578e-23 	0.016931571 	-1.5751702e-22 	0.015217452
0.66338365 	0.014258467 	-0.0072382244 	3.3481483e-22 	0.017716435 	1.2640965e-22 	0.015989387
0.69669992 	0.015308808 	-0.0077515993 	8.7741047e-22 	0.01858862 	6.7224416e-22 	0.016950081
0.73165334 	0.016570077 	-0.008437532 	2.0977332e-21 	0.019611058 	5.5465094e-22 	0.018085554
0.76832436 	0.017806077 	-0.0092800628 	1.9436474e-21 	0.020660164 	-4.776288e-22 	0.019227897
0.80679739 	0.018765135 	-0.010176994 	-1.0667973e-21 	0.021513155 	-3.8436604e-22 	0.02013184
0.84716097 	0.019340708 	-0.01101387 	3.4614162e-21 	0.021979326 	9.7392842e-23 	0.020654952
0.88950801 	0.019618483 	-0.011602295 	1.1996929e-21 	0.021963112 	-3.2046599e-22 	0.020795999
0.93393597 	0.019755866 	-0.011586289 	3.9255017e-22 	0.021514145 	1.3857855e-22 	0.020630637
0.98054711 	0.019787591 	-0.01107371 	1.1718933e-20 	0.020902136 	-4.595075e-23 	0.020328189
1.0294487 	0.019770686 	-0.01044682 	2.5209711e-21 	0.02046996 	-3.0390049e-22 	0.02010649
1.0807533 	0.019842538 	-0.009830006 	-1.4264373e-21 	0.020354839 	5.2658995e-23 	0.020086813
1.134579 	0.020037271 	-0.0092974259 	8.2501992e-22 	0.020465078 	3.9550726e-22 	0.020239407
1.1668613 	0.020173508 	-0.0090475275 	1.7037417e-20 	0.020562174 	-1.2415362e-22 	0.020355938
1.191067 	0.020276627 	-0.0088616667 	3.0562195e-20 	0.020636588 	-5.4611554e-22 	0.020445253
1.2503531 	0.02045912 	-0.0085067961 	1.9766011e-21 	0.020734159 	-9.9849017e-22 	0.0205865
1.3125497 	0.020513004 	-0.0082100066 	-6.4815528e-20 	0.020675756 	1.0585323e-21 	0.020585357
1.3777996 	0.020390773 	-0.0079414897 	-3.5985567e-20 	0.020409749 	1.3709403e-21 	0.020392683
1.4462523 	0.020059011 	-0.0076678773 	-5.3386807e-21 	0.019903181 	5.2289496e-22 	0.019974541
1.518065 	0.01951217 	-0.007368499 	4.6572594e-20 	0.019175201 	-8.5631368e-22 	0.019337992
1.5891513 	0.018803225 	-0.0070519441 	-1.084792e-20 	0.018304479 	-1.9741873e-22 	0.018549531
1.6569379 	0.018011661 	-0.0067294729 	-2.4679289e-20 	0.01736705 	6.2193289e-22 	0.017685857
1.7215782 	0.017190515 	-0.0063939448 	3.6902425e-20 	0.016413001 	-4.4757654e-22 	0.016798838
1.7832184 	0.016368027 	-0.006042327 	2.7574071e-20 	0.015477416 	-9.7320442e-22 	0.015920453
1.8419978 	0.015562449 	-0.0056798729 	-4.8226219e-20 	0.014582057 	1.2353809e-22 	0.015070544
1.8980492 	0.014786688 	-0.0053116871 	-1.1644409e-19 	0.013739309 	2.1557413e-21 	0.014261746
1.9514995 	0.014048685 	-0.0049426773 	7.4292506e-21 	0.012954999 	7.4737145e-22 	0.013500954
2.0024694 	0.013352164 	-0.0045772072 	6.4075317e-20 	0.01223029 	-9.2570723e-22 	0.012790637
2.0510741 	0.012698158 	-0.0042187168 	3.1631158e-22 	0.011563608 	-2.9034473e-22 	0.012130519
2.0974234 	0.012086005 	-0.0038697585 	3.8455843e-22 	0.01095188 	6.6433931e-23 	0.011518747
2.1205946 	0.011786149 	-0.0036927814 	7.2306621e-21 	0.010657958 	1.713193e-22 	0.011221934
2.1416436 	0.011513799 	-0.0035318925 	1.3106271e-20 	0.010390932 	2.3774485e-22 	0.010952297
2.1838316 	0.010979371 	-0.0032063094 	8.4019529e-20 	0.0098765626 	-6.6217765e-22 	0.010427974
2.2240584 	0.01048045 	-0.0028939359 	7.5130987e-20 	0.0094047803 	-1.1999182e-21 	0.0099426755
2.2624154 	0.010014555 	-0.0025950509 	5.6016502e-22 	0.008971498 	-4.2549723e-22 	0.0094931271
2.2989898 	0.0095793431 	-0.0023096324 	-2.5940661e-20 	0.0085729689 	5.0247855e-23 	0.0090762772
2.3338645 	0.0091726143 	-0.0020373871 	-4.1877451e-20 	0.008205824 	6.4216315e-22 	0.008689349
2.3671187 	0.0087923558 	-0.0017778882 	2.2619406e-20 	0.0078671055 	-8.2556541e-23 	0.0083298603
2.3988279 	0.0084367679 	-0.0015307263 	-1.5339826e-20 	0.0075542533 	-1.7034805e-22 	0.0079956282
2.4290639 	0.0081041748 	-0.0012953334 	-4.0890223e-20 	0.007265066 	4.4535506e-22 	0.007684728
2.4578954 	0.0077930761 	-0.0010711128 	-2.8116513e-21 	0.0069975981 	3.4818947e-22 	0.0073954405
2.4853877 	0.0075022292 	-0.00085758961 	3.2896278e-20 	0.0067501015 	-1.5810344e-22 	0.007126256
2.511603 	0.0072305287 	-0.00065425135 	2.1656479e-20 	0.0065211014 	-6.7762299e-22 	0.006875889
2.5366008 	0.0069770248 	-0.0004606038 	-6.8067933e-20 	0.0063093732 	3.2870327e-22 	0.0066432551
2.5604378 	0.0067409119 	-0.00027619218 	-1.3236223e-20 	0.0061138902 	3.7470571e-22 	0.0064274409
2.5831679 	0.006521508 	-0.00010062897 	-1.0581269e-20 	0.0059337918 	1.3082329e-22 	0.0062276797
2.6048425 	0.0063182718 	6.6443549e-05 	5.2686961e-22 	0.0057683586 	2.2988714e-22 	0.0060433294
2.6255108 	0.0061307159 	0.00022535447 	3.2462797e-20 	0.0056169914 	-3.7092014e-22 	0.0058738535
2.6452196 	0.0059584378 	0.00037639104 	-2.685302e-20 	0.0054791907 	5.4068264e-23 	0.0057188018
2.6640133 	0.0058010929 	0.00051980956 	6.6042473e-21 	0.0053545364 	7.9847217e-23 	0.0055777921
2.6819347 	0.0056583758 	0.00065584824 	-4.6915089e-21 	0.0052426687 	-1.2806088e-22 	0.0054504906
2.6990241 	0.0055299989 	0.00078473833 	-1.8482525e-20 	0.0051432666 	1.8717411e-22 	0.0053365918
2.7153203 	0.0054156612 	0.00090668747 	7.7771108e-21 	0.0050560259 	6.4141031e-23 	0.0052357967
2.7308602 	0.0053150552 	0.0010219051 	-9.6535215e-22 	0.0049806419 	1.7905265e-22 	0.0051477956
2.7456787 	0.0052278284 	0.0011305982 	2.9092721e-20 	0.0049167929 	8.140069e-23 	0.0050722533
2.7598096 	0.0051535792 	0.0012329861 	2.9323863e-20 	0.0048641194 	-5.3730982e-22 	0.0050087889
2.7732847 	0.0050918421 	0.0013293142 	-2.176206e-20 	0.00482221 	-4.1362362e-22 	0.004956963
2.7861344 	0.00504208 	0.0014198241 	-3.7654758e-20 	0.0047905941 	3.2524847e-22 	0.0049162716
2.7983879 	0.0050036843 	0.0015047832 	-4.35477e-21 	0.0047687354 	4.3854023e-22 	0.0048861411
2.8100727 	0.0049759717 	0.0015844889 	1.3425565e-20 	0.0047560353 	-7.2772393e-23 	0.004865933
2.8212154 	0.0049582063 	0.001659253 	-3.4966917e-21 	0.0047518446 	8.7674302e-24 	0.0048549559
2.831841 	0.0049496129 	0.0017294092 	9.9337102e-21 	0.0047554711 	8.9703812e-23 	0.0048524737
2.8419737 	0.0049493946 	0.0017953205 	1.0208823e-20 	0.004766204 	-1.825168e-22 	0.004857731
2.8516362 	0.0049567919 	0.0018573757 	-3.894385e-21 	0.0047833725 	-5.8883857e-23 	0.004870014
2.8608504 	0.0049710496 	0.0019159403 	1.3212932e-21 	0.0048063105 	1.7604893e-23 	0.0048886136
2.8696372 	0.0049914217 	0.0019713764 	-1.2775648e-21 	0.0048343537 	-4.7060152e-23 	0.0049128235
2.8780163 	0.0050172309 	0.0020240721 	-3.2321538e-21 	0.0048669052 	1.4470365e-23 	0.0049420049
2.8860067 	0.0050478546 	0.0020743985 	-1.19982e-21 	0.0049034299 	3.3623511e-23 	0.004975581
2.8936264 	0.0050827427 	0.0021227035 	-4.9005418e-22 	0.0049434588 	3.7977002e-23 	0.0050130423
2.9008926 	0.0051214154 	0.0021693092 	1.8195941e-21 	0.0049865901 	5.7419305e-26 	0.0050539463
2.9078218 	0.0051634502 	0.0022145101 	3.7719788e-23 	0.0050324846 	-4.7656496e-23 	0.0050979132
2.9144295 	0.0052084753 	0.0022585245 	-1.9313324e-21 	0.005080855 	3.8299121e-23 	0.0051446132
2.9207308 	0.0052561292 	0.0023014704 	2.1893466e-21 	0.0051314395 	4.2570972e-23 	0.0051937343
2.9267397 	0.0053060947 	0.0023434991 	1.8402172e-21 	0.0051840292 	-1.0796118e-22 	0.005245015
2.9324699 	0.0053581037 	0.0023847687 	-4.7401035e-21 	0.0052384448 	-1.0479876e-22 	0.0052982304
2.9379344 	0.0054118762 	0.0024253191 	-6.3873849e-21 	0.0052944812 	1.4645151e-22 	0.0053531372
2.9431454 	0.0054671194 	0.0024651056 	3.4831935e-21 	0.005351919 	1.5254555e-22 	0.0054094805
2.9481146 	0.0055235255 	0.0025040141 	4.6717318e-21 	0.0054105164 	-6.8427036e-23 	0.0054669855
2.9528534 	0.0055807682 	0.0025418869 	3.3697212e-23 	0.0054700098 	-1.628672e-23 	0.0055253552
2.9573725 	0.0056384994 	0.0025785318 	2.9550393e-21 	0.0055301243 	-8.0160862e-23 	0.0055842681
2.9616819 	0.0056963777 	0.0026153098 	-3.6179839e-21 	0.0055904489 	-1.051128e-22 	0.0056433807
2.9657914 	0.0057540698 	0.002649413 	-3.7660013e-21 	0.0056505439 	1.2195575e-22 	0.0057023032
2.9697104 	0.0058112189 	0.0026781899 	2.4532157e-21 	0.0057099684 	7.7273567e-23 	0.0057605778
2.9734476 	0.0058670608 	0.0027046867 	1.0553632e-21 	0.0057680157 	-3.7516931e-23 	0.0058175061
2.9770115 	0.0059203054 	0.0027300378 	4.3496001e-22 	0.0058236825 	-3.1993849e-23 	0.0058719688
2.9804101 	0.0059694423 	0.0027535706 	-4.5338326e-22 	0.0058756308 	3.8874113e-23 	0.0059225167
2.983651 	0.0060128211 	0.0027745241 	1.8277191e-21 	0.0059222408 	1.5740834e-23 	0.0059675137
2.9867417 	0.0060486988 	0.0027920862 	5.4335686e-22 	0.0059617604 	-6.1819916e-23 	0.0060052139
2.989689 	0.0060752684 	0.0028054104 	-8.017751e-22 	0.0059923568 	-7.2210149e-24 	0.0060337984
2.9924997 	0.0060906666 	0.0028136213 	5.3309209e-23 	0.0060121292 	1.9456349e-23 	0.0060513852
2.99518 	0.006092982 	0.0028158187 	4.6402572e-23 	0.0060191189 	-1.625201e-24 	0.0060560391
2.997736 	0.0060802346 	0.0028110694 	-5.6570679e-24 	0.0060112917 	4.618258e-25 	0.0060457529
3.0001735 	0.0060503409 	0.0027983918 	4.5815498e-23 	0.0059865058 	2.5383865e-23 	0.0060184142
3.002498 	0.0060011006 	0.0027767502 	6.9623921e-22 	0.0059424991 	-1.1445535e-23 	0.0059717916
3.0047146 	0.0059301616 	0.0027450403 	-1.7376618e-22 	0.0058768564 	-3.1143845e-23 	0.0059035017
3.0068285 	0.0058349836 	0.002702074 	-2.9629645e-22 	0.0057869729 	1.9330893e-23 	0.0058109717
3.0088443 	0.0057128151 	0.0026465733 	3.0020363e-22 	0.0056700337 	-8.002158e-24 	0.0056914187
3.0107667 	0.005560688 	0.0025771758 	-3.4171699e-22 	0.0055230093 	-9.2391096e-24 	0.0055418436
3.0125999 	0.0053754278 	0.0024921864 	-9.4859755e-24 	0.0053426706 	2.7841556e-23 	0.0053590447
3.0143481 	0.005153756 	0.0023900471 	2.601978e-22 	0.0051256843 	4.9938243e-24 	0.0051397164
3.0160152 	0.0048924998 	0.0022695051 	9.3012422e-23 	0.0048688232 	-2.4837293e-23 	0.0048806584
3.017605 	0.0045889075 	0.0021292633 	-1.8643804e-22 	0.0045692916 	-8.4299488e-24 	0.004579097
3.0191211 	0.004241146 	0.0019684144 	-6.7580422e-23 	0.0042252227 	1.7444524e-23 	0.0042331822
3.0205669 	0.0038489581 	0.0017868187 	8.7180547e-23 	0.003836335 	5.2724685e-24 	0.0038426447
3.0219457 	0.0034140882 	0.001581976 	2.1734979e-23 	0.0034043783 	-8.240989e-24 	0.0034092316
3.0232605 	0.002940456 	0.0013413086 	-2.6012358e-23 	0.0029333323 	-3.9313861e-24 	0.0029368927
3.0245144 	0.0024386599 	0.0010720238 	-1.7773597e-23 	0.0024337517 	1.6897767e-24 	0.0024362052
3.0257101 	0.0019299586 	0.00079989951 	-1.0547242e-24 	0.0019268031 	1.7676149e-24 	0.0019283807
3.0268503 	0.0014440248 	0.00054633891 	3.435274e-24 	0.0014421642 	-1.5421192e-25 	0.0014430944
3.0279377 	0.0010127753 	0.00033513361 	-1.1284132e-24 	0.0010117872 	3.5558695e-25 	0.0010122811
3.0289747 	0.00066086323 	0.00018143953 	1.8255926e-24 	0.00066039956 	1.3331489e-25 	0.0006606313
3.0299636 	0.00039810453 	8.5323587e-05 	7.6010177e-26 	0.00039791612 	-2.604973e-25 	0.00039801026
3.0309066 	0.00021884155 	3.4221263e-05 	-1.7328921e-25 	0.00021877688 	-3.5185083e-26 	0.00021880919
3.0318059 	0.00010748573 	1.1376643e-05 	-3.6573714e-26 	0.00010746767 	3.0569582e-26 	0.00010747669
3.0326635 	4.5372051e-05 	2.977529e-06 	1.7448407e-26 	4.5368193e-05 	-7.7117735e-28 	4.5370121e-05
3.0334814 	1.5374465e-05 	5.5842612e-07 	-2.1294967e-27 	1.5373901e-05 	-2.3272158e-28 	1.5374183e-05
3.0342613 	3.9410899e-06 	6.4516805e-08 	2.1109864e-28 	3.9410435e-06 	1.1618486e-28 	3.9410666e-06
3.035005 	2.7262273e-06 	6.3828023e-09 	-1.1458152e-30 	2.7262251e-06 	-7.9861068e-30 	2.7262262e-06
3.0357143 	0 	0 	0 	0 	0 	0
