0 	0 	0 	0
0.00071777728 	-0.01110524 	-1.1249127e-06 	3.3620678e-26
0.0014708259 	-0.022329075 	-4.8980036e-06 	3.461786e-26
0.0022608792 	-0.033784569 	-1.1491454e-05 	4.5549066e-27
0.0030897555 	-0.045450523 	-2.1382078e-05 	-5.3918617e-26
0.0039593625 	-0.057299476 	-3.5017055e-05 	-5.6908555e-26
0.0048717018 	-0.069293633 	-5.2888471e-05 	8.4998453e-26
0.0058288732 	-0.081377592 	-7.5536642e-05 	1.5325364e-25
0.0068330797 	-0.093466914 	-0.00010355181 	1.8613483e-26
0.0078866327 	-0.10543295 	-0.0001375709 	-1.0995655e-25
0.0089919569 	-0.11708819 	-0.00017826933 	-7.1498189e-26
0.010151597 	-0.1281829 	-0.00022633993 	5.0503281e-26
0.011368221 	-0.13842857 	-0.00028245035 	1.5807712e-26
0.012644629 	-0.14755488 	-0.00034717309 	-2.1064553e-25
0.01398376 	-0.15538105 	-0.0004209162 	-3.0088603e-25
0.015388695 	-0.16186088 	-0.00050389691 	-5.3392139e-26
0.016862669 	-0.16707513 	-0.00059617452 	9.4906595e-26
0.018409073 	-0.17118432 	-0.00069771764 	-9.486065e-26
0.020031468 	-0.17437524 	-0.00080846967 	-1.1849211e-25
0.021733586 	-0.17682422 	-0.00092839553 	-2.4490805e-26
0.023519345 	-0.17868045 	-0.001057508 	-5.034128e-26
0.025392857 	-0.1800628 	-0.0011958791 	1.585103e-25
0.027358432 	-0.18106311 	-0.0013436419 	1.5750302e-25
0.029420596 	-0.18175129 	-0.0015009882 	-4.4674024e-26
0.031584093 	-0.18218031 	-0.0016681631 	-1.905977e-27
0.033853904 	-0.18239033 	-0.0018454606 	1.5820739e-26
0.036235253 	-0.18241187 	-0.0020332184 	-1.4089595e-25
0.038733621 	-0.1822682 	-0.0022318147 	-1.1774074e-25
0.041354758 	-0.18197711 	-0.0024416655 	4.9104034e-26
0.044104697 	-0.18155215 	-0.0026632227 	1.3374079e-25
0.046989767 	-0.18100361 	-0.0028969724 	6.4632998e-26
0.050016608 	-0.18033918 	-0.0031434343 	-8.5019837e-26
0.053192188 	-0.1795645 	-0.0034031618 	-4.1785588e-26
0.056523815 	-0.17868354 	-0.0036767414 	2.0706199e-25
0.060019158 	-0.17769884 	-0.003964793 	1.281077e-25
0.06368626 	-0.17661177 	-0.0042679709 	-2.2538313e-27
0.067533563 	-0.17542268 	-0.0045869638 	3.3105818e-25
0.071569921 	-0.17413097 	-0.0049224961 	2.7446505e-26
0.075804625 	-0.17273523 	-0.0052753288 	-1.7476024e-25
0.080247421 	-0.17123327 	-0.0056462602 	1.1764385e-25
0.084908535 	-0.16962214 	-0.0060361276 	6.637161e-26
0.089798694 	-0.16789818 	-0.0064458084 	1.0978392e-25
0.094929155 	-0.16605701 	-0.0068762211 	-8.0989342e-26
0.10031173 	-0.16409348 	-0.0073283272 	-1.9111217e-25
0.10595879 	-0.16200169 	-0.0078031326 	1.4218793e-25
0.11188336 	-0.15977497 	-0.0083016889 	1.418787e-25
0.11809905 	-0.15740578 	-0.0088250953 	0
0.12462019 	-0.15488568 	-0.0093745002 	5.8712669e-25
0.13146176 	-0.15220525 	-0.0099511026 	7.4775976e-25
0.13863954 	-0.149354 	-0.010556155 	1.4991945e-25
0.14617002 	-0.14632028 	-0.011190962 	-9.3722497e-27
0.15407056 	-0.14309117 	-0.011856888 	0
0.16235932 	-0.13965234 	-0.012555351 	3.5756177e-25
0.17105539 	-0.13598792 	-0.013287832 	1.0110408e-24
0.18017878 	-0.13208028 	-0.014055871 	6.5898013e-25
0.1897505 	-0.12790992 	-0.01486107 	-1.8428646e-24
0.19979256 	-0.12345518 	-0.015705096 	-6.1154537e-25
0.21032809 	-0.11869206 	-0.01658968 	2.6201207e-24
0.22138133 	-0.1135939 	-0.017516616 	9.9853854e-25
0.23297773 	-0.10813113 	-0.018487764 	2.7619285e-25
0.24514397 	-0.10227086 	-0.019505039 	-2.1235588e-25
0.25790806 	-0.095976513 	-0.020570424 	-8.878211e-25
0.27129937 	-0.089207417 	-0.021685961 	-4.5431327e-25
0.28534872 	-0.081918483 	-0.022853721 	3.898761e-25
0.30008846 	-0.074059596 	-0.024075815 	8.3761619e-25
0.3155525 	-0.065574977 	-0.025354382 	-3.1377834e-24
0.33177644 	-0.056402631 	-0.026691544 	-3.1605143e-24
0.34879762 	-0.046473715 	-0.028089385 	0
0.36665522 	-0.035711853 	-0.029549897 	1.0327648e-23
0.38539034 	-0.024032429 	-0.031074897 	4.1512088e-24
0.40504609 	-0.011341886 	-0.032665983 	-9.9009355e-24
0.42566772 	0.0024624385 	-0.034324431 	-3.8743013e-25
0.4473027 	0.017489638 	-0.036051342 	3.2346939e-24
0.47000081 	0.033859824 	-0.037844798 	7.0471125e-24
0.4938143 	0.051780784 	-0.039700831 	8.1649901e-24
0.51879797 	0.071680609 	-0.041621474 	1.0372458e-24
0.54500934 	0.094102616 	-0.043608084 	1.0937163e-23
0.57250873 	0.11938992 	-0.04564415 	9.0659098e-24
0.60135943 	0.14761243 	-0.047701084 	-1.7586471e-24
0.63162785 	0.17871207 	-0.049748816 	-1.3121327e-23
0.66338365 	0.21260916 	-0.05175334 	1.9289894e-23
0.69669992 	0.24923137 	-0.053675608 	6.1297898e-24
0.73165334 	0.28848787 	-0.055471285 	1.31493e-23
0.76832437 	0.33022646 	-0.057092074 	4.0363788e-23
0.80679739 	0.37417962 	-0.058487828 	1.3826068e-23
0.84716098 	0.41991733 	-0.0596096 	1.3661413e-23
0.88950801 	0.4668311 	-0.06041411 	0
0.93393598 	0.51415328 	-0.060868324 	2.835995e-23
0.98054711 	0.56101205 	-0.060953634 	4.825175e-23
1.0294487 	0.60652079 	-0.060669253 	-4.0332508e-23
1.0807533 	0.64989553 	-0.060034193 	-6.014637e-24
1.134579 	0.69057998 	-0.059086163 	8.3092551e-23
1.1910497 	0.72833638 	-0.057874162 	3.9931061e-24
1.2502953 	0.76325745 	-0.056451259 	-2.4822952e-23
1.3124523 	0.79569112 	-0.054845047 	0
1.3776636 	0.82610268 	-0.053045949 	-5.5632755e-24
1.4460794 	0.85484082 	-0.051046608 	-4.1313031e-23
1.5178571 	0.88174515 	-0.048903214 	-4.3613764e-23
1.5889127 	0.90601825 	-0.046750329 	-1.9087008e-23
1.6566736 	0.92730312 	-0.044682344 	-3.1291473e-23
1.7212926 	0.94593232 	-0.042716636 	1.6617272e-23
1.7829155 	0.96235634 	-0.040846833 	3.587801e-23
1.8416812 	0.97692951 	-0.039066164 	2.1210137e-23
1.8977221 	0.9899213 	-0.037368572 	4.7221976e-23
1.9511646 	1.0015386 	-0.035748941 	5.0534627e-23
2.0021291 	1.0119447 	-0.034203158 	5.7672778e-23
2.0507305 	1.0212727 	-0.032727798 	2.1308576e-23
2.0970785 	1.0296339 	-0.031319862 	-1.0464961e-23
2.1412775 	1.0371231 	-0.029976593 	-2.170125e-23
2.1834271 	1.0438221 	-0.028695356 	-3.6765735e-23
2.2236224 	1.0498018 	-0.027473575 	-1.9354572e-23
2.261954 	1.0551243 	-0.026308735 	-4.3894853e-24
2.2985082 	1.0598438 	-0.025198333 	-2.2924931e-23
2.3333676 	1.0640076 	-0.024139875 	-9.310567e-24
2.3666106 	1.0676566 	-0.023130961 	2.2235511e-23
2.3983123 	1.0708261 	-0.022169212 	2.1953118e-23
2.4285441 	1.0735467 	-0.021252288 	2.9177584e-24
2.4573742 	1.0758444 	-0.020377941 	-1.481105e-23
2.4848674 	1.0777411 	-0.019543981 	-3.6455098e-24
2.511086 	1.0792549 	-0.018748297 	0
2.5360888 	1.0804004 	-0.017988852 	-1.5897356e-24
2.5599324 	1.081189 	-0.017263686 	-1.5144802e-24
2.5826704 	1.0816293 	-0.016570917 	-9.4061052e-25
2.6043541 	1.0817271 	-0.015908739 	1.6423922e-23
2.6250324 	1.081486 	-0.015275425 	1.6663384e-23
2.644752 	1.0809072 	-0.014669318 	2.5080357e-26
2.6635572 	1.0799903 	-0.014088836 	-5.0838021e-24
2.6814905 	1.0787332 	-0.013532466 	-2.0201349e-24
2.6985922 	1.0771324 	-0.01299876 	-2.9164384e-24
2.714901 	1.0751834 	-0.012486337 	-1.3636248e-23
2.7304537 	1.0728812 	-0.011993878 	-3.1165709e-24
2.7452852 	1.0702202 	-0.011520121 	-4.093167e-24
2.759429 	1.0671945 	-0.011063867 	-7.9145409e-24
2.772917 	1.0637986 	-0.010623974 	4.5911508e-24
2.7857797 	1.0600273 	-0.010199355 	4.5884819e-24
2.7980459 	1.0558757 	-0.0097889879 	2.0693097e-24
2.8097434 	1.0513397 	-0.0093919119 	-5.8154404e-25
2.8208985 	1.0464162 	-0.0090072265 	-2.6518629e-24
2.8315364 	1.0411025 	-0.0086341002 	2.6947804e-24
2.841681 	1.0353968 	-0.0082717761 	2.6929571e-24
2.8513553 	1.0292986 	-0.0079195712 	0
2.860581 	1.0228079 	-0.0075768829 	4.0205845e-24
2.869379 	1.0159256 	-0.0072431905 	5.4163878e-24
2.877769 	1.0086535 	-0.0069180573 	2.8309862e-24
2.88577 	1.0009944 	-0.0066011297 	1.4459229e-24
2.8934 	0.99295182 	-0.0062921364 	0
2.9006763 	0.98453017 	-0.0059908814 	3.1023983e-24
2.9076151 	0.97573469 	-0.0056972291 	3.1105794e-24
2.9142323 	0.96657143 	-0.0054110839 	-1.6144714e-24
2.9205426 	0.95704647 	-0.0051326126 	-2.4407792e-24
2.9265603 	0.94713831 	-0.0048614484 	-8.25341e-25
2.932299 	0.93678744 	-0.0045963289 	8.6927871e-25
2.9377716 	0.92595194 	-0.0043364814 	8.7016116e-25
2.9429905 	0.91463375 	-0.0040820301 	1.8956968e-24
2.9479674 	0.90285674 	-0.0038335176 	1.8432891e-24
2.9527136 	0.89065302 	-0.0035916363 	9.5947825e-25
2.9572396 	0.87805556 	-0.0033570769 	1.0116729e-24
2.9615558 	0.86509452 	-0.0031304531 	-2.1610068e-26
2.9656719 	0.8517957 	-0.0029122761 	2.8930091e-28
2.9695972 	0.83817997 	-0.00270295 	1.9546787e-26
2.9733404 	0.82426312 	-0.0025027743 	-1.0697662e-24
2.9769101 	0.81005577 	-0.0023119491 	-1.0708075e-24
2.9803142 	0.79556325 	-0.0021305826 	0
2.9835606 	0.78078546 	-0.0019586999 	8.2916274e-27
2.9866564 	0.76571671 	-0.0017962521 	7.8005401e-27
2.9896086 	0.75034531 	-0.0016431253 	-3.0427976e-25
2.992424 	0.73465316 	-0.0014991484 	-3.1183795e-25
2.9951088 	0.71861538 	-0.0013641042 	2.8642301e-25
2.9976692 	0.70219991 	-0.0012377371 	5.9377594e-25
3.0001108 	0.68536711 	-0.0011197611 	6.2571999e-25
3.0024392 	0.6680694 	-0.0010098671 	3.2831716e-25
3.0046597 	0.65025089 	-0.00090772884 	1.6626745e-25
3.0067772 	0.63184705 	-0.00081300928 	1.6340755e-25
3.0087965 	0.61278459 	-0.00072536604 	-1.7835668e-25
3.0107222 	0.59298169 	-0.00064445671 	-3.6352028e-25
3.0125586 	0.5723484 	-0.00056994321 	-1.852481e-25
3.0143099 	0.55078817 	-0.00050149566 	2.062559e-25
3.0159799 	0.52820083 	-0.00043879657 	2.0566337e-25
3.0175726 	0.50448534 	-0.000381542 	-5.1115472e-28
3.0190913 	0.47953665 	-0.00032943549 	-7.7686933e-28
3.0205397 	0.45320163 	-0.00028210889 	1.4651904e-25
3.0219209 	0.4252826 	-0.00023914655 	4.4212474e-25
3.0232381 	0.39565632 	-0.00020025424 	2.9421003e-25
3.0244942 	0.36434409 	-0.00016526568 	1.6582556e-25
3.025692 	0.33153673 	-0.00013407133 	3.4139672e-25
3.0268343 	0.29763642 	-0.00010660266 	8.0048714e-26
3.0279237 	0.26323503 	-8.2800492e-05 	8.6201866e-26
3.0289625 	0.22900638 	-6.2566917e-05 	1.8056957e-25
3.0299532 	0.19555568 	-4.5730358e-05 	1.7383938e-25
3.0308979 	0.16331033 	-3.2045238e-05 	9.5134014e-26
3.0317988 	0.13249899 	-2.1220981e-05 	-1.5977176e-25
3.032658 	0.10319667 	-1.2955918e-05 	-8.0593847e-26
3.0334773 	0.075387283 	-6.9602394e-06 	-7.3826805e-26
3.0342586 	0.049012375 	-2.9671959e-06 	-7.3901184e-26
3.0350037 	0.023999316 	-6.9999831e-07 	9.576591e-30
3.0357143 	0 	0 	0
