1 	0 	0 	0 	0 	0 	0
1.0007133 	0.0081109732 	-0.0016642192 	7.4065559e-24 	0.0081094074 	1.0068067e-22 	0.0081103445
1.0014798 	0.01050156 	-0.0034473168 	4.7067097e-23 	0.01049704 	-4.7924223e-23 	0.010499808
1.0023036 	0.013561143 	-0.0056873523 	4.0141004e-22 	0.013543739 	-1.636528e-22 	0.013553372
1.0031888 	0.016338571 	-0.0075982451 	-7.262315e-22 	0.016291645 	1.1097049e-24 	0.016316386
1.00414 	0.018621569 	-0.0089965949 	-1.2940879e-22 	0.018523015 	-5.2275845e-24 	0.018573883
1.0051622 	0.02047138 	-0.010013795 	1.6423828e-21 	0.020295303 	-2.4498499e-22 	0.020385279
1.0062606 	0.021983071 	-0.010772669 	5.19816e-22 	0.021701698 	4.2719104e-25 	0.021844716
1.007441 	0.023233957 	-0.011345508 	-2.6095942e-22 	0.022819119 	3.3075296e-22 	0.023029311
1.0087095 	0.024282349 	-0.011773051 	-5.5199675e-21 	0.02370648 	-1.6172696e-23 	0.023997685
1.0100726 	0.025173084 	-0.012079223 	1.8722064e-21 	0.024409879 	2.9165503e-22 	0.024795322
1.0115374 	0.025942318 	-0.012279366 	6.3959445e-21 	0.024967109 	3.4363944e-23 	0.025459211
1.0131115 	0.026620595 	-0.012384617 	1.9037036e-21 	0.025410489 	-3.2855531e-22 	0.026020807
1.0148031 	0.027234476 	-0.012404176 	-4.7522912e-21 	0.025768306 	-3.2788453e-22 	0.026507555
1.0166208 	0.027807195 	-0.012346418 	-1.1745507e-20 	0.026065354 	-1.015249e-22 	0.026943497
1.0185742 	0.028358759 	-0.012219364 	9.6119633e-21 	0.026322994 	7.440804e-22 	0.027349349
1.0206732 	0.028905796 	-0.012030308 	4.0660112e-21 	0.026559042 	5.2529417e-23 	0.027742371
1.0229289 	0.029461444 	-0.011785811 	-1.0357948e-20 	0.026787718 	-7.3255035e-22 	0.028136273
1.0253529 	0.030035354 	-0.011493062 	4.7521154e-21 	0.027019697 	2.2762017e-22 	0.028541264
1.0279578 	0.030633768 	-0.011159357 	1.4141076e-20 	0.027262372 	1.1823859e-21 	0.028964214
1.030757 	0.031260333 	-0.010790719 	2.2030238e-21 	0.027520605 	-4.9567639e-22 	0.029409438
1.033765 	0.031916998 	-0.010392178 	-2.2887269e-20 	0.027797646 	-1.4206764e-21 	0.029879596
1.0369974 	0.0326041 	-0.0099677786 	-6.3367849e-21 	0.028095095 	4.292707e-22 	0.030375726
1.0404711 	0.033320404 	-0.009520439 	1.151746e-20 	0.028412895 	6.5418636e-22 	0.030897258
1.0442038 	0.034063393 	-0.0090520984 	-2.441699e-21 	0.02874988 	-8.6877349e-22 	0.03144244
1.0482151 	0.0348296 	-0.0085637729 	1.85903e-21 	0.029104136 	-1.9906037e-22 	0.032008692
1.0525256 	0.035614856 	-0.0080556724 	5.4725816e-21 	0.029473317 	1.1062882e-21 	0.032592876
1.0571578 	0.036414457 	-0.0075273399 	-1.0546637e-22 	0.029854865 	1.8076535e-22 	0.033191496
1.0621355 	0.037223265 	-0.0069778014 	-8.5326835e-21 	0.030246189 	-5.6988849e-22 	0.033800841
1.0674846 	0.038035748 	-0.0064057558 	4.9317714e-21 	0.030644799 	-9.3563743e-24 	0.034417071
1.0732328 	0.038845977 	-0.0058097536 	2.4377031e-20 	0.031048404 	5.3534695e-22 	0.035036266
1.0794099 	0.039647586 	-0.0051883902 	-2.1114987e-20 	0.031454979 	-2.0265229e-22 	0.035654444
1.0860478 	0.040433722 	-0.004540538 	7.1588355e-21 	0.031862825 	4.0100719e-22 	0.036267561
1.0931809 	0.041196975 	-0.0038655536 	1.2214097e-20 	0.032270602 	3.0085973e-22 	0.036871493
1.1008463 	0.041929318 	-0.003163498 	-1.3886276e-20 	0.032677341 	-2.7114971e-22 	0.037462011
1.1090835 	0.042622061 	-0.0024353696 	1.3830985e-20 	0.033082438 	-1.8529094e-22 	0.038034751
1.1179353 	0.043265814 	-0.0016833116 	-1.427535e-20 	0.033485635 	-7.2895607e-22 	0.038585184
1.1274475 	0.043850498 	-0.00091080561 	-3.8485573e-20 	0.033886969 	-8.5509043e-22 	0.039108582
1.1376694 	0.04436538 	-0.00012283976 	-9.3473633e-21 	0.034286681 	1.3603521e-23 	0.039599991
1.148654 	0.044799167 	0.00067397296 	4.3702357e-20 	0.0346851 	9.1137626e-22 	0.040054203
1.160458 	0.045140152 	0.0014713454 	3.2926934e-20 	0.035082489 	1.5559845e-21 	0.040465743
1.1731428 	0.045376433 	0.0022593188 	-4.2857251e-21 	0.035478845 	1.9758551e-22 	0.040828859
1.1867739 	0.045496182 	0.0030263469 	-3.3484796e-20 	0.035873666 	-1.6869526e-21 	0.04113753
1.201422 	0.045487996 	0.0037595165 	1.2779107e-20 	0.03626567 	8.8216505e-22 	0.041385484
1.217163 	0.045341293 	0.0044448571 	2.121325e-20 	0.036652474 	4.163765e-22 	0.041566229
1.2340783 	0.045046777 	0.005067752 	-3.6389686e-20 	0.037030258 	-1.9661785e-21 	0.041673105
1.2522557 	0.044597145 	0.0056135711 	-4.7206908e-21 	0.037393663 	-3.4495841e-22 	0.041699579
1.2717893 	0.043987109 	0.0060681888 	1.8631044e-20 	0.037735159 	1.6332867e-21 	0.041638936
1.2927802 	0.043213147 	0.0064185428 	-6.9729548e-21 	0.038044332 	-4.1864987e-22 	0.041483822
1.3153372 	0.042275115 	0.0066536435 	-1.5277814e-20 	0.038308741 	-1.616632e-21 	0.041227501
1.3395772 	0.041176615 	0.0067652524 	1.6441005e-20 	0.038513966 	1.1188818e-21 	0.040864053
1.3656256 	0.039924143 	0.0067483716 	2.7577149e-20 	0.038643062 	1.9247839e-21 	0.04038769
1.3936175 	0.038527295 	0.0066018506 	-2.1208976e-20 	0.038677151 	-8.8949227e-22 	0.03979317
1.4236977 	0.036998619 	0.0063287748 	8.654136e-21 	0.038596048 	-8.8386657e-23 	0.039076011
1.4560222 	0.035353227 	0.0059367079 	3.1305471e-20 	0.038379004 	1.2176327e-21 	0.038232652
1.4907583 	0.03360823 	0.0054377404 	-1.891689e-20 	0.038005622 	-3.5270347e-22 	0.037260598
1.5280861 	0.031782039 	0.0048483649 	-3.0367792e-20 	0.037456884 	-9.7491758e-22 	0.036158557
1.5681987 	0.029893608 	0.0041891191 	-1.5144584e-21 	0.036716288 	-3.1285099e-22 	0.034926567
1.6113041 	0.027961694 	0.0034840552 	1.0890564e-20 	0.035770955 	6.6372642e-22 	0.033566083
1.6576255 	0.026003635 	0.0027602244 	-8.0114972e-21 	0.034612894 	2.6696011e-23 	0.032080115
1.7074028 	0.024036316 	0.0020467718 	-1.1681364e-20 	0.033242054 	-9.8595083e-22 	0.030475475
1.7608939 	0.022076809 	0.0013735505 	-8.9782852e-21 	0.031669209 	-8.8807502e-22 	0.028765107
1.8183759 	0.020139836 	0.00076948961 	1.4078992e-20 	0.029908772 	7.4678102e-22 	0.026962533
1.8801465 	0.018236982 	0.00026324746 	1.1297547e-20 	0.02797365 	4.3161302e-22 	0.025078213
1.9465256 	0.016384898 	-0.00011503332 	-6.6241085e-21 	0.025890149 	-1.9344024e-22 	0.023125949
2.0178571 	0.014645708 	-0.00034261722 	-8.7187966e-21 	0.023747903 	-1.0763062e-22 	0.021159544
2.0891887 	0.013123886 	-0.00042246237 	3.3972895e-21 	0.021720568 	-5.2609187e-22 	0.019308071
2.1555678 	0.011854298 	-0.00038226064 	1.1966123e-20 	0.01992653 	2.3838733e-23 	0.017673721
2.2173384 	0.01079812 	-0.00025055145 	5.3806499e-21 	0.018365955 	7.6194438e-22 	0.016262631
2.2748203 	0.009919695 	-5.2540994e-05 	-2.0725323e-21 	0.017012644 	4.9914318e-22 	0.01504882
2.3283114 	0.0091954408 	0.00018860541 	-3.9817506e-21 	0.015844194 	2.1934535e-23 	0.014007458
2.3780888 	0.0086067441 	0.00045482674 	-1.6798115e-22 	0.014836279 	-4.8273507e-22 	0.013115878
2.4244102 	0.0081375176 	0.00073319241 	3.7762052e-21 	0.013965846 	-7.5228672e-23 	0.012354066
2.4675155 	0.0077732031 	0.0010148048 	-1.1360317e-21 	0.013212983 	1.6753993e-22 	0.011704761
2.5076282 	0.0075002973 	0.0012936204 	7.405046e-22 	0.012561258 	-1.2910169e-22 	0.011153314
2.5449559 	0.0073062737 	0.0015655162 	2.9766258e-21 	0.011997503 	-6.9175427e-23 	0.010687433
2.5796921 	0.0071795321 	0.0018275644 	1.9071355e-22 	0.011511364 	7.8977196e-23 	0.010296855
2.6120166 	0.0071094998 	0.0020775325 	4.8866918e-22 	0.011094756 	4.0397272e-22 	0.0099730016
2.6420968 	0.0070867217 	0.0023136123 	-2.4738797e-21 	0.010741278 	-5.2064267e-24 	0.0097086255
2.6700887 	0.0071028838 	0.0025343374 	-9.3773312e-22 	0.010445642 	-3.641779e-22 	0.009497466
2.6961371 	0.0071508147 	0.002738601 	-1.1571656e-21 	0.010203119 	-2.0579232e-23 	0.0093339134
2.720377 	0.0072244421 	0.0029256889 	1.6245041e-22 	0.010009134 	1.6824153e-22 	0.009212758
2.7429341 	0.007318702 	0.0030953908 	6.1798517e-22 	0.0098590603 	-7.0096425e-24 	0.0091290617
2.763925 	0.0074293649 	0.0032480487 	1.0771796e-22 	0.009748161 	-1.2082206e-22 	0.0090781161
2.7834586 	0.0075529549 	0.0033845873 	-2.0622039e-22 	0.0096716918 	-6.106211e-24 	0.0090555026
2.8016359 	0.0076863345 	0.0035061519 	5.4488578e-22 	0.0096244355 	1.8110751e-23 	0.00905659
2.8185513 	0.0078267192 	0.0036140979 	1.0611655e-21 	0.009601083 	1.2064845e-22 	0.0090768142
2.8342923 	0.0079721196 	0.0037103203 	-9.019147e-22 	0.0095973272 	7.142585e-23 	0.0091126314
2.8489404 	0.008121273 	0.0037970765 	-6.0357682e-22 	0.0096098691 	-1.3463378e-22 	0.0091614623
2.8625715 	0.008273486 	0.0038767922 	6.2523601e-22 	0.0096361998 	1.2101029e-23 	0.009221435
2.8752563 	0.0084284684 	0.0039518686 	-3.3156975e-22 	0.0096744622 	-4.8144263e-23 	0.0092912353
2.8870603 	0.008586196 	0.0040245409 	-5.016713e-23 	0.009723352 	-9.443819e-23 	0.0093699928
2.8980449 	0.0087468417 	0.0040967837 	6.6645003e-23 	0.0097820694 	8.7864161e-23 	0.0094572125
2.9082668 	0.0089108226 	0.0041702881 	-8.9463703e-23 	0.0098503982 	-1.6561105e-23 	0.0095528261
2.917779 	0.0090787509 	0.0042464484 	5.5949505e-22 	0.0099286426 	-3.0984929e-23 	0.0096571488
2.9266308 	0.0092513207 	0.0043264749 	-1.2727173e-23 	0.010017355 	1.0450404e-22 	0.0097706931
2.934868 	0.0094292358 	0.004411408 	-2.7736755e-22 	0.010117155 	5.8029885e-23 	0.0098940394
2.9425333 	0.0096132182 	0.0045019951 	-3.7441049e-22 	0.010228777 	-1.0294715e-22 	0.010027852
2.9496665 	0.0098036982 	0.0045984847 	-3.3474337e-23 	0.010352674 	-3.5932699e-23 	0.010172484
2.9563044 	0.010000511 	0.0047005729 	1.9865382e-22 	0.010488632 	9.5875764e-23 	0.010327626
2.9624815 	0.010202987 	0.004807589 	-1.5826866e-22 	0.010635891 	-4.1816619e-23 	0.010492453
2.9682297 	0.010409956 	0.0049185356 	1.2834287e-22 	0.010793161 	-3.5863638e-23 	0.010665631
2.9735788 	0.010619772 	0.0050321456 	1.3136517e-22 	0.010958616 	4.8135453e-23 	0.010845325
2.9785565 	0.010830336 	0.0051469512 	-1.3077081e-22 	0.011129914 	1.2336815e-23 	0.011029219
2.9831887 	0.01103914 	0.0052613558 	-7.9323891e-23 	0.011304233 	-4.6875536e-23 	0.011214558
2.9874992 	0.011243319 	0.005373699 	9.1903911e-23 	0.011478343 	-3.0295405e-23 	0.011398212
2.9915105 	0.011439719 	0.0054823123 	3.2094908e-23 	0.011648691 	4.4275905e-23 	0.011576749
2.9952432 	0.011624954 	0.0055855687 	-3.5808912e-23 	0.011811486 	1.3028044e-23 	0.011746509
2.9987168 	0.011795458 	0.0056818034 	3.0394923e-23 	0.011962762 	-2.5180875e-23 	0.011903661
3.0019493 	0.011948003 	0.0057694921 	9.508129e-23 	0.012098918 	1.3255086e-24 	0.012044732
3.0049573 	0.012079765 	0.0058473747 	-3.2971879e-24 	0.012216774 	2.1428613e-23 	0.012166673
3.0077565 	0.012187878 	0.0059143345 	-2.780374e-23 	0.012313091 	-4.0094593e-25 	0.012266386
3.0103613 	0.012269173 	0.0059691471 	-9.6948753e-24 	0.012384311 	-1.0356297e-23 	0.012340461
3.0127853 	0.012320138 	0.0060103964 	-3.5107138e-23 	0.012426542 	-8.0278757e-24 	0.012385156
3.015041 	0.012337049 	0.0060365918 	5.2839121e-23 	0.012435705 	1.2845869e-24 	0.012396537
3.0171401 	0.012315844 	0.0060460445 	2.2259722e-23 	0.012407417 	1.4597815e-23 	0.01237035
3.0190935 	0.012251914 	0.0060367107 	-3.749964e-23 	0.01233678 	-1.0192924e-23 	0.012301811
3.0209112 	0.012139851 	0.0060059811 	1.8704468e-23 	0.012218139 	-2.9434082e-24 	0.012185368
3.0226028 	0.011973184 	0.0059504259 	-1.9359828e-23 	0.012044816 	7.7305285e-24 	0.012014421
3.0241769 	0.011743925 	0.0058653432 	-2.3702547e-24 	0.011808662 	-4.9876923e-24 	0.011780885
3.0256417 	0.011441967 	0.0057440769 	3.7983499e-24 	0.011499462 	9.4912457e-24 	0.011474582
3.0270048 	0.011054323 	0.0055769836 	-2.1813542e-23 	0.011104177 	-4.3943512e-25 	0.011082481
3.0282733 	0.010564146 	0.0053497706 	-9.067173e-25 	0.010605984 	-9.5233589e-24 	0.010587736
3.0294537 	0.0099497129 	0.0050409216 	5.255048e-25 	0.0099832634 	2.3513166e-25 	0.0099686617
3.0305521 	0.009184104 	0.0046182112 	4.1342047e-24 	0.0092093266 	1.8558494e-24 	0.0091984401
3.0315743 	0.0082384273 	0.0040368577 	1.9746952e-24 	0.008255679 	1.5252175e-24 	0.0082483634
3.0325255 	0.0070974156 	0.0032534351 	-6.3229775e-25 	0.0071076492 	-8.0387881e-25 	0.0071034527
3.0334107 	0.0058070358 	0.0022927707 	-3.2643209e-25 	0.0058119183 	-3.9918297e-25 	0.0058100452
3.0342344 	0.0045615904 	0.0013489186 	3.2262021e-26 	0.0045632771 	2.4832333e-25 	0.0045627172
3.035001 	0.0037538163 	0.00070291873 	3.8349037e-27 	0.0037541576 	-3.28211e-26 	0.0037540989
3.0357143 	0 	0 	0 	0 	0 	0
