0 	0 	0 	0 	0 	0 	0
0.00086769924 	6.6666667e-16 	-1.5500001e-16 	2.7168346e-30 	6.6666667e-16 	0 	6.6666667e-16
0.0017874829 	6.6666667e-16 	9.3987678e-32 	3.5854968e-31 	6.6666667e-16 	0 	6.6666667e-16
0.0027624773 	6.6666667e-16 	5.3231284e-33 	-2.5511204e-30 	6.6666667e-16 	0 	6.6666667e-16
0.0037959966 	6.6666667e-16 	8.9622525e-31 	-1.9319154e-31 	6.6666667e-16 	0 	6.6666667e-16
0.0048915537 	6.6666667e-16 	5.576758e-32 	-1.0377146e-37 	6.6666667e-16 	0 	6.6666667e-16
0.0060528726 	6.6666667e-16 	-4.5358708e-31 	1.8662958e-30 	6.6666667e-16 	0 	6.6666667e-16
0.0072839007 	6.6666667e-16 	-3.5145955e-31 	6.6054455e-31 	6.6666667e-16 	0 	6.6666667e-16
0.0085888223 	6.6666667e-16 	-4.6883747e-31 	-1.7286312e-30 	6.6666667e-16 	0 	6.6666667e-16
0.0099720729 	6.6666667e-16 	2.0205398e-32 	-5.239736e-31 	6.6666667e-16 	0 	6.6666667e-16
0.011438354 	6.6666667e-16 	-1.4908789e-31 	-3.3678855e-31 	6.6666667e-16 	0 	6.6666667e-16
0.01299265 	6.6666667e-16 	1.3339248e-31 	-1.8874178e-32 	6.6666667e-16 	0 	6.6666667e-16
0.014640245 	6.6666667e-16 	-1.1899104e-31 	3.1755978e-31 	6.6666667e-16 	0 	6.6666667e-16
0.016386737 	6.6666667e-16 	4.4140508e-32 	8.1408515e-38 	6.6666667e-16 	0 	6.6666667e-16
0.018238064 	6.6666667e-16 	-1.4206312e-31 	-7.2759738e-31 	6.6666667e-16 	0 	6.6666667e-16
0.020200518 	6.6666667e-16 	-3.9141419e-31 	1.178353e-30 	6.6666667e-16 	0 	6.6666667e-16
0.022280771 	6.6666667e-16 	2.1604406e-31 	7.5567665e-31 	6.6666667e-16 	0 	6.6666667e-16
0.024485892 	6.6666667e-16 	-6.6936802e-32 	-1.150645e-30 	6.6666667e-16 	0 	6.6666667e-16
0.026823378 	6.6666667e-16 	-2.232381e-31 	-1.0109703e-30 	6.6666667e-16 	0 	6.6666667e-16
0.029301173 	6.6666667e-16 	1.9933004e-31 	-1.952845e-31 	6.6666667e-16 	0 	6.6666667e-16
0.0319277 	6.6666667e-16 	4.2793303e-32 	2.3639442e-31 	6.6666667e-16 	0 	6.6666667e-16
0.034711887 	6.6666667e-16 	1.0044496e-31 	3.4271629e-31 	6.6666667e-16 	0 	6.6666667e-16
0.037663197 	6.6666667e-16 	1.2249523e-31 	5.7418963e-31 	6.6666667e-16 	0 	6.6666667e-16
0.040791661 	6.6666667e-16 	-3.1937087e-31 	-2.4496175e-31 	6.6666667e-16 	0 	6.6666667e-16
0.044107915 	6.6666667e-16 	-1.0381119e-31 	1.9675462e-31 	6.6666667e-16 	0 	6.6666667e-16
0.047623229 	6.6666667e-16 	-1.1671381e-31 	5.6297447e-32 	6.6666667e-16 	0 	6.6666667e-16
0.051349553 	6.6666667e-16 	1.0260046e-31 	7.3987229e-31 	6.6666667e-16 	0 	6.6666667e-16
0.055299553 	6.6666667e-16 	2.149318e-31 	-1.8305669e-33 	6.6666667e-16 	0 	6.6666667e-16
0.059486654 	6.6666667e-16 	-3.5022118e-31 	-7.7748612e-31 	6.6666667e-16 	0 	6.6666667e-16
0.06392509 	6.6666667e-16 	-6.4511188e-32 	-3.4238619e-31 	6.6666667e-16 	0 	6.6666667e-16
0.068629948 	6.6666667e-16 	1.5514495e-32 	-1.3228578e-31 	6.6666667e-16 	0 	6.6666667e-16
0.073617218 	6.6666667e-16 	1.4837116e-31 	3.1718805e-31 	6.6666667e-16 	0 	6.6666667e-16
0.078903853 	6.6666667e-16 	4.4947994e-32 	1.0597025e-31 	6.6666667e-16 	0 	6.6666667e-16
0.084507823 	6.6666667e-16 	-2.0688061e-31 	-5.6959632e-37 	6.6666667e-16 	0 	6.6666667e-16
0.090448176 	6.6666667e-16 	-1.3029407e-31 	4.367414e-31 	6.6666667e-16 	0 	6.6666667e-16
0.096745104 	6.6666667e-16 	8.4133444e-32 	8.0534725e-32 	6.6666667e-16 	0 	6.6666667e-16
0.10342001 	6.6666667e-16 	8.5198901e-32 	-4.0832255e-31 	6.6666667e-16 	0 	6.6666667e-16
0.11049558 	6.6666667e-16 	-3.8100684e-32 	-5.3145947e-32 	6.6666667e-16 	0 	6.6666667e-16
0.11799587 	6.6666667e-16 	6.9038168e-32 	-1.9781577e-36 	6.6666667e-16 	0 	6.6666667e-16
0.12594638 	6.6666667e-16 	5.5155318e-33 	-1.7933633e-36 	6.6666667e-16 	0 	6.6666667e-16
0.13437411 	6.6666667e-16 	-6.0620149e-32 	-3.8019941e-32 	6.6666667e-16 	0 	6.6666667e-16
0.14330773 	6.6666667e-16 	3.1149803e-32 	-2.9051279e-31 	6.6666667e-16 	0 	6.6666667e-16
0.1527776 	6.6666667e-16 	2.1716037e-32 	9.6888486e-32 	6.6666667e-16 	0 	6.6666667e-16
0.1628159 	6.6666667e-16 	1.2280768e-33 	2.7628845e-31 	6.6666667e-16 	0 	6.6666667e-16
0.17345677 	6.6666667e-16 	3.7899583e-32 	-1.724898e-31 	6.6666667e-16 	0 	6.6666667e-16
0.18473635 	6.6666667e-16 	6.3291581e-32 	-4.2260407e-32 	6.6666667e-16 	0 	6.6666667e-16
0.19669301 	6.6666667e-16 	-5.2524521e-32 	9.187184e-32 	6.6666667e-16 	0 	6.6666667e-16
0.20936737 	6.6666667e-16 	-4.0115953e-32 	3.4575122e-32 	6.6666667e-16 	0 	6.6666667e-16
0.22280253 	6.6666667e-16 	5.1633605e-32 	1.5757401e-36 	6.6666667e-16 	0 	6.6666667e-16
0.23704414 	6.6666667e-16 	-6.3744879e-32 	-1.5032688e-31 	6.6666667e-16 	0 	6.6666667e-16
0.25214061 	6.6666667e-16 	-5.3281901e-32 	-8.8938428e-33 	6.6666667e-16 	0 	6.6666667e-16
0.26814327 	6.6666667e-16 	1.8211911e-32 	1.4218076e-31 	6.6666667e-16 	0 	6.6666667e-16
0.28510649 	6.6666667e-16 	-1.5438966e-33 	-1.2713764e-31 	6.6666667e-16 	0 	6.6666667e-16
0.30308795 	6.6666667e-16 	5.2194918e-32 	-7.5861338e-33 	6.6666667e-16 	0 	6.6666667e-16
0.32214876 	6.6666667e-16 	-4.770479e-32 	1.2032389e-31 	6.6666667e-16 	0 	6.6666667e-16
0.34235371 	6.6666667e-16 	-5.146021e-32 	-4.392642e-32 	6.6666667e-16 	0 	6.6666667e-16
0.36377149 	6.6666667e-16 	5.5741316e-32 	-2.9639022e-33 	6.6666667e-16 	0 	6.6666667e-16
0.38647488 	6.6666667e-16 	3.3075273e-32 	7.4490635e-32 	6.6666667e-16 	0 	6.6666667e-16
0.41054106 	6.6666667e-16 	1.963269e-32 	1.5795494e-33 	6.6666667e-16 	0 	6.6666667e-16
0.43605183 	6.6666667e-16 	-8.1324186e-33 	1.3089278e-32 	6.6666667e-16 	0 	6.6666667e-16
0.46309391 	6.6666667e-16 	-2.7507208e-32 	1.3854355e-31 	6.6666667e-16 	0 	6.6666667e-16
0.49175922 	6.6666667e-16 	8.4501884e-33 	-3.3728564e-32 	6.6666667e-16 	0 	6.6666667e-16
0.52214518 	6.6666667e-16 	3.954088e-32 	-1.2798207e-31 	6.6666667e-16 	0 	6.6666667e-16
0.55435509 	6.6666667e-16 	2.3293915e-32 	5.4827348e-36 	6.6666667e-16 	0 	6.6666667e-16
0.58849842 	6.6666667e-16 	-2.1652472e-32 	8.9635175e-36 	6.6666667e-16 	0 	6.6666667e-16
0.62469124 	6.6666667e-16 	-3.2788359e-32 	-1.8283067e-32 	6.6666667e-16 	0 	6.6666667e-16
0.66305656 	6.6666667e-16 	-2.0208509e-32 	-8.0837857e-34 	6.6666667e-16 	0 	6.6666667e-16
0.70372479 	6.6666667e-16 	-6.6014644e-33 	-1.3779987e-32 	6.6666667e-16 	0 	6.6666667e-16
0.74683417 	6.6666667e-16 	1.693045e-32 	-2.4586053e-33 	6.6666667e-16 	0 	6.6666667e-16
0.79253123 	6.6666667e-16 	2.1991998e-32 	2.9386443e-32 	6.6666667e-16 	0 	6.6666667e-16
0.84097128 	6.6666667e-16 	-1.3743917e-32 	1.9851266e-36 	6.6666667e-16 	0 	6.6666667e-16
0.892319 	6.6666667e-16 	-1.0049892e-32 	1.0881941e-36 	6.6666667e-16 	0 	6.6666667e-16
0.9467489 	6.6666667e-16 	-1.0531868e-32 	-5.3755076e-32 	6.6666667e-16 	0 	6.6666667e-16
1.004446 	6.6666667e-16 	-3.9024595e-33 	-3.3463463e-33 	6.6666667e-16 	0 	6.6666667e-16
1.0656064 	6.6666667e-16 	2.3418136e-32 	8.3141077e-32 	6.6666667e-16 	0 	6.6666667e-16
1.1304381 	6.6666667e-16 	8.1282694e-33 	1.5699925e-33 	6.6666667e-16 	0 	6.6666667e-16
1.1991613 	6.6666667e-16 	-1.1898253e-32 	-4.4958862e-32 	6.6666667e-16 	0 	6.6666667e-16
1.2720096 	6.6666667e-16 	-4.4853345e-34 	-6.9415838e-32 	6.6666667e-16 	0 	6.6666667e-16
1.3492308 	6.6666667e-16 	2.2252963e-33 	-4.4222425e-33 	6.6666667e-16 	0 	6.6666667e-16
1.4310872 	6.6666667e-16 	-2.8801905e-34 	6.9103401e-32 	6.6666667e-16 	0 	6.6666667e-16
1.5178571 	6.6666667e-16 	1.4655667e-33 	1.2932272e-32 	6.6666667e-16 	0 	6.6666667e-16
1.6046271 	6.6666667e-16 	-3.1247298e-33 	-7.181861e-32 	6.6666667e-16 	0 	6.6666667e-16
1.6864835 	6.6666667e-16 	1.1904254e-32 	2.8727529e-34 	6.6666667e-16 	0 	6.6666667e-16
1.7637046 	6.6666667e-16 	1.0527513e-32 	-4.9765883e-32 	6.6666667e-16 	0 	6.6666667e-16
1.836553 	6.6666667e-16 	-6.0692042e-33 	1.4828735e-32 	6.6666667e-16 	0 	6.6666667e-16
1.9052762 	6.6666667e-16 	-6.3268157e-33 	1.2883815e-31 	6.6666667e-16 	0 	6.6666667e-16
1.9701079 	6.6666667e-16 	-8.3668319e-33 	-9.4553835e-32 	6.6666667e-16 	0 	6.6666667e-16
2.0312683 	6.6666667e-16 	1.7238487e-32 	6.1923662e-33 	6.6666667e-16 	0 	6.6666667e-16
2.0889654 	6.6666667e-16 	-1.2279447e-32 	1.0107683e-31 	6.6666667e-16 	0 	6.6666667e-16
2.1433953 	6.6666667e-16 	-2.6791684e-32 	-1.0219026e-35 	6.6666667e-16 	0 	6.6666667e-16
2.194743 	6.6666667e-16 	2.1767675e-32 	-7.8014125e-37 	6.6666667e-16 	0 	6.6666667e-16
2.2431831 	6.6666667e-16 	1.0629776e-32 	3.2491804e-37 	6.6666667e-16 	0 	6.6666667e-16
2.2888801 	6.6666667e-16 	-1.6936579e-33 	5.6760328e-36 	6.6666667e-16 	0 	6.6666667e-16
2.3319895 	6.6666667e-16 	8.3175978e-34 	-5.6318357e-36 	6.6666667e-16 	0 	6.6666667e-16
2.3726577 	6.6666667e-16 	-1.2273018e-32 	8.9523459e-37 	6.6666667e-16 	0 	6.6666667e-16
2.411023 	6.6666667e-16 	8.5716461e-34 	7.0530906e-36 	6.6666667e-16 	0 	6.6666667e-16
2.4472159 	6.6666667e-16 	-1.6156572e-32 	-9.3392026e-32 	6.6666667e-16 	0 	6.6666667e-16
2.4813592 	6.6666667e-16 	-3.0852309e-32 	7.0969644e-33 	6.6666667e-16 	0 	6.6666667e-16
2.5135691 	6.6666667e-16 	-2.7067644e-34 	9.879815e-32 	6.6666667e-16 	0 	6.6666667e-16
2.5439551 	6.6666667e-16 	3.6412226e-32 	9.0389874e-36 	6.6666667e-16 	0 	6.6666667e-16
2.5726204 	6.6666667e-16 	-2.2110857e-33 	-1.1557673e-31 	6.6666667e-16 	0 	6.6666667e-16
2.582654 	6.6666667e-16 	-5.3422046e-34 	-7.0809715e-32 	6.6666667e-16 	0 	6.6666667e-16
2.5996625 	6.6666667e-16 	2.4626454e-33 	5.5913169e-33 	6.6666667e-16 	0 	6.6666667e-16
2.6251732 	6.6666667e-16 	6.218614e-32 	1.2222924e-31 	6.6666667e-16 	0 	6.6666667e-16
2.6492394 	6.6666667e-16 	-4.6619157e-32 	2.7168081e-31 	6.6666667e-16 	0 	6.6666667e-16
2.6719428 	6.6666667e-16 	-4.3655936e-32 	-1.6664583e-32 	6.6666667e-16 	0 	6.6666667e-16
2.6933606 	6.6666667e-16 	7.4863525e-32 	-2.8635349e-31 	6.6666667e-16 	0 	6.6666667e-16
2.7135655 	6.6666667e-16 	-4.0081176e-33 	-1.6915353e-31 	6.6666667e-16 	0 	6.6666667e-16
2.7326263 	6.6666667e-16 	-8.2944515e-32 	8.8210988e-33 	6.6666667e-16 	0 	6.6666667e-16
2.7506078 	6.6666667e-16 	2.9676629e-33 	5.6232812e-31 	6.6666667e-16 	0 	6.6666667e-16
2.767571 	6.6666667e-16 	3.0864996e-32 	-2.0342023e-32 	6.6666667e-16 	0 	6.6666667e-16
2.7835737 	6.6666667e-16 	6.7757515e-32 	-2.1074024e-31 	6.6666667e-16 	0 	6.6666667e-16
2.7986701 	6.6666667e-16 	-6.0491471e-33 	-1.3075032e-32 	6.6666667e-16 	0 	6.6666667e-16
2.8129118 	6.6666667e-16 	-1.1048394e-31 	-2.0670438e-31 	6.6666667e-16 	0 	6.6666667e-16
2.8263469 	6.6666667e-16 	7.166233e-33 	2.6068342e-31 	6.6666667e-16 	0 	6.6666667e-16
2.8390213 	6.6666667e-16 	1.2627488e-31 	-1.4325463e-32 	6.6666667e-16 	0 	6.6666667e-16
2.8509779 	6.6666667e-16 	3.5471525e-32 	-2.9433802e-31 	6.6666667e-16 	0 	6.6666667e-16
2.8622575 	6.6666667e-16 	-4.9899508e-32 	5.8542964e-31 	6.6666667e-16 	0 	6.6666667e-16
2.8728984 	6.6666667e-16 	4.8832159e-32 	-1.4420573e-32 	6.6666667e-16 	0 	6.6666667e-16
2.8829367 	6.6666667e-16 	-6.2730392e-32 	1.312807e-32 	6.6666667e-16 	0 	6.6666667e-16
2.8924066 	6.6666667e-16 	-5.6296728e-32 	-3.8258878e-32 	6.6666667e-16 	0 	6.6666667e-16
2.9013402 	6.6666667e-16 	1.2601639e-31 	-1.3777965e-30 	6.6666667e-16 	0 	6.6666667e-16
2.9097679 	6.6666667e-16 	1.2287426e-31 	4.2849752e-32 	6.6666667e-16 	0 	6.6666667e-16
2.9177184 	6.6666667e-16 	5.5278718e-32 	3.0081395e-31 	6.6666667e-16 	0 	6.6666667e-16
2.9252187 	6.6666667e-16 	-1.423997e-31 	2.5647548e-32 	6.6666667e-16 	0 	6.6666667e-16
2.9322943 	6.6666667e-16 	-1.3551694e-31 	-3.020132e-32 	6.6666667e-16 	0 	6.6666667e-16
2.9389692 	6.6666667e-16 	-4.1544441e-34 	2.9076995e-32 	6.6666667e-16 	0 	6.6666667e-16
2.9452661 	6.6666667e-16 	4.6089619e-34 	5.3670641e-31 	6.6666667e-16 	0 	6.6666667e-16
2.9512065 	6.6666667e-16 	2.8962211e-31 	-2.0924282e-36 	6.6666667e-16 	0 	6.6666667e-16
2.9568104 	6.6666667e-16 	6.4328087e-32 	5.3944995e-32 	6.6666667e-16 	0 	6.6666667e-16
2.9620971 	6.6666667e-16 	-2.0773019e-31 	5.4863514e-32 	6.6666667e-16 	0 	6.6666667e-16
2.9670843 	6.6666667e-16 	-1.1247667e-31 	-1.3211026e-30 	6.6666667e-16 	0 	6.6666667e-16
2.9717892 	6.6666667e-16 	1.1467521e-31 	1.2985895e-32 	6.6666667e-16 	0 	6.6666667e-16
2.9762276 	6.6666667e-16 	2.3715953e-31 	-7.9793394e-32 	6.6666667e-16 	0 	6.6666667e-16
2.9804147 	6.6666667e-16 	-1.3326609e-31 	8.5107564e-32 	6.6666667e-16 	0 	6.6666667e-16
2.9843647 	6.6666667e-16 	-5.9002213e-33 	1.4966653e-30 	6.6666667e-16 	0 	6.6666667e-16
2.9880911 	6.6666667e-16 	1.570215e-31 	-5.2687799e-37 	6.6666667e-16 	0 	6.6666667e-16
2.9916064 	6.6666667e-16 	-1.2878574e-31 	3.1649931e-38 	6.6666667e-16 	0 	6.6666667e-16
2.9949226 	6.6666667e-16 	-1.9278928e-31 	-1.8868145e-30 	6.6666667e-16 	0 	6.6666667e-16
2.9980511 	6.6666667e-16 	-1.6088374e-32 	9.5162928e-31 	6.6666667e-16 	0 	6.6666667e-16
3.0010024 	6.6666667e-16 	2.074579e-31 	-5.5672082e-32 	6.6666667e-16 	0 	6.6666667e-16
3.0037866 	6.6666667e-16 	1.4774505e-31 	-1.9482573e-30 	6.6666667e-16 	0 	6.6666667e-16
3.0064131 	6.6666667e-16 	2.5309772e-33 	2.192747e-30 	6.6666667e-16 	0 	6.6666667e-16
3.0088909 	6.6666667e-16 	-2.6968218e-33 	2.7236356e-30 	6.6666667e-16 	0 	6.6666667e-16
3.0112284 	6.6666667e-16 	-2.2210573e-32 	-3.2040529e-30 	6.6666667e-16 	0 	6.6666667e-16
3.0134335 	6.6666667e-16 	2.5187876e-32 	1.7733154e-30 	6.6666667e-16 	0 	6.6666667e-16
3.0155138 	6.6666667e-16 	1.1840823e-35 	3.1156541e-30 	6.6666667e-16 	0 	6.6666667e-16
3.0174762 	6.6666667e-16 	-2.8456907e-31 	-1.5764183e-31 	6.6666667e-16 	0 	6.6666667e-16
3.0193275 	6.6666667e-16 	-2.1997556e-31 	5.7225678e-30 	6.6666667e-16 	0 	6.6666667e-16
3.021074 	6.6666667e-16 	6.3565453e-31 	-7.2903078e-30 	6.6666667e-16 	0 	6.6666667e-16
3.0227216 	6.6666667e-16 	2.6816727e-31 	-6.0541553e-30 	6.6666667e-16 	0 	6.6666667e-16
3.0242759 	6.6666667e-16 	-3.0229552e-31 	3.7836251e-30 	6.6666667e-16 	0 	6.6666667e-16
3.0257422 	6.6666667e-16 	3.8094577e-31 	-2.002496e-30 	6.6666667e-16 	0 	6.6666667e-16
3.0271255 	6.6666667e-16 	-6.6902578e-32 	1.2142192e-31 	6.6666667e-16 	0 	6.6666667e-16
3.0284304 	6.6666667e-16 	-4.4794911e-31 	2.1225203e-30 	6.6666667e-16 	0 	6.6666667e-16
3.0296614 	6.6666667e-16 	3.5429041e-31 	-2.3827128e-30 	6.6666667e-16 	0 	6.6666667e-16
3.0308227 	6.6666667e-16 	-1.2698945e-31 	-3.0058259e-30 	6.6666667e-16 	0 	6.6666667e-16
3.0319183 	6.6666667e-16 	-3.6865075e-31 	2.3818613e-30 	6.6666667e-16 	0 	6.6666667e-16
3.0329518 	6.6666667e-16 	1.1259006e-31 	3.3589576e-30 	6.6666667e-16 	0 	6.6666667e-16
3.0339268 	6.6666667e-16 	2.3727072e-35 	-6.0325468e-30 	6.6666667e-16 	0 	6.6666667e-16
3.0348466 	6.6666667e-16 	1.550002e-16 	-6.2024638e-30 	6.6666667e-16 	0 	6.6666667e-16
3.0357143 	0 	0 	0 	0 	0 	0
