0 	0 	0 	0 	0 	0 	0
0.00086769924 	6.6666667e-16 	-1.5500001e-16 	-5.1051819e-30 	6.6666667e-16 	0 	6.6666667e-16
0.0017874829 	6.6666667e-16 	5.3667379e-31 	-2.9015942e-31 	6.6666667e-16 	0 	6.6666667e-16
0.0027624773 	6.6666667e-16 	0 	3.3303716e-30 	6.6666667e-16 	0 	6.6666667e-16
0.0037959966 	6.6666667e-16 	0 	-2.5263333e-30 	6.6666667e-16 	0 	6.6666667e-16
0.0048915537 	6.6666667e-16 	-6.6030487e-31 	-1.9259629e-30 	6.6666667e-16 	0 	6.6666667e-16
0.0060528726 	6.6666667e-16 	1.8379463e-31 	2.2736968e-30 	6.6666667e-16 	0 	6.6666667e-16
0.0072839007 	6.6666667e-16 	9.2740311e-31 	1.8459708e-30 	6.6666667e-16 	0 	6.6666667e-16
0.0085888223 	6.6666667e-16 	8.5463078e-32 	-1.3579567e-30 	6.6666667e-16 	0 	6.6666667e-16
0.0099720729 	6.6666667e-16 	2.6033861e-31 	9.1844746e-37 	6.6666667e-16 	0 	6.6666667e-16
0.011438354 	6.6666667e-16 	2.6005034e-31 	1.2866789e-36 	6.6666667e-16 	0 	6.6666667e-16
0.01299265 	6.6666667e-16 	5.9943932e-31 	2.9505985e-37 	6.6666667e-16 	0 	6.6666667e-16
0.014640245 	6.6666667e-16 	-1.838492e-31 	-1.818107e-37 	6.6666667e-16 	0 	6.6666667e-16
0.016386737 	6.6666667e-16 	-1.1112707e-30 	8.5849702e-31 	6.6666667e-16 	0 	6.6666667e-16
0.018238064 	6.6666667e-16 	-1.8566939e-32 	1.5475406e-31 	6.6666667e-16 	0 	6.6666667e-16
0.020200518 	6.6666667e-16 	5.4774526e-31 	-1.2258339e-30 	6.6666667e-16 	0 	6.6666667e-16
0.022280771 	6.6666667e-16 	2.9003137e-31 	-1.2851021e-31 	6.6666667e-16 	0 	6.6666667e-16
0.024485892 	6.6666667e-16 	-1.5841204e-31 	4.000034e-31 	6.6666667e-16 	0 	6.6666667e-16
0.026823378 	6.6666667e-16 	9.2586401e-32 	-1.8514355e-37 	6.6666667e-16 	0 	6.6666667e-16
0.029301173 	6.6666667e-16 	3.0325844e-31 	-4.1301269e-31 	6.6666667e-16 	0 	6.6666667e-16
0.0319277 	6.6666667e-16 	4.2777286e-32 	4.4183956e-31 	6.6666667e-16 	0 	6.6666667e-16
0.034711887 	6.6666667e-16 	-5.4044367e-31 	4.1734011e-31 	6.6666667e-16 	0 	6.6666667e-16
0.037663197 	6.6666667e-16 	-1.1033466e-31 	-4.4068297e-31 	6.6666667e-16 	0 	6.6666667e-16
0.040791661 	6.6666667e-16 	2.4935094e-31 	1.7113777e-38 	6.6666667e-16 	0 	6.6666667e-16
0.044107915 	6.6666667e-16 	-2.5882121e-31 	-8.4075641e-37 	6.6666667e-16 	0 	6.6666667e-16
0.047623229 	6.6666667e-16 	-1.9459581e-33 	1.433798e-30 	6.6666667e-16 	0 	6.6666667e-16
0.051349553 	6.6666667e-16 	2.8385355e-31 	-6.5118793e-31 	6.6666667e-16 	0 	6.6666667e-16
0.055299553 	6.6666667e-16 	2.5021969e-31 	-1.9341722e-30 	6.6666667e-16 	0 	6.6666667e-16
0.059486654 	6.6666667e-16 	-2.5160659e-31 	9.5102511e-31 	6.6666667e-16 	0 	6.6666667e-16
0.06392509 	6.6666667e-16 	-9.1713768e-32 	5.2501662e-31 	6.6666667e-16 	0 	6.6666667e-16
0.068629948 	6.6666667e-16 	2.598463e-31 	-4.9624405e-31 	6.6666667e-16 	0 	6.6666667e-16
0.073617218 	6.6666667e-16 	4.8903305e-32 	-1.3378241e-32 	6.6666667e-16 	0 	6.6666667e-16
0.078903853 	6.6666667e-16 	-9.1061523e-32 	-2.0991736e-31 	6.6666667e-16 	0 	6.6666667e-16
0.084507823 	6.6666667e-16 	2.0679284e-32 	-2.5430669e-32 	6.6666667e-16 	0 	6.6666667e-16
0.090448176 	6.6666667e-16 	3.8025883e-32 	3.965941e-31 	6.6666667e-16 	0 	6.6666667e-16
0.096745104 	6.6666667e-16 	-1.2366743e-33 	-2.4155109e-36 	6.6666667e-16 	0 	6.6666667e-16
0.10342001 	6.6666667e-16 	-1.1851364e-31 	-1.2962457e-36 	6.6666667e-16 	0 	6.6666667e-16
0.11049558 	6.6666667e-16 	3.8772406e-32 	-3.5420252e-38 	6.6666667e-16 	0 	6.6666667e-16
0.11799587 	6.6666667e-16 	1.5310763e-31 	-1.58987e-31 	6.6666667e-16 	0 	6.6666667e-16
0.12594638 	6.6666667e-16 	-2.4597384e-32 	8.137742e-32 	6.6666667e-16 	0 	6.6666667e-16
0.13437411 	6.6666667e-16 	-3.8322147e-32 	1.5654653e-31 	6.6666667e-16 	0 	6.6666667e-16
0.14330773 	6.6666667e-16 	-5.4454167e-32 	3.7652349e-32 	6.6666667e-16 	0 	6.6666667e-16
0.1527776 	6.6666667e-16 	1.3125512e-31 	3.3904978e-31 	6.6666667e-16 	0 	6.6666667e-16
0.1628159 	6.6666667e-16 	7.0166442e-32 	-9.7067825e-32 	6.6666667e-16 	0 	6.6666667e-16
0.17345677 	6.6666667e-16 	-7.7611908e-32 	-3.1545254e-31 	6.6666667e-16 	0 	6.6666667e-16
0.18473635 	6.6666667e-16 	4.1445814e-32 	-5.0324728e-32 	6.6666667e-16 	0 	6.6666667e-16
0.19669301 	6.6666667e-16 	-1.1314266e-32 	9.1942675e-33 	6.6666667e-16 	0 	6.6666667e-16
0.20936737 	6.6666667e-16 	-1.618961e-32 	4.8992094e-32 	6.6666667e-16 	0 	6.6666667e-16
0.22280253 	6.6666667e-16 	-4.5502628e-32 	-1.0521099e-32 	6.6666667e-16 	0 	6.6666667e-16
0.23704414 	6.6666667e-16 	1.5852473e-32 	-2.720454e-36 	6.6666667e-16 	0 	6.6666667e-16
0.25214061 	6.6666667e-16 	9.8614769e-32 	-2.9906947e-36 	6.6666667e-16 	0 	6.6666667e-16
0.26814327 	6.6666667e-16 	1.76699e-32 	-1.0389227e-35 	6.6666667e-16 	0 	6.6666667e-16
0.28510649 	6.6666667e-16 	-4.1047382e-33 	-1.3717924e-31 	6.6666667e-16 	0 	6.6666667e-16
0.30308795 	6.6666667e-16 	-3.5672166e-32 	-6.9620036e-33 	6.6666667e-16 	0 	6.6666667e-16
0.32214876 	6.6666667e-16 	-1.4829959e-32 	1.28424e-31 	6.6666667e-16 	0 	6.6666667e-16
0.34235371 	6.6666667e-16 	-1.0346014e-32 	8.3205527e-37 	6.6666667e-16 	0 	6.6666667e-16
0.36377149 	6.6666667e-16 	-1.0651376e-32 	-8.5856692e-36 	6.6666667e-16 	0 	6.6666667e-16
0.38647488 	6.6666667e-16 	-3.1536216e-32 	-3.3989875e-37 	6.6666667e-16 	0 	6.6666667e-16
0.41054106 	6.6666667e-16 	7.7702362e-33 	4.9148155e-37 	6.6666667e-16 	0 	6.6666667e-16
0.43605183 	6.6666667e-16 	1.9471946e-33 	2.1295127e-31 	6.6666667e-16 	0 	6.6666667e-16
0.46309391 	6.6666667e-16 	-4.4240903e-32 	9.6387937e-33 	6.6666667e-16 	0 	6.6666667e-16
0.49175922 	6.6666667e-16 	1.002582e-32 	-1.9904095e-31 	6.6666667e-16 	0 	6.6666667e-16
0.52214518 	6.6666667e-16 	7.6082933e-33 	-2.1599128e-35 	6.6666667e-16 	0 	6.6666667e-16
0.55435509 	6.6666667e-16 	-1.2486087e-32 	-9.069694e-36 	6.6666667e-16 	0 	6.6666667e-16
0.58849842 	6.6666667e-16 	-2.7948106e-32 	-1.2302632e-31 	6.6666667e-16 	0 	6.6666667e-16
0.62469124 	6.6666667e-16 	-6.0573507e-33 	-1.0496367e-32 	6.6666667e-16 	0 	6.6666667e-16
0.66305656 	6.6666667e-16 	2.13635e-32 	1.1886792e-31 	6.6666667e-16 	0 	6.6666667e-16
0.70372479 	6.6666667e-16 	3.8793705e-33 	-1.5738472e-35 	6.6666667e-16 	0 	6.6666667e-16
0.74683417 	6.6666667e-16 	-1.0952834e-32 	-2.0898316e-36 	6.6666667e-16 	0 	6.6666667e-16
0.79253123 	6.6666667e-16 	-3.1687378e-32 	5.5640947e-36 	6.6666667e-16 	0 	6.6666667e-16
0.84097128 	6.6666667e-16 	6.3432475e-33 	-1.9426925e-35 	6.6666667e-16 	0 	6.6666667e-16
0.892319 	6.6666667e-16 	4.6064905e-32 	-1.636386e-35 	6.6666667e-16 	0 	6.6666667e-16
0.9467489 	6.6666667e-16 	-5.0050812e-33 	2.9052111e-36 	6.6666667e-16 	0 	6.6666667e-16
1.004446 	6.6666667e-16 	-1.7885859e-32 	-2.9332293e-35 	6.6666667e-16 	0 	6.6666667e-16
1.0656064 	6.6666667e-16 	1.4359031e-32 	-1.9805537e-32 	6.6666667e-16 	0 	6.6666667e-16
1.1304381 	6.6666667e-16 	6.1275467e-34 	3.7511036e-34 	6.6666667e-16 	0 	6.6666667e-16
1.1668563 	6.6666667e-16 	-3.6976704e-33 	2.4717195e-32 	6.6666667e-16 	0 	6.6666667e-16
1.1991613 	6.6666667e-16 	-6.8991847e-33 	4.5587791e-32 	6.6666667e-16 	0 	6.6666667e-16
1.2720096 	6.6666667e-16 	6.1454722e-33 	5.6882918e-33 	6.6666667e-16 	0 	6.6666667e-16
1.3492308 	6.6666667e-16 	3.2784923e-33 	-1.3680514e-32 	6.6666667e-16 	0 	6.6666667e-16
1.4310872 	6.6666667e-16 	-1.0848117e-33 	-3.8629391e-32 	6.6666667e-16 	0 	6.6666667e-16
1.5178571 	6.6666667e-16 	1.1762715e-32 	6.1935947e-34 	6.6666667e-16 	0 	6.6666667e-16
1.6046271 	6.6666667e-16 	-5.2319037e-33 	5.6005765e-33 	6.6666667e-16 	0 	6.6666667e-16
1.6864835 	6.6666667e-16 	-7.3404949e-33 	4.2942526e-33 	6.6666667e-16 	0 	6.6666667e-16
1.7637046 	6.6666667e-16 	9.3325773e-33 	2.4827894e-32 	6.6666667e-16 	0 	6.6666667e-16
1.836553 	6.6666667e-16 	-2.186725e-36 	2.0172445e-36 	6.6666667e-16 	0 	6.6666667e-16
1.9052762 	6.6666667e-16 	0 	1.3739814e-35 	6.6666667e-16 	0 	6.6666667e-16
1.9701079 	6.6666667e-16 	0 	-1.8248497e-31 	6.6666667e-16 	0 	6.6666667e-16
2.0312683 	6.6666667e-16 	8.9605988e-33 	1.0432151e-32 	6.6666667e-16 	0 	6.6666667e-16
2.0889654 	6.6666667e-16 	-3.9584913e-33 	1.9503965e-31 	6.6666667e-16 	0 	6.6666667e-16
2.1433953 	6.6666667e-16 	-1.939033e-32 	-3.5167617e-32 	6.6666667e-16 	0 	6.6666667e-16
2.194743 	6.6666667e-16 	3.4793191e-33 	8.3089892e-33 	6.6666667e-16 	0 	6.6666667e-16
2.2431831 	6.6666667e-16 	-6.7089445e-34 	3.5012895e-32 	6.6666667e-16 	0 	6.6666667e-16
2.2888801 	6.6666667e-16 	1.2743269e-32 	-1.2779157e-35 	6.6666667e-16 	0 	6.6666667e-16
2.3319895 	6.6666667e-16 	4.4987864e-32 	-3.764775e-36 	6.6666667e-16 	0 	6.6666667e-16
2.3726577 	6.6666667e-16 	1.0093139e-32 	2.7013733e-36 	6.6666667e-16 	0 	6.6666667e-16
2.411023 	6.6666667e-16 	-2.6190829e-32 	2.4401971e-35 	6.6666667e-16 	0 	6.6666667e-16
2.4472159 	6.6666667e-16 	-2.091829e-33 	2.8020966e-31 	6.6666667e-16 	0 	6.6666667e-16
2.4813592 	6.6666667e-16 	-1.5873407e-32 	-2.1360662e-32 	6.6666667e-16 	0 	6.6666667e-16
2.5135691 	6.6666667e-16 	-1.2686073e-32 	-2.9645465e-31 	6.6666667e-16 	0 	6.6666667e-16
2.5439551 	6.6666667e-16 	3.5386847e-32 	-8.8226294e-36 	6.6666667e-16 	0 	6.6666667e-16
2.5726204 	6.6666667e-16 	1.8016962e-32 	-9.2382267e-36 	6.6666667e-16 	0 	6.6666667e-16
2.5826574 	6.6666667e-16 	3.8256867e-33 	1.3664161e-31 	6.6666667e-16 	0 	6.6666667e-16
2.5996625 	6.6666667e-16 	-2.0202557e-32 	3.6806791e-31 	6.6666667e-16 	0 	6.6666667e-16
2.6251732 	6.6666667e-16 	-4.2257112e-32 	2.3220869e-31 	6.6666667e-16 	0 	6.6666667e-16
2.6492394 	6.6666667e-16 	1.4855935e-33 	-3.9413156e-31 	6.6666667e-16 	0 	6.6666667e-16
2.6719428 	6.6666667e-16 	9.4522209e-32 	1.5458375e-32 	6.6666667e-16 	0 	6.6666667e-16
2.6933606 	6.6666667e-16 	-8.4701897e-33 	-2.8923522e-32 	6.6666667e-16 	0 	6.6666667e-16
2.7135655 	6.6666667e-16 	-5.5368282e-32 	-2.7734159e-31 	6.6666667e-16 	0 	6.6666667e-16
2.7326263 	6.6666667e-16 	2.4616036e-32 	-5.2122307e-31 	6.6666667e-16 	0 	6.6666667e-16
2.7506078 	6.6666667e-16 	-2.5832671e-34 	4.2327339e-31 	6.6666667e-16 	0 	6.6666667e-16
2.767571 	6.6666667e-16 	3.7529483e-32 	5.0359044e-31 	6.6666667e-16 	0 	6.6666667e-16
2.7835737 	6.6666667e-16 	2.4524429e-33 	-5.9079837e-32 	6.6666667e-16 	0 	6.6666667e-16
2.7986701 	6.6666667e-16 	1.5958366e-32 	8.432767e-33 	6.6666667e-16 	0 	6.6666667e-16
2.8129118 	6.6666667e-16 	1.6017885e-32 	-1.1355055e-30 	6.6666667e-16 	0 	6.6666667e-16
2.8263469 	6.6666667e-16 	-6.5650997e-32 	8.4966563e-32 	6.6666667e-16 	0 	6.6666667e-16
2.8390213 	6.6666667e-16 	-1.759066e-32 	7.7780089e-31 	6.6666667e-16 	0 	6.6666667e-16
2.8509779 	6.6666667e-16 	-5.5961384e-34 	1.6891337e-31 	6.6666667e-16 	0 	6.6666667e-16
2.8622575 	6.6666667e-16 	4.9950815e-32 	-1.6547316e-32 	6.6666667e-16 	0 	6.6666667e-16
2.8728984 	6.6666667e-16 	7.4829091e-33 	7.9174054e-32 	6.6666667e-16 	0 	6.6666667e-16
2.8829367 	6.6666667e-16 	-6.4547223e-32 	2.3773055e-31 	6.6666667e-16 	0 	6.6666667e-16
2.8924066 	6.6666667e-16 	5.965218e-32 	-9.6186605e-31 	6.6666667e-16 	0 	6.6666667e-16
2.9013402 	6.6666667e-16 	1.0142787e-32 	-2.3033301e-31 	6.6666667e-16 	0 	6.6666667e-16
2.9097679 	6.6666667e-16 	-4.6443194e-32 	6.4978586e-31 	6.6666667e-16 	0 	6.6666667e-16
2.9177184 	6.6666667e-16 	-5.3881687e-32 	4.7457391e-37 	6.6666667e-16 	0 	6.6666667e-16
2.9252187 	6.6666667e-16 	-1.4463343e-32 	-5.4977203e-37 	6.6666667e-16 	0 	6.6666667e-16
2.9322943 	6.6666667e-16 	9.5729039e-32 	0 	6.6666667e-16 	0 	6.6666667e-16
2.9389692 	6.6666667e-16 	-2.4408435e-32 	1.2980966e-31 	6.6666667e-16 	0 	6.6666667e-16
2.9452661 	6.6666667e-16 	1.3405955e-31 	-6.7007461e-33 	6.6666667e-16 	0 	6.6666667e-16
2.9512065 	6.6666667e-16 	-5.5245922e-32 	-1.4094766e-31 	6.6666667e-16 	0 	6.6666667e-16
2.9568104 	6.6666667e-16 	-1.1146104e-31 	7.5138127e-31 	6.6666667e-16 	0 	6.6666667e-16
2.9620971 	6.6666667e-16 	2.957571e-31 	-4.2065949e-32 	6.6666667e-16 	0 	6.6666667e-16
2.9670843 	6.6666667e-16 	-4.0683644e-32 	-3.251502e-31 	6.6666667e-16 	0 	6.6666667e-16
2.9717892 	6.6666667e-16 	-2.7638099e-31 	-3.1360364e-32 	6.6666667e-16 	0 	6.6666667e-16
2.9762276 	6.6666667e-16 	1.3076249e-31 	-4.9953503e-31 	6.6666667e-16 	0 	6.6666667e-16
2.9804147 	6.6666667e-16 	1.2036243e-31 	-1.9988256e-36 	6.6666667e-16 	0 	6.6666667e-16
2.9843647 	6.6666667e-16 	-3.6081024e-32 	-1.2664438e-36 	6.6666667e-16 	0 	6.6666667e-16
2.9880911 	6.6666667e-16 	1.2450274e-32 	1.5043494e-30 	6.6666667e-16 	0 	6.6666667e-16
2.9916064 	6.6666667e-16 	-4.2585387e-31 	-9.165347e-32 	6.6666667e-16 	0 	6.6666667e-16
2.9949226 	6.6666667e-16 	2.280652e-32 	-9.0060805e-31 	6.6666667e-16 	0 	6.6666667e-16
2.9980511 	6.6666667e-16 	2.7824745e-31 	3.6320277e-31 	6.6666667e-16 	0 	6.6666667e-16
3.0010024 	6.6666667e-16 	-5.0789777e-32 	-7.596525e-31 	6.6666667e-16 	0 	6.6666667e-16
3.0037866 	6.6666667e-16 	1.3415739e-31 	-4.2760166e-31 	6.6666667e-16 	0 	6.6666667e-16
3.0064131 	6.6666667e-16 	-1.5013017e-31 	-1.0316937e-34 	6.6666667e-16 	0 	6.6666667e-16
3.0088909 	6.6666667e-16 	-5.7859074e-32 	-5.182557e-35 	6.6666667e-16 	0 	6.6666667e-16
3.0112284 	6.6666667e-16 	-2.4813583e-31 	-2.3743763e-30 	6.6666667e-16 	0 	6.6666667e-16
3.0134335 	6.6666667e-16 	-5.6099862e-32 	1.4393651e-31 	6.6666667e-16 	0 	6.6666667e-16
3.0155138 	6.6666667e-16 	7.6834896e-32 	2.5138226e-30 	6.6666667e-16 	0 	6.6666667e-16
3.0174762 	6.6666667e-16 	2.0968447e-31 	1.2465825e-36 	6.6666667e-16 	0 	6.6666667e-16
3.0193275 	6.6666667e-16 	4.7775945e-31 	4.7064455e-30 	6.6666667e-16 	0 	6.6666667e-16
3.021074 	6.6666667e-16 	1.0312629e-31 	-2.7679131e-31 	6.6666667e-16 	0 	6.6666667e-16
3.0227216 	6.6666667e-16 	-5.7447563e-31 	-5.6398524e-30 	6.6666667e-16 	0 	6.6666667e-16
3.0242759 	6.6666667e-16 	-3.1863963e-31 	3.754039e-32 	6.6666667e-16 	0 	6.6666667e-16
3.0257422 	6.6666667e-16 	4.8351298e-31 	-2.2912792e-30 	6.6666667e-16 	0 	6.6666667e-16
3.0271255 	6.6666667e-16 	-2.7928469e-31 	1.7612255e-31 	6.6666667e-16 	0 	6.6666667e-16
3.0284304 	6.6666667e-16 	-2.634268e-31 	7.383311e-30 	6.6666667e-16 	0 	6.6666667e-16
3.0296614 	6.6666667e-16 	1.3468285e-31 	1.5401138e-30 	6.6666667e-16 	0 	6.6666667e-16
3.0308227 	6.6666667e-16 	3.2263607e-31 	-4.6101195e-30 	6.6666667e-16 	0 	6.6666667e-16
3.0319183 	6.6666667e-16 	-3.5658884e-31 	-1.8940019e-30 	6.6666667e-16 	0 	6.6666667e-16
3.0329518 	6.6666667e-16 	4.0922833e-32 	2.1783453e-32 	6.6666667e-16 	0 	6.6666667e-16
3.0339268 	6.6666667e-16 	7.1990962e-31 	-4.5034545e-30 	6.6666667e-16 	0 	6.6666667e-16
3.0348466 	6.6666667e-16 	1.550002e-16 	-4.3771778e-30 	6.6666667e-16 	0 	6.6666667e-16
3.0357143 	0 	0 	0 	0 	0 	0
