0.00043385 	-3.86285e-05 	7.68594e-08 	1.55534e-25
0.00132759 	-0.000118285 	3.87562e-07 	-1.85216e-19
0.00227498 	-0.000203427 	1.03687e-06 	-1.73402e-19
0.00327924 	-0.000295064 	2.09207e-06 	2.07183e-19
0.00434378 	-0.00039374 	3.61028e-06 	1.95316e-19
0.00547221 	-0.000500042 	5.65443e-06 	-4.61285e-19
0.00666839 	-0.000614594 	8.29633e-06 	-5.96644e-19
0.00793636 	-0.000738057 	1.16147e-05 	6.91871e-19
0.00928045 	-0.000871113 	1.56947e-05 	4.83918e-19
0.0107052 	-0.00101446 	2.06278e-05 	-1.14133e-18
0.0122155 	-0.00116877 	2.65113e-05 	-1.78323e-18
0.0138164 	-0.00133466 	3.34466e-05 	2.02359e-18
0.0155135 	-0.00151261 	4.15375e-05 	1.1875e-18
0.0173124 	-0.00170287 	5.08863e-05 	6.66651e-19
0.0192193 	-0.00190529 	6.1588e-05 	6.3806e-19
0.0212406 	-0.00211914 	7.37222e-05 	1.8785e-21
0.0233833 	-0.00234292 	8.73415e-05 	7.77833e-19
0.0256546 	-0.00257414 	0.000102458 	-1.16568e-18
0.0280623 	-0.00280925 	0.000119032 	-3.48411e-19
0.0306144 	-0.00304377 	0.000136957 	-3.43271e-19
0.0333198 	-0.00327264 	0.000156066 	-3.46224e-19
0.0361875 	-0.00349076 	0.000176137 	-6.77831e-24
0.0392274 	-0.00369367 	0.000196918 	-1.29156e-23
0.0424498 	-0.00387799 	0.000218158 	-1.12289e-23
0.0458656 	-0.00404174 	0.00023963 	1.37147e-18
0.0494864 	-0.00418422 	0.000261152 	2.90622e-18
0.0533246 	-0.00430589 	0.000282594 	-1.24697e-18
0.0573931 	-0.00440794 	0.000303883 	-2.79951e-19
0.0617059 	-0.00449199 	0.000324985 	-8.47426e-19
0.0662775 	-0.0045598 	0.000345901 	-1.69159e-20
0.0711236 	-0.00461311 	0.000366655 	-5.39326e-19
0.0762605 	-0.00465347 	0.000387281 	-2.52657e-19
0.0817058 	-0.00468227 	0.000407819 	4.65329e-25
0.087478 	-0.00470065 	0.000428309 	-4.79641e-24
0.0935966 	-0.00470954 	0.000448787 	8.60072e-20
0.100083 	-0.00470968 	0.000469286 	3.59513e-19
0.106958 	-0.00470167 	0.00048983 	-3.32596e-19
0.114246 	-0.00468591 	0.000510439 	-3.35085e-19
0.121971 	-0.00466271 	0.000531123 	-7.85521e-19
0.13016 	-0.00463226 	0.000551885 	7.55665e-19
0.138841 	-0.00459463 	0.000572721 	2.28996e-19
0.148043 	-0.00454983 	0.000593618 	1.01932e-19
0.157797 	-0.00449775 	0.000614552 	5.05152e-19
0.168136 	-0.00443821 	0.000635492 	-1.74481e-18
0.179097 	-0.00437098 	0.000656395 	5.01322e-19
0.190715 	-0.00429571 	0.000677204 	4.19428e-19
0.20303 	-0.00421199 	0.000697849 	-8.99643e-19
0.216085 	-0.00411935 	0.000718246 	9.59169e-19
0.229923 	-0.00401715 	0.000738302 	9.22277e-20
0.244592 	-0.00390466 	0.000757907 	5.54822e-23
0.260142 	-0.00378118 	0.000776878 	5.01716e-24
0.276625 	-0.00364582 	0.000795029 	-9.90736e-20
0.294097 	-0.00349752 	0.000812134 	-5.86949e-19
0.312618 	-0.0033351 	0.000827922 	6.17385e-19
0.332251 	-0.00315719 	0.000842061 	7.30157e-20
0.353063 	-0.00296217 	0.000854148 	1.39948e-25
0.375123 	-0.00274817 	0.000863691 	-1.12168e-19
0.398508 	-0.00251293 	0.000870083 	-1.35379e-18
0.423296 	-0.00225373 	0.000872571 	1.04483e-18
0.449573 	-0.00196741 	0.000870208 	-5.10013e-19
0.477427 	-0.00164938 	0.000861834 	1.11666e-19
0.506952 	-0.00129372 	0.000845999 	6.19532e-19
0.53825 	-0.000892119 	0.000820952 	1.31141e-19
0.571427 	-0.000432497 	0.000784727 	2.2074e-20
0.606595 	0.000102839 	0.000735209 	6.57835e-20
0.643874 	0.000739257 	0.000670132 	5.81042e-19
0.683391 	0.0015088 	0.000588304 	-5.76102e-19
0.725279 	0.00246963 	0.000484206 	-9.56109e-20
0.769683 	0.00371968 	0.000351746 	7.20836e-22
0.816751 	0.00533849 	0.000188522 	2.00674e-22
0.857086 	0.0069256 	4.13403e-05 	2.63223e-22
0.882762 	0.00800546 	-5.21714e-05 	3.14888e-22
0.919545 	0.00962411 	-0.000175439 	2.49027e-19
0.975622 	0.0121724 	-0.00033282 	4.39186e-19
1.03506 	0.014891 	-0.00043785 	-9.33257e-19
1.09807 	0.0176114 	-0.000474237 	4.35427e-19
1.16486 	0.0200589 	-0.000455444 	7.57882e-19
1.23566 	0.022055 	-0.000421809 	-4.5902e-19
1.31071 	0.023625 	-0.000398508 	-6.17054e-20
1.39026 	0.0248985 	-0.000391202 	-4.13934e-20
1.47458 	0.0260061 	-0.000393923 	-3.49637e-20
1.56136 	0.0269989 	-0.000397588 	5.15048e-23
1.64568 	0.0278723 	-0.000396403 	1.51687e-22
1.71528 	0.028537 	-0.000390956 	1.97591e-22
1.75391 	0.0288873 	-0.000386455 	3.30879e-23
1.80032 	0.0292806 	-0.000379074 	9.40206e-24
1.87118 	0.0298399 	-0.000365394 	4.58036e-22
1.93802 	0.0303145 	-0.000350058 	9.81953e-20
2.00106 	0.0307155 	-0.000334131 	4.45427e-19
2.06053 	0.031053 	-0.000318333 	-5.30795e-19
2.11662 	0.0313375 	-0.000303106 	-1.92318e-19
2.16953 	0.0315767 	-0.000288666 	-1.14253e-18
2.21944 	0.0317771 	-0.000275139 	6.16177e-19
2.26652 	0.0319437 	-0.000262499 	7.56201e-19
2.31093 	0.0320809 	-0.000250718 	5.20314e-20
2.35282 	0.0321919 	-0.000239742 	-2.34891e-19
2.39233 	0.032279 	-0.000229504 	-1.2941e-18
2.42961 	0.0323447 	-0.000219945 	1.44925e-18
2.46477 	0.0323907 	-0.000211003 	9.47737e-19
2.49793 	0.0324179 	-0.000202621 	-7.60721e-19
2.52922 	0.0324273 	-0.000194747 	-2.66138e-19
2.55874 	0.0324191 	-0.000187333 	1.49982e-19
2.57806 	0.0324045 	-0.00018248 	-2.17401e-19
2.59158 	0.0323877 	-0.000179078 	-8.20349e-19
2.61285 	0.0323519 	-0.000173717 	-7.71668e-19
2.63764 	0.0322926 	-0.000167452 	1.02116e-18
2.66101 	0.0322159 	-0.000161517 	5.11955e-19
2.68307 	0.0321215 	-0.000155887 	2.32272e-23
2.70387 	0.0320094 	-0.000150545 	-3.82258e-19
2.72349 	0.0318796 	-0.000145475 	-9.06982e-19
2.742 	0.0317321 	-0.000140663 	1.01758e-18
2.75946 	0.0315672 	-0.000136095 	-4.81348e-19
2.77593 	0.0313854 	-0.00013176 	4.2021e-18
2.79147 	0.0311874 	-0.000127642 	-3.27235e-18
2.80612 	0.0309739 	-0.000123726 	-2.6794e-19
2.81995 	0.0307455 	-0.000119993 	-4.8114e-20
2.83299 	0.0305031 	-0.000116422 	-3.96235e-18
2.84529 	0.0302476 	-0.000112991 	3.65403e-18
2.85689 	0.0299795 	-0.000109676 	9.89057e-19
2.86784 	0.029699 	-0.000106449 	2.23454e-18
2.87817 	0.0294067 	-0.000103284 	-2.59954e-18
2.88791 	0.0291025 	-0.000100155 	-2.61804e-19
2.8971 	0.0287862 	-9.70397e-05 	-4.34328e-19
2.90577 	0.0284576 	-9.39155e-05 	-5.06862e-18
2.91395 	0.0281159 	-9.07653e-05 	5.17475e-18
2.92166 	0.0277606 	-8.75755e-05 	2.96646e-18
2.92894 	0.027391 	-8.43396e-05 	-5.91613e-18
2.9358 	0.0270059 	-8.10554e-05 	2.58406e-18
2.94228 	0.0266038 	-7.76941e-05 	3.99734e-19
2.94839 	0.026182 	-7.42273e-05 	-3.47149e-20
2.95415 	0.0257375 	-7.06214e-05 	5.70359e-19
2.95959 	0.025268 	-6.68786e-05 	-6.19288e-19
2.96472 	0.0247722 	-6.30201e-05 	2.36732e-20
2.96955 	0.024249 	-5.90766e-05 	7.91361e-19
2.97412 	0.0236973 	-5.50847e-05 	-2.99197e-19
2.97842 	0.0231165 	-5.1084e-05 	9.6864e-21
2.98249 	0.0225058 	-4.71137e-05 	-5.06262e-20
2.98632 	0.0218648 	-4.3211e-05 	-4.15391e-18
2.98993 	0.0211928 	-3.94093e-05 	9.0933e-18
2.99334 	0.0204893 	-3.57379e-05 	-4.59507e-18
2.99656 	0.0197535 	-3.22202e-05 	-1.64595e-18
2.99959 	0.0189846 	-2.88748e-05 	-4.48339e-18
3.00246 	0.0181821 	-2.57157e-05 	4.63452e-18
3.00516 	0.0173457 	-2.27527e-05 	-4.85765e-18
3.0077 	0.0164757 	-1.99916e-05 	5.12012e-18
3.01011 	0.0155726 	-1.74354e-05 	1.62106e-18
3.01237 	0.0146375 	-1.50849e-05 	7.441e-18
3.01451 	0.0136697 	-1.29338e-05 	-8.25739e-18
3.01653 	0.0126687 	-1.09732e-05 	-2.21248e-17
3.01843 	0.0116388 	-9.19824e-06 	1.90959e-17
3.02023 	0.0105906 	-7.60635e-06 	-2.27397e-18
3.02192 	0.00953816 	-6.19381e-06 	1.59103e-17
3.02352 	0.00849711 	-4.95587e-06 	-6.3781e-18
3.02503 	0.00748207 	-3.88594e-06 	-1.28817e-19
3.02645 	0.00650427 	-2.97513e-06 	1.96061e-17
3.02779 	0.00557064 	-2.2126e-06 	-1.85642e-17
3.02906 	0.00468434 	-1.58622e-06 	-2.16183e-18
3.03025 	0.00384576 	-1.08344e-06 	-1.17076e-23
3.03138 	0.00305373 	-6.91729e-07 	1.55402e-18
3.03244 	0.00230627 	-3.99199e-07 	9.85889e-18
3.03344 	0.00160113 	-1.94773e-07 	-1.0035e-17
3.03439 	0.000935967 	-6.7241e-08 	-5.72469e-18
3.03528 	0.000306666 	-4.24589e-09 	1.9977e-18
