0.448511 	2.99406e-11 	-1.45126e-15 	8.00218e-31 	2.99293e-11 	-9.28732e-31 	2.99349e-11
0.449297 	1.5488e-10 	-4.11109e-14 	-1.67468e-30 	1.54567e-10 	4.39528e-30 	1.54723e-10
0.45013 	8.85592e-10 	-5.00645e-13 	-2.6211e-28 	8.81841e-10 	3.31204e-28 	8.83716e-10
0.451013 	3.17237e-09 	-3.42551e-12 	6.06014e-26 	3.14712e-09 	-7.84093e-26 	3.15974e-09
0.451949 	8.56148e-09 	-1.59371e-11 	2.81562e-25 	8.44604e-09 	-2.68163e-25 	8.50376e-09
0.452942 	1.93175e-08 	-5.71672e-11 	-3.51838e-24 	1.89109e-08 	4.86606e-24 	1.91142e-08
0.453993 	3.86294e-08 	-1.70878e-10 	-1.22683e-23 	3.74373e-08 	1.21277e-23 	3.80334e-08
0.455108 	7.08824e-08 	-4.46972e-10 	4.83022e-23 	6.78265e-08 	-7.14314e-23 	6.93545e-08
0.45629 	1.21987e-07 	-1.05607e-09 	5.69386e-23 	1.14918e-07 	-3.718e-23 	1.18453e-07
0.457543 	1.99744e-07 	-2.30164e-09 	-1.86275e-22 	1.84674e-07 	2.29355e-22 	1.92209e-07
0.458871 	3.14147e-07 	-4.69216e-09 	-1.01218e-22 	2.84145e-07 	1.03203e-22 	2.99147e-07
0.460278 	4.77454e-07 	-9.02513e-09 	2.49286e-22 	4.21211e-07 	-4.99425e-22 	4.49333e-07
0.46177 	7.03618e-07 	-1.64529e-08 	7.17673e-22 	6.0399e-07 	-5.50518e-22 	6.53805e-07
0.463352 	1.00656e-06 	-2.84629e-08 	-8.67779e-22 	8.3983e-07 	1.17408e-21 	9.232e-07
0.465028 	1.39688e-06 	-4.6699e-08 	-5.12958e-23 	1.13398e-06 	6.95538e-23 	1.26543e-06
0.466805 	1.87738e-06 	-7.2594e-08 	6.41391e-22 	1.4882e-06 	-6.6731e-22 	1.68279e-06
0.468688 	2.43955e-06 	-1.06981e-07 	-1.64874e-21 	1.89985e-06 	3.08619e-21 	2.16969e-06
0.470684 	3.06384e-06 	-1.50012e-07 	-1.50788e-21 	2.36174e-06 	-1.65858e-21 	2.71277e-06
0.4728 	3.72466e-06 	-2.01481e-07 	8.75687e-21 	2.86303e-06 	-7.6022e-21 	3.29383e-06
0.475043 	4.39738e-06 	-2.61358e-07 	-9.40608e-21 	3.39109e-06 	1.76376e-20 	3.89423e-06
0.47742 	5.06327e-06 	-3.30089e-07 	-7.5613e-21 	3.93369e-06 	-1.4021e-20 	4.4985e-06
0.47994 	5.71103e-06 	-4.08562e-07 	2.7469e-20 	4.48058e-06 	-4.47756e-21 	5.09582e-06
0.482611 	6.3354e-06 	-4.97855e-07 	-2.45017e-20 	5.02432e-06 	1.72078e-20 	5.67988e-06
0.485442 	6.93506e-06 	-5.9907e-07 	-1.40185e-21 	5.56031e-06 	-2.84664e-21 	6.24774e-06
0.488443 	7.51103e-06 	-7.13289e-07 	-6.19059e-21 	6.08618e-06 	-1.66362e-20 	6.79867e-06
0.491624 	8.06531e-06 	-8.41441e-07 	1.8627e-20 	6.60119e-06 	1.31792e-21 	7.33332e-06
0.494995 	8.60028e-06 	-9.84424e-07 	-9.14819e-21 	7.1055e-06 	1.04363e-21 	7.85292e-06
0.498568 	9.11829e-06 	-1.14296e-06 	1.33999e-20 	7.60006e-06 	2.92101e-21 	8.35921e-06
0.502356 	9.62154e-06 	-1.31776e-06 	-2.8348e-21 	8.08604e-06 	5.90989e-21 	8.85387e-06
0.50637 	1.01119e-05 	-1.50959e-06 	9.11243e-22 	8.5649e-06 	9.16274e-22 	9.33852e-06
0.510625 	1.05911e-05 	-1.71908e-06 	-5.33275e-22 	9.03821e-06 	3.26347e-22 	9.81476e-06
0.515135 	1.10606e-05 	-1.94682e-06 	1.05106e-20 	9.50742e-06 	-1.30561e-20 	1.0284e-05
0.519914 	1.15213e-05 	-2.19335e-06 	4.64995e-20 	9.974e-06 	4.49783e-20 	1.07477e-05
0.52498 	1.19744e-05 	-2.45902e-06 	-7.68412e-20 	1.04394e-05 	-5.38696e-21 	1.1207e-05
0.53035 	1.24204e-05 	-2.74423e-06 	-3.41022e-20 	1.09053e-05 	-5.32109e-20 	1.1663e-05
0.53604 	1.286e-05 	-3.04938e-06 	5.34364e-20 	1.1373e-05 	1.01155e-20 	1.21167e-05
0.542072 	1.32936e-05 	-3.37461e-06 	-1.54117e-21 	1.18441e-05 	1.49222e-20 	1.2569e-05
0.548464 	1.3721e-05 	-3.71998e-06 	-8.54144e-21 	1.232e-05 	-2.55491e-21 	1.30206e-05
0.555239 	1.41428e-05 	-4.08501e-06 	2.95818e-21 	1.2802e-05 	-2.95904e-21 	1.34725e-05
0.562419 	1.45585e-05 	-4.46943e-06 	4.62279e-21 	1.32915e-05 	3.45491e-21 	1.39252e-05
0.570029 	1.49675e-05 	-4.87253e-06 	3.05529e-21 	1.37906e-05 	-1.10951e-21 	1.43791e-05
0.578094 	1.53698e-05 	-5.29317e-06 	3.82461e-20 	1.42999e-05 	-4.95723e-21 	1.48349e-05
0.586641 	1.57645e-05 	-5.72997e-06 	1.16463e-19 	1.48212e-05 	9.11105e-20 	1.52931e-05
0.595699 	1.6151e-05 	-6.18124e-06 	-1.53251e-19 	1.53559e-05 	-2.89538e-20 	1.57537e-05
0.605298 	1.65284e-05 	-6.64535e-06 	-9.56271e-20 	1.59058e-05 	-9.14958e-20 	1.62165e-05
0.615471 	1.68958e-05 	-7.11991e-06 	9.60091e-20 	1.64721e-05 	2.30953e-20 	1.66815e-05
0.626251 	1.72588e-05 	-7.59569e-06 	-1.33263e-21 	1.7046e-05 	1.75754e-20 	1.71523e-05
0.637675 	1.76427e-05 	-8.05707e-06 	-8.15779e-22 	1.76047e-05 	-6.40121e-22 	1.76291e-05
0.649781 	1.8085e-05 	-8.40552e-06 	-9.62714e-23 	1.81271e-05 	-9.80959e-22 	1.81108e-05
0.66261 	1.85968e-05 	-8.65137e-06 	-6.90245e-22 	1.86173e-05 	-4.82871e-22 	1.86059e-05
0.676203 	1.91533e-05 	-8.89407e-06 	-8.89635e-23 	1.9103e-05 	-1.13757e-22 	1.91251e-05
0.690608 	1.97285e-05 	-9.14534e-06 	-1.32996e-21 	1.96078e-05 	1.59568e-21 	1.96681e-05
0.705871 	2.03133e-05 	-9.40517e-06 	-2.30144e-20 	2.01407e-05 	3.80168e-21 	2.02277e-05
0.722043 	2.09038e-05 	-9.67195e-06 	-6.50759e-20 	2.06983e-05 	-3.94926e-20 	2.08014e-05
0.739179 	2.14943e-05 	-9.94352e-06 	7.32965e-20 	2.12767e-05 	1.56034e-20 	2.13859e-05
0.757335 	2.20778e-05 	-1.02174e-05 	9.77751e-21 	2.18714e-05 	1.35737e-20 	2.1975e-05
0.776572 	2.26467e-05 	-1.04904e-05 	-1.57817e-21 	2.24757e-05 	1.57626e-21 	2.25615e-05
0.796952 	2.31922e-05 	-1.07581e-05 	1.33502e-21 	2.30814e-05 	-4.79508e-22 	2.31371e-05
0.818545 	2.37045e-05 	-1.10162e-05 	7.26136e-21 	2.36791e-05 	1.57987e-21 	2.3692e-05
0.84142 	2.41728e-05 	-1.12595e-05 	5.17613e-21 	2.42572e-05 	4.365e-21 	2.4215e-05
0.865653 	2.45839e-05 	-1.14813e-05 	-7.35513e-21 	2.48034e-05 	9.09761e-22 	2.46939e-05
0.891325 	2.4926e-05 	-1.16757e-05 	-3.09225e-20 	2.53031e-05 	-2.89648e-21 	2.51147e-05
0.91852 	2.51851e-05 	-1.1836e-05 	-4.25445e-20 	2.57413e-05 	-1.75813e-20 	2.54632e-05
0.947326 	2.53475e-05 	-1.19548e-05 	4.39385e-20 	2.61017e-05 	4.61026e-21 	2.57244e-05
0.977839 	2.53997e-05 	-1.20251e-05 	2.00233e-20 	2.63678e-05 	7.02864e-21 	2.58832e-05
1.00376 	2.53548e-05 	-1.20424e-05 	1.89009e-24 	2.65048e-05 	2.34326e-21 	2.59292e-05
1.02039 	2.52877e-05 	-1.20351e-05 	7.21444e-22 	2.65534e-05 	7.44739e-22 	2.592e-05
1.04439 	2.51277e-05 	-1.19936e-05 	4.26081e-23 	2.65557e-05 	6.79714e-23 	2.58412e-05
1.08065 	2.47851e-05 	-1.1881e-05 	-5.74302e-23 	2.64479e-05 	-1.16435e-23 	2.56158e-05
1.11905 	2.42927e-05 	-1.16967e-05 	3.8735e-22 	2.6187e-05 	-5.1799e-22 	2.52394e-05
1.15971 	2.36469e-05 	-1.14379e-05 	1.07615e-20 	2.57639e-05 	-5.37455e-22 	2.47051e-05
1.20277 	2.28478e-05 	-1.11032e-05 	4.99007e-20 	2.51746e-05 	9.60805e-21 	2.40108e-05
1.24837 	2.18997e-05 	-1.06944e-05 	-4.20671e-20 	2.44221e-05 	-5.81691e-21 	2.31604e-05
1.29664 	2.08129e-05 	-1.02166e-05 	6.44393e-20 	2.3517e-05 	7.75562e-21 	2.21642e-05
1.34775 	1.96025e-05 	-9.67606e-06 	-6.16998e-20 	2.24757e-05 	-5.4638e-21 	2.10384e-05
1.40187 	1.82974e-05 	-9.08631e-06 	9.01734e-21 	2.133e-05 	-5.41224e-21 	1.98133e-05
1.45915 	1.69308e-05 	-8.46304e-06 	1.36363e-19 	2.01145e-05 	1.6352e-20 	1.85221e-05
1.51979 	1.55385e-05 	-7.82229e-06 	-1.25313e-19 	1.88664e-05 	-8.3719e-21 	1.72019e-05
1.58397 	1.4155e-05 	-7.18016e-06 	-1.60312e-20 	1.76214e-05 	-4.43756e-21 	1.5888e-05
1.65191 	1.28146e-05 	-6.55042e-06 	-6.86088e-21 	1.64053e-05 	-9.00811e-22 	1.46094e-05
1.7238 	1.15407e-05 	-5.94369e-06 	-2.42551e-22 	1.52363e-05 	-7.41829e-23 	1.33883e-05
1.79768 	1.03641e-05 	-5.37389e-06 	-2.39163e-22 	1.41386e-05 	-1.59409e-24 	1.22508e-05
1.86934 	9.32803e-06 	-4.86303e-06 	3.60292e-23 	1.31585e-05 	1.0796e-23 	1.12429e-05
1.93684 	8.44646e-06 	-4.40083e-06 	-2.47849e-22 	1.22995e-05 	-2.27954e-23 	1.0372e-05
2.00043 	7.72196e-06 	-3.92954e-06 	4.3675e-22 	1.15172e-05 	2.67884e-23 	9.61898e-06
2.06034 	7.1361e-06 	-3.45419e-06 	-3.67087e-22 	1.07798e-05 	-8.44021e-24 	8.95884e-06
2.09229 	6.84724e-06 	-3.20687e-06 	-3.00058e-22 	1.03885e-05 	8.66356e-23 	8.61863e-06
2.11968 	6.62042e-06 	-3.00785e-06 	1.64877e-21 	1.00556e-05 	1.11327e-21 	8.33796e-06
2.16998 	6.22166e-06 	-2.64469e-06 	-4.15806e-20 	9.44668e-06 	-1.45174e-21 	7.83372e-06
2.2201 	5.85163e-06 	-2.28414e-06 	-5.74591e-20 	8.84948e-06 	-1.19033e-20 	7.35059e-06
2.26733 	5.52344e-06 	-1.94362e-06 	5.29911e-19 	8.29908e-06 	2.2472e-20 	6.91125e-06
2.31185 	5.231e-06 	-1.62186e-06 	-2.69469e-19 	7.79277e-06 	1.77314e-20 	6.51164e-06
2.35381 	4.96956e-06 	-1.31757e-06 	-7.61854e-19 	7.32857e-06 	-4.11585e-20 	6.14893e-06
2.39336 	4.73658e-06 	-1.03082e-06 	5.42929e-19 	6.90418e-06 	-1.91447e-21 	5.82045e-06
2.43064 	4.53055e-06 	-7.61573e-07 	6.73371e-20 	6.51749e-06 	2.22239e-20 	5.52401e-06
2.46578 	4.34989e-06 	-5.08849e-07 	-2.82481e-19 	6.1672e-06 	-1.23734e-20 	5.25824e-06
2.49891 	4.19203e-06 	-2.71699e-07 	2.16632e-19 	5.85208e-06 	-2.29188e-21 	5.02187e-06
2.53015 	4.05659e-06 	-4.93624e-08 	4.40253e-20 	5.57082e-06 	6.01015e-21 	4.8136e-06
2.5596 	3.94283e-06 	1.59218e-07 	2.94329e-20 	5.32265e-06 	4.93014e-22 	4.63268e-06
2.58736 	3.8502e-06 	3.55292e-07 	2.87475e-20 	5.107e-06 	-5.95758e-21 	4.47855e-06
2.61354 	3.77831e-06 	5.39107e-07 	2.10879e-19 	4.92339e-06 	2.30182e-20 	4.35085e-06
2.63822 	3.72707e-06 	7.11552e-07 	-4.46936e-19 	4.77123e-06 	-1.05885e-20 	4.24916e-06
2.6615 	3.69621e-06 	8.73613e-07 	1.80198e-19 	4.64997e-06 	-1.16725e-20 	4.17308e-06
2.68344 	3.68543e-06 	1.02631e-06 	7.53687e-22 	4.55878e-06 	6.93605e-21 	4.12208e-06
2.70414 	3.69416e-06 	1.16992e-06 	2.38361e-21 	4.49654e-06 	-1.58159e-21 	4.09535e-06
2.72365 	3.72178e-06 	1.30461e-06 	3.02618e-20 	4.4617e-06 	-1.15835e-20 	4.09172e-06
2.74206 	3.76699e-06 	1.43123e-06 	2.27449e-19 	4.45248e-06 	4.61655e-21 	4.10977e-06
2.75941 	3.82853e-06 	1.5501e-06 	1.06704e-20 	4.46636e-06 	1.60734e-20 	4.14743e-06
2.77578 	3.9042e-06 	1.66122e-06 	-8.71462e-20 	4.50073e-06 	3.2779e-20 	4.20246e-06
2.79122 	3.9918e-06 	1.76477e-06 	-5.37244e-19 	4.55242e-06 	-3.51219e-20 	4.2721e-06
2.80577 	4.08874e-06 	1.8608e-06 	3.21076e-19 	4.6181e-06 	-2.68188e-20 	4.35341e-06
2.8195 	4.19227e-06 	1.94936e-06 	3.01861e-20 	4.69436e-06 	4.35372e-20 	4.44333e-06
2.83245 	4.2997e-06 	2.03045e-06 	-3.33595e-19 	4.77776e-06 	-2.54611e-20 	4.53869e-06
2.84466 	4.40815e-06 	2.10423e-06 	2.99243e-19 	4.86513e-06 	-1.9675e-20 	4.63658e-06
2.85618 	4.51534e-06 	2.17181e-06 	3.08727e-20 	4.95314e-06 	2.23099e-20 	4.73431e-06
2.86705 	4.61969e-06 	2.23372e-06 	-1.77079e-20 	5.03859e-06 	5.46411e-21 	4.82923e-06
2.87729 	4.72019e-06 	2.27885e-06 	-2.44516e-20 	5.11822e-06 	-7.12481e-21 	4.91916e-06
2.88696 	4.81276e-06 	2.31842e-06 	5.74915e-20 	5.1917e-06 	-3.28492e-20 	5.0022e-06
2.89607 	4.89425e-06 	2.35326e-06 	3.21612e-19 	5.25714e-06 	3.2897e-20 	5.07571e-06
2.90467 	4.96256e-06 	2.38242e-06 	-2.4487e-19 	5.31222e-06 	3.69968e-21 	5.13737e-06
2.91278 	5.01636e-06 	2.40524e-06 	2.13498e-19 	5.35512e-06 	8.33251e-21 	5.18573e-06
2.92043 	5.05547e-06 	2.42181e-06 	-2.66918e-19 	5.38469e-06 	2.6741e-20 	5.22004e-06
2.92764 	5.08032e-06 	2.43165e-06 	-9.84203e-20 	5.40059e-06 	1.27439e-20 	5.24041e-06
2.93445 	5.09212e-06 	2.43466e-06 	-3.54008e-19 	5.40269e-06 	-7.47358e-20 	5.24742e-06
2.94087 	5.0925e-06 	2.43075e-06 	5.1995e-19 	5.39109e-06 	-2.11239e-20 	5.24183e-06
2.94693 	5.08258e-06 	2.41576e-06 	-7.28786e-20 	5.36608e-06 	7.05558e-20 	5.22432e-06
2.95264 	5.06204e-06 	2.39829e-06 	-1.30819e-19 	5.32912e-06 	-2.39955e-20 	5.19556e-06
2.95802 	5.03087e-06 	2.37735e-06 	1.07019e-19 	5.28083e-06 	-1.57676e-20 	5.15585e-06
2.96311 	4.9891e-06 	2.35264e-06 	1.78094e-20 	5.22157e-06 	1.27358e-20 	5.10533e-06
2.9679 	4.93668e-06 	2.32455e-06 	-4.50091e-22 	5.1514e-06 	4.77446e-21 	5.04403e-06
2.97242 	4.8734e-06 	2.29271e-06 	-1.41344e-20 	5.07025e-06 	1.19959e-21 	4.97183e-06
2.97669 	4.7988e-06 	2.25667e-06 	-1.02134e-20 	4.97786e-06 	-2.43047e-21 	4.88833e-06
2.98071 	4.71221e-06 	2.21634e-06 	2.29842e-21 	4.87371e-06 	-2.34289e-21 	4.79295e-06
2.98451 	4.6127e-06 	2.171e-06 	5.62665e-21 	4.75702e-06 	-1.26562e-21 	4.68486e-06
2.98809 	4.49906e-06 	2.11992e-06 	6.91033e-21 	4.62664e-06 	1.15615e-21 	4.56285e-06
2.99147 	4.36953e-06 	2.05686e-06 	-1.37618e-23 	4.48064e-06 	1.11421e-21 	4.42509e-06
2.99465 	4.22175e-06 	1.98485e-06 	2.19652e-23 	4.31717e-06 	-2.36732e-21 	4.26946e-06
2.99766 	4.05334e-06 	1.90327e-06 	8.16785e-21 	4.13424e-06 	-9.89754e-21 	4.09378e-06
3.00049 	3.86217e-06 	1.81127e-06 	3.38172e-20 	3.92988e-06 	3.34449e-20 	3.89602e-06
3.00317 	3.64654e-06 	1.70835e-06 	-9.64273e-20 	3.70248e-06 	-1.23017e-20 	3.67451e-06
3.00569 	3.40549e-06 	1.59399e-06 	5.09532e-20 	3.45104e-06 	-2.39969e-20 	3.42826e-06
3.00807 	3.13904e-06 	1.46804e-06 	6.67025e-21 	3.17558e-06 	5.85782e-21 	3.15731e-06
3.01032 	2.84844e-06 	1.32931e-06 	1.60743e-20 	2.87721e-06 	8.40916e-21 	2.86282e-06
3.01243 	2.53599e-06 	1.1696e-06 	-1.3394e-20 	2.55798e-06 	-1.03812e-21 	2.54698e-06
3.01443 	2.20663e-06 	9.9528e-07 	9.38622e-21 	2.22288e-06 	1.37892e-21 	2.21475e-06
3.01632 	1.86903e-06 	8.14717e-07 	-8.29347e-21 	1.8806e-06 	3.65185e-21 	1.87482e-06
3.01809 	1.53512e-06 	6.36496e-07 	-1.07777e-21 	1.543e-06 	-1.43887e-21 	1.53906e-06
3.01977 	1.2186e-06 	4.70936e-07 	-1.59587e-21 	1.22371e-06 	7.522e-21 	1.22115e-06
3.02135 	9.32621e-07 	3.27769e-07 	-7.65867e-21 	9.35748e-07 	-5.53214e-21 	9.34184e-07
3.02285 	6.87083e-07 	2.13474e-07 	4.25661e-21 	6.88881e-07 	-4.1748e-21 	6.87982e-07
3.02425 	4.86817e-07 	1.2964e-07 	9.13769e-22 	4.87782e-07 	1.53746e-21 	4.87299e-07
3.02558 	3.3136e-07 	7.32047e-08 	8.98169e-23 	3.31841e-07 	-4.30152e-22 	3.31601e-07
3.02683 	2.16198e-07 	3.83085e-08 	4.24184e-22 	2.16419e-07 	3.53162e-22 	2.16309e-07
3.02802 	1.34621e-07 	1.84722e-08 	-1.44214e-22 	1.34714e-07 	2.77233e-22 	1.34668e-07
3.02913 	7.93785e-08 	8.12401e-09 	-4.33176e-23 	7.94139e-08 	-5.76966e-23 	7.93962e-08
3.03018 	4.37602e-08 	3.20291e-09 	1.08659e-25 	4.37722e-08 	-3.08459e-23 	4.37662e-08
3.03118 	2.20987e-08 	1.10062e-09 	3.09248e-24 	2.21022e-08 	3.3578e-24 	2.21004e-08
3.03211 	9.89013e-09 	3.15137e-10 	-4.5312e-25 	9.89093e-09 	1.73746e-24 	9.89053e-09
3.03299 	3.71058e-09 	6.9925e-11 	-1.0836e-25 	3.71072e-09 	-1.10402e-25 	3.71066e-09
3.03383 	1.05837e-09 	1.06915e-11 	-4.94586e-28 	1.05838e-09 	-4.05024e-26 	1.05838e-09
3.03461 	1.93854e-10 	9.37305e-13 	3.07588e-29 	1.93855e-10 	-5.50715e-27 	1.93854e-10
3.03535 	3.80294e-11 	3.45788e-14 	2.89995e-29 	3.80294e-11 	1.85352e-28 	3.80294e-11
