0.00043385 	3.1133e-11 	4.44197e-15 	7.28449e-30 	3.1133e-11 	-1.85481e-28 	3.1133e-11
0.00132759 	1.13764e-10 	1.14243e-13 	-2.05272e-28 	1.13765e-10 	-5.25372e-27 	1.13765e-10
0.00227498 	6.16831e-10 	1.2585e-12 	5.46778e-29 	6.16841e-10 	4.06478e-26 	6.16836e-10
0.00327924 	2.15943e-09 	7.94172e-12 	7.03731e-27 	2.15952e-09 	3.10209e-25 	2.15947e-09
0.00434378 	5.75346e-09 	3.44523e-11 	6.65294e-26 	5.75399e-09 	-8.70122e-25 	5.75373e-09
0.00547221 	1.28606e-08 	1.15511e-10 	-6.51166e-26 	1.28629e-08 	-7.06426e-24 	1.28618e-08
0.00666839 	2.55022e-08 	3.21923e-10 	-1.50376e-24 	2.551e-08 	8.78389e-24 	2.55061e-08
0.00793636 	4.63959e-08 	7.80637e-10 	1.94261e-24 	4.64193e-08 	4.30011e-23 	4.64076e-08
0.00928045 	7.91085e-08 	1.69546e-09 	3.16227e-25 	7.91714e-08 	-5.14927e-23 	7.91399e-08
0.0107052 	1.28196e-07 	3.35766e-09 	-1.75654e-29 	1.28351e-07 	-6.61951e-24 	1.28274e-07
0.0122155 	1.99279e-07 	6.12225e-09 	-1.35343e-29 	1.99631e-07 	1.92007e-28 	1.99456e-07
0.0138164 	2.98922e-07 	1.03073e-08 	-4.88471e-29 	2.99677e-07 	-1.03009e-22 	2.99299e-07
0.0155135 	4.34145e-07 	1.5961e-08 	-2.29128e-23 	4.35676e-07 	-3.96601e-22 	4.3491e-07
0.0173124 	6.11352e-07 	2.24786e-08 	-6.75359e-23 	6.14296e-07 	1.07863e-21 	6.12825e-07
0.0192193 	8.34626e-07 	2.82171e-08 	1.6233e-22 	8.40009e-07 	3.21091e-21 	8.37317e-07
0.0212406 	1.10387e-06 	3.04515e-08 	7.97484e-22 	1.11322e-06 	-4.55398e-21 	1.10854e-06
0.0233833 	1.41379e-06 	2.59972e-08 	-1.10539e-21 	1.42922e-06 	-5.16347e-21 	1.4215e-06
0.0256546 	1.75478e-06 	1.23295e-08 	-7.69147e-23 	1.77901e-06 	6.21465e-21 	1.76689e-06
0.0280623 	2.11541e-06 	-1.15814e-08 	1.76928e-22 	2.15167e-06 	2.49058e-21 	2.13354e-06
0.0306144 	2.48515e-06 	-4.52957e-08 	9.13546e-22 	2.53709e-06 	-7.03241e-21 	2.51112e-06
0.0333198 	2.85602e-06 	-8.75974e-08 	-3.09666e-21 	2.92758e-06 	-1.7312e-21 	2.8918e-06
0.0361875 	3.22288e-06 	-1.37161e-07 	1.84922e-21 	3.31822e-06 	1.19189e-20 	3.27056e-06
0.0392274 	3.58298e-06 	-1.92856e-07 	2.31427e-22 	3.7064e-06 	-5.24159e-21 	3.64469e-06
0.0424498 	3.9352e-06 	-2.53989e-07 	-4.65574e-23 	4.0911e-06 	-3.94925e-21 	4.01315e-06
0.0458656 	4.27943e-06 	-3.20141e-07 	-1.85401e-21 	4.47231e-06 	-1.48029e-20 	4.37588e-06
0.0494864 	4.61617e-06 	-3.911e-07 	-7.0241e-21 	4.85062e-06 	2.73539e-20 	4.7334e-06
0.0533246 	4.94619e-06 	-4.66917e-07 	1.40513e-20 	5.22688e-06 	2.88717e-20 	5.08654e-06
0.0573931 	5.27039e-06 	-5.47666e-07 	4.03473e-21 	5.60208e-06 	-4.53304e-20 	5.43624e-06
0.0617059 	5.58972e-06 	-6.33516e-07 	-8.03834e-21 	5.97727e-06 	-9.44687e-21 	5.7835e-06
0.0662775 	5.90514e-06 	-7.24755e-07 	-8.8699e-22 	6.35346e-06 	2.43183e-20 	6.1293e-06
0.0711236 	6.21756e-06 	-8.2167e-07 	4.36955e-21 	6.73166e-06 	-4.3686e-21 	6.47461e-06
0.0762605 	6.52789e-06 	-9.24547e-07 	-3.28939e-21 	7.1128e-06 	2.94773e-21 	6.82035e-06
0.0817058 	6.83698e-06 	-1.03372e-06 	8.23453e-21 	7.49779e-06 	-5.2701e-21 	7.16739e-06
0.087478 	7.14569e-06 	-1.14962e-06 	-9.28601e-21 	7.8875e-06 	-1.74906e-20 	7.5166e-06
0.0935966 	7.45485e-06 	-1.27266e-06 	-9.08887e-22 	8.28274e-06 	1.49416e-20 	7.8688e-06
0.100083 	7.76534e-06 	-1.40326e-06 	-8.5103e-23 	8.68433e-06 	1.3485e-21 	8.22483e-06
0.106958 	8.07798e-06 	-1.5419e-06 	-8.17942e-23 	9.09294e-06 	6.52521e-22 	8.58547e-06
0.114246 	8.39363e-06 	-1.6891e-06 	4.6876e-22 	9.50932e-06 	7.03748e-21 	8.95148e-06
0.121971 	8.71326e-06 	-1.84535e-06 	3.50993e-21 	9.93422e-06 	-6.3274e-21 	9.32374e-06
0.13016 	9.03782e-06 	-2.01121e-06 	-7.5135e-21 	1.03683e-05 	-1.07268e-20 	9.70303e-06
0.138841 	9.36827e-06 	-2.18728e-06 	3.45236e-21 	1.0812e-05 	4.68724e-21 	1.00901e-05
0.148043 	9.70578e-06 	-2.37416e-06 	2.11689e-21 	1.12662e-05 	-1.6696e-20 	1.0486e-05
0.157797 	1.00514e-05 	-2.5725e-06 	-8.26618e-21 	1.17312e-05 	1.79143e-20 	1.08913e-05
0.168136 	1.04065e-05 	-2.78295e-06 	6.09122e-21 	1.22078e-05 	2.64885e-20 	1.13071e-05
0.179097 	1.07723e-05 	-3.00621e-06 	7.40892e-22 	1.26965e-05 	-2.095e-20 	1.17344e-05
0.190715 	1.11503e-05 	-3.24298e-06 	3.28912e-21 	1.31977e-05 	-7.98194e-21 	1.2174e-05
0.20303 	1.15419e-05 	-3.49399e-06 	1.79133e-21 	1.37119e-05 	3.12029e-21 	1.26269e-05
0.216085 	1.19489e-05 	-3.75998e-06 	-5.60507e-21 	1.42395e-05 	8.53955e-21 	1.30942e-05
0.229923 	1.2373e-05 	-4.04165e-06 	-1.68305e-22 	1.47809e-05 	-5.12529e-21 	1.3577e-05
0.244592 	1.28158e-05 	-4.33971e-06 	-2.88586e-26 	1.53363e-05 	-5.17621e-22 	1.40761e-05
0.260142 	1.32793e-05 	-4.65487e-06 	2.08004e-25 	1.59062e-05 	1.39619e-21 	1.45928e-05
0.276625 	1.37655e-05 	-4.98774e-06 	-1.97059e-21 	1.64903e-05 	1.19764e-20 	1.51279e-05
0.294097 	1.42763e-05 	-5.33885e-06 	-1.79861e-20 	1.70888e-05 	-6.67454e-21 	1.56825e-05
0.312618 	1.48132e-05 	-5.70863e-06 	1.79713e-20 	1.77015e-05 	-1.86224e-20 	1.62574e-05
0.332251 	1.53784e-05 	-6.0974e-06 	1.9493e-21 	1.83277e-05 	9.98926e-21 	1.68531e-05
0.353063 	1.59733e-05 	-6.50512e-06 	2.33295e-25 	1.8967e-05 	1.88592e-21 	1.74701e-05
0.375123 	1.65991e-05 	-6.93164e-06 	-6.83965e-24 	1.96179e-05 	1.8042e-24 	1.81085e-05
0.398508 	1.72565e-05 	-7.37636e-06 	3.94413e-25 	2.02788e-05 	-2.13893e-21 	1.87677e-05
0.423296 	1.79456e-05 	-7.83819e-06 	8.42549e-21 	2.09471e-05 	-2.53884e-20 	1.94463e-05
0.449573 	1.86654e-05 	-8.31556e-06 	8.58718e-20 	2.16195e-05 	8.05634e-21 	2.01425e-05
0.477427 	1.94142e-05 	-8.80582e-06 	-8.18464e-20 	2.22911e-05 	4.12897e-20 	2.08527e-05
0.506952 	2.01878e-05 	-9.30557e-06 	-1.04962e-20 	2.29559e-05 	-1.9127e-20 	2.15719e-05
0.53825 	2.09804e-05 	-9.8102e-06 	-4.06406e-25 	2.36064e-05 	-4.90853e-22 	2.22927e-05
0.571427 	2.17841e-05 	-1.03241e-05 	-1.2187e-20 	2.42302e-05 	1.06622e-20 	2.30061e-05
0.606595 	2.25966e-05 	-1.08821e-05 	-2.9827e-20 	2.48033e-05 	-3.4124e-21 	2.37023e-05
0.643874 	2.34429e-05 	-1.12838e-05 	2.60783e-20 	2.52812e-05 	-1.71684e-20 	2.43643e-05
0.683391 	2.42762e-05 	-1.15906e-05 	8.42199e-21 	2.56692e-05 	5.72778e-21 	2.49709e-05
0.725279 	2.50025e-05 	-1.18384e-05 	-1.22467e-23 	2.59594e-05 	2.02316e-21 	2.54799e-05
0.769683 	2.55391e-05 	-1.2004e-05 	3.1148e-24 	2.61067e-05 	-4.06629e-24 	2.58228e-05
0.816751 	2.5828e-05 	-1.20598e-05 	-4.93176e-22 	2.60449e-05 	-1.37729e-23 	2.59366e-05
0.866645 	2.5833e-05 	-1.19867e-05 	-6.87496e-22 	2.57233e-05 	-1.9032e-23 	2.57781e-05
0.919534 	2.55281e-05 	-1.1773e-05 	5.2361e-22 	2.51133e-05 	1.13345e-23 	2.53206e-05
0.975597 	2.49023e-05 	-1.14164e-05 	6.28691e-22 	2.42125e-05 	4.08094e-22 	2.45573e-05
1.03503 	2.39672e-05 	-1.09253e-05 	-5.8159e-21 	2.30451e-05 	1.65137e-21 	2.35061e-05
1.09802 	2.27632e-05 	-1.03216e-05 	-1.2087e-20 	2.16627e-05 	-7.6594e-22 	2.2213e-05
1.14865 	2.17082e-05 	-9.80664e-06 	1.17495e-20 	2.05092e-05 	-2.83322e-21 	2.11087e-05
1.18301 	2.0968e-05 	-9.45105e-06 	2.87479e-20 	1.97236e-05 	-2.3399e-21 	2.03457e-05
1.23559 	1.98472e-05 	-8.91922e-06 	2.66702e-20 	1.8562e-05 	8.88398e-23 	1.92045e-05
1.31062 	1.83134e-05 	-8.20069e-06 	-2.62135e-20 	1.70113e-05 	2.87043e-21 	1.76624e-05
1.39016 	1.68397e-05 	-7.5185e-06 	-1.88557e-20 	1.55551e-05 	7.6196e-22 	1.61975e-05
1.47447 	1.54722e-05 	-6.88977e-06 	-4.90776e-20 	1.42258e-05 	-3.51853e-22 	1.48493e-05
1.56124 	1.42445e-05 	-6.32208e-06 	5.45697e-20 	1.30423e-05 	-2.86693e-21 	1.36436e-05
1.64556 	1.31799e-05 	-5.83073e-06 	-4.89275e-21 	1.20178e-05 	9.89677e-22 	1.25992e-05
1.72509 	1.22617e-05 	-5.4082e-06 	1.73191e-20 	1.11264e-05 	-2.53016e-22 	1.16938e-05
1.80013 	1.14638e-05 	-5.02778e-06 	1.6427e-20 	1.03342e-05 	-4.39467e-23 	1.08995e-05
1.87091 	1.07551e-05 	-4.61844e-06 	-1.28575e-22 	9.62583e-06 	2.02293e-21 	1.01905e-05
1.93769 	1.01077e-05 	-4.19968e-06 	-7.86026e-20 	8.99171e-06 	1.06444e-20 	9.54928e-06
2.00069 	9.50671e-06 	-3.78998e-06 	-4.48611e-19 	8.42245e-06 	-7.66395e-21 	8.9646e-06
2.06012 	8.94838e-06 	-3.39017e-06 	4.83488e-19 	7.90837e-06 	-1.77073e-20 	8.42815e-06
2.11618 	8.43008e-06 	-3.00443e-06 	7.33287e-20 	7.44073e-06 	1.58881e-20 	7.93542e-06
2.16907 	7.95052e-06 	-2.63395e-06 	-2.26705e-19 	7.01385e-06 	-2.86368e-21 	7.48193e-06
2.21896 	7.50631e-06 	-2.27946e-06 	2.36541e-19 	6.62464e-06 	-6.19265e-21 	7.06532e-06
2.26603 	7.09549e-06 	-1.94226e-06 	4.8933e-21 	6.27e-06 	4.93836e-21 	6.68296e-06
2.31043 	6.71675e-06 	-1.6216e-06 	4.19775e-23 	5.94669e-06 	5.0302e-23 	6.33193e-06
2.35232 	6.36804e-06 	-1.31758e-06 	2.00089e-23 	5.65293e-06 	3.82999e-25 	6.01076e-06
2.39184 	6.04862e-06 	-1.02986e-06 	1.21931e-23 	5.38669e-06 	-3.79581e-21 	5.71766e-06
2.42912 	5.75681e-06 	-7.58646e-07 	1.18374e-19 	5.14681e-06 	-1.04711e-20 	5.45173e-06
2.46429 	5.49183e-06 	-5.0365e-07 	2.66105e-19 	4.93204e-06 	1.29305e-20 	5.21195e-06
2.49746 	5.25337e-06 	-2.63852e-07 	-2.29078e-19 	4.74129e-06 	1.26962e-20 	4.99744e-06
2.52876 	5.04117e-06 	-3.88093e-08 	-1.39074e-19 	4.57371e-06 	-6.46091e-21 	4.80752e-06
2.55829 	4.85482e-06 	1.71854e-07 	-1.12718e-21 	4.42884e-06 	-1.08789e-20 	4.64188e-06
2.57764 	4.74064e-06 	3.08993e-07 	4.40747e-20 	4.34135e-06 	-1.19417e-20 	4.54101e-06
2.59116 	4.66651e-06 	4.0424e-07 	1.70772e-19 	4.28552e-06 	-1.02733e-20 	4.47603e-06
2.61242 	4.55836e-06 	5.53285e-07 	2.35673e-19 	4.20547e-06 	7.86102e-21 	4.38194e-06
2.63721 	4.44805e-06 	7.25704e-07 	-5.26142e-20 	4.1266e-06 	1.81106e-20 	4.28734e-06
2.66059 	4.36285e-06 	8.86764e-07 	-1.45765e-19 	4.06947e-06 	-5.30092e-21 	4.21615e-06
2.68265 	4.30227e-06 	1.03746e-06 	4.46982e-20 	4.03379e-06 	-2.64398e-22 	4.16802e-06
2.70346 	4.26564e-06 	1.17882e-06 	-1.11011e-19 	4.0191e-06 	1.20803e-20 	4.14239e-06
2.7231 	4.2521e-06 	1.3115e-06 	-1.36938e-19 	4.02467e-06 	2.73027e-21 	4.13838e-06
2.74162 	4.26027e-06 	1.4361e-06 	-1.51314e-19 	4.04958e-06 	-3.49372e-20 	4.15492e-06
2.75909 	4.28865e-06 	1.55351e-06 	3.78118e-19 	4.09252e-06 	-4.92474e-21 	4.19054e-06
2.77557 	4.33524e-06 	1.66443e-06 	-6.11363e-20 	4.152e-06 	2.14396e-20 	4.24359e-06
2.79112 	4.39794e-06 	1.76933e-06 	7.30178e-20 	4.22619e-06 	9.38366e-21 	4.31206e-06
2.80579 	4.47446e-06 	1.86833e-06 	-1.7269e-19 	4.31301e-06 	2.70989e-20 	4.39373e-06
2.81963 	4.56231e-06 	1.96148e-06 	-2.47027e-19 	4.41029e-06 	-3.41755e-20 	4.48629e-06
2.83268 	4.65895e-06 	2.04901e-06 	2.04418e-19 	4.51577e-06 	-2.69247e-20 	4.58737e-06
2.845 	4.7619e-06 	2.13131e-06 	6.79515e-20 	4.62714e-06 	1.76779e-20 	4.69453e-06
2.85662 	4.8688e-06 	2.21034e-06 	1.7711e-20 	4.74215e-06 	5.87896e-21 	4.80548e-06
2.86758 	4.97729e-06 	2.2828e-06 	-4.69401e-21 	4.85891e-06 	-9.81829e-21 	4.91809e-06
2.87792 	5.08502e-06 	2.33835e-06 	9.3386e-20 	4.97568e-06 	1.38242e-20 	5.03038e-06
2.88767 	5.19002e-06 	2.38944e-06 	-1.02651e-19 	5.08957e-06 	2.63323e-20 	5.1398e-06
2.89687 	5.28856e-06 	2.43754e-06 	-1.3103e-19 	5.19685e-06 	-2.57206e-20 	5.24274e-06
2.90555 	5.37702e-06 	2.48066e-06 	9.34178e-20 	5.2937e-06 	-1.75686e-20 	5.33535e-06
2.91374 	5.45213e-06 	2.51743e-06 	2.14405e-20 	5.3772e-06 	1.19898e-20 	5.41467e-06
2.92147 	5.51177e-06 	2.54728e-06 	-9.44836e-22 	5.44524e-06 	2.63917e-21 	5.47849e-06
2.92876 	5.55455e-06 	2.56919e-06 	-2.42246e-22 	5.49644e-06 	-7.84435e-24 	5.52548e-06
2.93563 	5.5797e-06 	2.58292e-06 	4.20627e-22 	5.53001e-06 	1.2952e-23 	5.55486e-06
2.94212 	5.58699e-06 	2.58829e-06 	-1.54867e-21 	5.54551e-06 	-5.37255e-23 	5.56624e-06
2.94824 	5.57634e-06 	2.58507e-06 	1.84857e-21 	5.5428e-06 	-1.39958e-21 	5.55957e-06
2.95401 	5.54791e-06 	2.57359e-06 	7.25561e-21 	5.52185e-06 	-1.51383e-20 	5.53487e-06
2.95945 	5.50179e-06 	2.55398e-06 	7.76393e-20 	5.48274e-06 	1.60697e-20 	5.49227e-06
2.96459 	5.43818e-06 	2.5259e-06 	-6.91067e-20 	5.42544e-06 	1.33583e-20 	5.43181e-06
2.96944 	5.35705e-06 	2.48926e-06 	1.60355e-21 	5.34989e-06 	-1.12815e-20 	5.35346e-06
2.97401 	5.25827e-06 	2.4444e-06 	-7.42145e-21 	5.25594e-06 	1.25661e-21 	5.2571e-06
2.97832 	5.14151e-06 	2.3912e-06 	-6.50291e-21 	5.14317e-06 	-1.24374e-21 	5.14233e-06
2.98239 	5.00615e-06 	2.32913e-06 	-1.32433e-26 	5.01101e-06 	-3.81991e-21 	5.00857e-06
2.98623 	4.85136e-06 	2.25757e-06 	8.41864e-21 	4.8586e-06 	-1.62309e-20 	4.85498e-06
2.98985 	4.67607e-06 	2.17638e-06 	5.47012e-20 	4.68493e-06 	1.77703e-20 	4.68049e-06
2.99326 	4.47902e-06 	2.085e-06 	-4.61987e-20 	4.48882e-06 	1.30065e-20 	4.48392e-06
2.99649 	4.25891e-06 	1.98274e-06 	-8.57689e-22 	4.26904e-06 	-1.20252e-20 	4.26398e-06
2.99953 	4.01456e-06 	1.86912e-06 	1.59667e-21 	4.02452e-06 	1.76701e-21 	4.01953e-06
3.00239 	3.7451e-06 	1.74364e-06 	-6.52724e-21 	3.75449e-06 	1.27762e-21 	3.7498e-06
3.0051 	3.45011e-06 	1.60498e-06 	-3.06084e-21 	3.4586e-06 	-1.55411e-21 	3.45435e-06
3.00765 	3.12933e-06 	1.4448e-06 	-2.97342e-23 	3.13666e-06 	6.39184e-22 	3.133e-06
3.01006 	2.78435e-06 	1.26855e-06 	-1.93305e-21 	2.79042e-06 	1.03376e-20 	2.78739e-06
3.01233 	2.41984e-06 	1.0788e-06 	-1.37616e-20 	2.42466e-06 	-9.82531e-21 	2.42225e-06
3.01447 	2.04428e-06 	8.80775e-07 	9.88357e-21 	2.04791e-06 	-7.38565e-21 	2.0461e-06
3.01649 	1.67031e-06 	6.83353e-07 	1.67538e-21 	1.6729e-06 	3.8665e-21 	1.6716e-06
3.0184 	1.31378e-06 	4.98502e-07 	4.73864e-22 	1.31552e-06 	-6.80176e-21 	1.31464e-06
3.0202 	9.91079e-07 	3.3864e-07 	4.72004e-21 	9.92169e-07 	5.43526e-21 	9.91623e-07
3.0219 	7.15344e-07 	2.12619e-07 	-2.78372e-21 	7.15975e-07 	3.3629e-21 	7.1566e-07
3.0235 	4.93293e-07 	1.22783e-07 	-2.20793e-22 	4.93629e-07 	-1.63626e-21 	4.93461e-07
3.02501 	3.24474e-07 	6.49928e-08 	-2.13385e-23 	3.24637e-07 	3.23009e-22 	3.24556e-07
3.02643 	2.02909e-07 	3.1401e-08 	-1.43376e-22 	2.02981e-07 	-2.35061e-22 	2.02945e-07
3.02778 	1.19828e-07 	1.37356e-08 	5.90778e-23 	1.19856e-07 	-2.32048e-22 	1.19842e-07
3.02905 	6.60279e-08 	5.35622e-09 	2.82474e-23 	6.60377e-08 	6.13311e-23 	6.60328e-08
3.03024 	3.3268e-08 	1.81198e-09 	-3.87917e-24 	3.32709e-08 	2.43668e-23 	3.32695e-08
3.03137 	1.48199e-08 	5.0803e-10 	-1.32338e-24 	1.48206e-08 	1.75899e-25 	1.48203e-08
3.03244 	5.5097e-09 	1.09437e-10 	-1.91724e-25 	5.50982e-09 	-7.61617e-25 	5.50976e-09
3.03344 	1.54079e-09 	1.59882e-11 	2.51344e-26 	1.54081e-09 	-2.5239e-26 	1.54081e-09
3.03439 	2.68856e-10 	1.30863e-12 	-2.27171e-28 	2.68857e-10 	1.01825e-26 	2.68857e-10
3.03528 	3.91731e-11 	4.52405e-14 	-6.36115e-30 	3.91731e-11 	-2.00251e-28 	3.91731e-11
