/*--------------------------------*- C++ -*----------------------------------*\
| =========                 |                                                 |
| \\      /  F ield         | OpenFOAM: The Open Source CFD Toolbox           |
|  \\    /   O peration     | Version:  2.4.0                                 |
|   \\  /    A nd           | Web:      www.OpenFOAM.org                      |
|    \\/     M anipulation  |                                                 |
\*---------------------------------------------------------------------------*/
FoamFile
{
    version     2.0;
    format      ascii;
    class       volVectorField;
    location    "5000";
    object      wallGradU;
}
// * * * * * * * * * * * * * * * * * * * * * * * * * * * * * * * * * * * * * //

dimensions      [0 0 -1 0 0 0 0];

internalField   uniform (0 0 0);

boundaryField
{
    inlet
    {
        type            cyclic;
    }
    outlet
    {
        type            cyclic;
    }
    top
    {
        type            calculated;
        value           nonuniform List<vector> 
120
(
(58.914415 -0.0046549353 -0)
(36.844126 0.0052457041 1.0097247e-19)
(50.603166 -9.7679963e-05 -0)
(45.041862 -0.00051115158 5.8039827e-19)
(46.739648 0.00071740255 -0)
(46.201909 0.00011425746 -9.6468766e-22)
(46.332548 -0.00014175175 9.6466134e-22)
(46.140738 -0.00061436675 3.4565406e-21)
(45.977206 -0.0010267878 -3.4564162e-21)
(45.749153 -0.0014064028 -0)
(45.491209 -0.0017296123 -7.7420364e-19)
(45.191945 -0.0019553283 -1.1242042e-20)
(44.874049 -0.0020956762 1.1241572e-20)
(44.542544 -0.0021688586 6.9283678e-19)
(44.20241 -0.0021819751 -2.0593902e-20)
(43.854849 -0.0021404661 -0)
(43.50963 -0.0020615274 1.8601467e-20)
(43.16439 -0.001970922 -3.6734546e-20)
(42.814241 -0.001850561 -5.7313525e-19)
(42.458973 -0.0017022862 1.7753831e-20)
(42.102869 -0.0015406008 -0)
(41.740093 -0.0013786651 -0)
(41.367681 -0.0011907064 -0)
(40.990237 -0.0009794177 2.3778765e-19)
(40.619712 -0.00077982477 3.399668e-20)
(40.246098 -0.00056823864 -0)
(39.906068 -0.00040109854 3.4636807e-20)
(39.525233 -0.0002997425 5.0328771e-22)
(39.094514 0.00017676788 -3.5140318e-20)
(38.741974 0.00049986966 -0)
(38.428436 0.00060079084 -0)
(38.114538 0.00069887818 -0)
(37.805391 0.00077073668 -0)
(37.497866 0.00083052259 -0)
(37.191455 0.00087811759 -0)
(36.887433 0.00091538002 -2.2236404e-20)
(36.584882 0.0009411931 -2.3020053e-20)
(36.284824 0.00095626866 2.3020253e-20)
(35.987505 0.00096199038 -2.4700747e-20)
(35.693394 0.00095774447 2.4700958e-20)
(35.402791 0.00094419496 -0)
(35.116296 0.00092270061 -0)
(34.834553 0.00089293286 -0)
(34.557952 0.00085521664 -0)
(34.286988 0.0008108558 1.5247197e-20)
(34.022217 0.00076006314 -1.5247315e-20)
(33.764149 0.00070381064 -1.6305992e-20)
(33.513364 0.00064245441 3.3153162e-20)
(33.270392 0.00057682291 -3.4241236e-20)
(33.035721 0.00050736101 -5.5147835e-22)
(32.809667 0.00043475387 1.7945783e-20)
(32.59283 0.00035979525 -0)
(32.385165 0.00028199051 -0)
(32.186705 0.00020296521 -0)
(31.998014 0.00012442547 -0)
(31.819796 4.7269349e-05 -1.0636802e-20)
(31.652613 -2.8257309e-05 5.1822327e-21)
(31.496916 -0.00010147562 -1.3460486e-22)
(31.353077 -0.0001718166 5.5892769e-21)
(31.221511 -0.00023854316 -0)
(31.102465 -0.00030134349 -0)
(30.996232 -0.00035910003 -0)
(30.903147 -0.00041117171 -0)
(30.823549 -0.00045707125 -0)
(30.757567 -0.00049621291 -0)
(30.705546 -0.00052762909 -0)
(30.667643 -0.00055094629 -0)
(30.644164 -0.00056528079 -0)
(30.635274 -0.00056975146 -0)
(30.641426 -0.0005633466 -0)
(30.663041 -0.000545159 -0)
(30.701032 -0.00051484947 -0)
(30.755343 -0.00047267962 -0)
(30.826243 -0.00041770185 -0)
(30.913579 -0.00034930216 2.9286406e-20)
(31.017873 -0.00026657373 2.9697456e-20)
(31.138929 -0.00016890158 -1.1831774e-19)
(31.277435 -5.4954991e-05 5.9333943e-20)
(31.433339 7.6007942e-05 -0)
(31.607193 0.00022419572 -5.9996271e-20)
(31.798388 0.00038963601 5.9995927e-20)
(32.007084 0.00057310311 -0)
(32.232677 0.00077546883 -6.0016892e-20)
(32.475638 0.00099811269 6.0016457e-20)
(32.735836 0.0012419 -0)
(33.013997 0.0015078386 -0)
(33.30943 0.0017947354 -0)
(33.623571 0.0021072329 -0)
(33.953863 0.0024356676 -5.7848628e-20)
(34.305269 0.0028024114 1.150176e-19)
(34.667449 0.0031580186 -1.1356726e-19)
(35.06093 0.0036522134 5.6397616e-20)
(35.543114 0.0043916534 -1.0896432e-19)
(36.005667 0.004815419 -3.2226833e-19)
(36.421187 0.0051895365 -0)
(36.871127 0.0056099996 -7.2006416e-19)
(37.338415 0.0059823573 1.994793e-19)
(37.831815 0.0063072454 -1.9332297e-19)
(38.340141 0.0065424413 9.5071134e-20)
(38.861432 0.006666333 4.4032352e-20)
(39.389797 0.0066962201 -8.6161087e-20)
(39.93284 0.006640692 4.2128726e-20)
(40.479278 0.0064921246 -3.8005421e-20)
(41.030267 0.006259575 2.2126654e-21)
(41.578745 0.0059667655 3.5795507e-20)
(42.13193 0.0056133099 -0)
(42.671132 0.0051827078 9.5547822e-19)
(43.200288 0.0046711258 -0)
(43.707822 0.0040885124 -0)
(44.195802 0.0034175404 -5.1688844e-21)
(44.647447 0.0026640088 6.8483657e-22)
(45.041359 0.0018673578 2.583885e-21)
(45.439486 0.0011154166 1.9005777e-21)
(45.670892 0.00041216971 -0)
(46.106463 -0.0001666027 -4.361832e-22)
(45.759322 -0.00052767726 4.3619165e-22)
(46.986973 -0.00023130654 6.7496573e-20)
(44.612233 -0.0012675286 3.1324645e-23)
(50.606477 0.0030553946 -6.1844387e-21)
(38.425034 -0.0042810462 -3.8117276e-21)
)
;
    }
    hills
    {
        type            calculated;
        value           nonuniform List<vector> 
120
(
(41.552209 0.16813691 -3.8333007e-17)
(36.063564 -1.0696196 1.740704e-21)
(39.495245 -4.9447554 9.8069574e-16)
(5.1497576 -1.6050798 -0)
(-17.892987 8.2682005 1.6718079e-15)
(-19.671527 12.254622 -7.1138787e-16)
(-11.521106 8.4695027 -5.9326717e-16)
(-9.2822543 7.4610833 3.9047531e-16)
(-7.1790203 6.0534523 -3.2801483e-16)
(-6.2094294 5.2907954 -1.0750436e-21)
(-5.0569339 4.2384618 3.9888886e-16)
(-4.5916182 3.7572782 -1.2899344e-21)
(-4.3867259 3.5176263 2.5127258e-21)
(-4.4506658 3.5097362 1.5749884e-16)
(-4.7459428 3.6944366 1.5363788e-16)
(-5.2222191 4.0286537 -0)
(-5.6803638 4.34239 -2.5450231e-16)
(-6.0183433 4.498416 -1.023433e-16)
(-6.2528757 4.490882 -0)
(-6.3445616 4.289895 -3.5476897e-17)
(-6.241063 3.871838 1.041299e-19)
(-6.0156362 3.3098638 -0)
(-5.7545606 2.7166319 -4.5799924e-17)
(-5.4491705 2.1285706 -0)
(-4.9503559 1.5158954 -2.7958364e-17)
(-4.5109659 0.98632907 6.7191303e-21)
(-3.7300626 0.48011911 -0)
(-4.1961685 0.15606848 -8.6623347e-21)
(-6.6826357 0.0038329793 7.1223935e-21)
(-8.7425218 0.0035516584 -0)
(-10.167411 0.0034340083 -0)
(-11.402525 0.0035490567 -2.1808325e-21)
(-12.400083 0.0036507824 2.1807776e-21)
(-13.27108 0.0037734915 -0)
(-14.021525 0.0038864191 -0)
(-14.684779 0.003975852 -0)
(-15.264076 0.0040360624 -0)
(-15.769194 0.0040575354 3.7413319e-21)
(-16.200237 0.004039346 -3.7412922e-21)
(-16.559421 0.003977308 -0)
(-16.847083 0.0038768182 -0)
(-17.06511 0.0037370764 1.0626505e-20)
(-17.214909 0.0035649088 -1.0626473e-20)
(-17.299122 0.0033606954 1.4711954e-20)
(-17.320485 0.0031292573 -2.3149732e-20)
(-17.279896 0.0028700772 8.4377795e-21)
(-17.179651 0.0025913157 -0)
(-17.022852 0.0022948822 -1.1854306e-20)
(-16.812769 0.0019886852 1.1854362e-20)
(-16.552999 0.001672795 -0)
(-16.2469 0.0013536406 -1.5407915e-20)
(-15.898878 0.001035499 1.5408051e-20)
(-15.513336 0.00072272717 -0)
(-15.094318 0.00041567063 -0)
(-14.646182 0.00011955041 -0)
(-14.172746 -0.00016746185 -0)
(-13.677833 -0.00043910531 5.5986325e-21)
(-13.16588 -0.0006946855 -5.598709e-21)
(-12.64103 -0.00093410626 -0)
(-12.106229 -0.0011580537 -0)
(-11.563755 -0.001366514 -0)
(-11.017425 -0.0015553197 -0)
(-10.469549 -0.0017295186 -7.1598418e-21)
(-9.9227345 -0.0018846025 7.1599461e-21)
(-9.3791793 -0.0020264214 -0)
(-8.8403876 -0.0021519014 -0)
(-8.3081658 -0.0022643476 -0)
(-7.7838286 -0.002360813 -0)
(-7.2691201 -0.002444844 -0)
(-6.7654407 -0.0025144715 -0)
(-6.2741394 -0.0025731684 -0)
(-5.7962747 -0.0026199597 -0)
(-5.3324707 -0.002658686 -0)
(-4.8832375 -0.0026878394 -0)
(-4.44909 -0.0027096095 -0)
(-4.0307311 -0.0027213273 7.7371947e-20)
(-3.6290632 -0.0027266508 -1.5592915e-19)
(-3.2443214 -0.0027246785 1.5825428e-19)
(-2.8775838 -0.0027168893 -1.6049405e-19)
(-2.5288036 -0.0027023897 8.079691e-20)
(-2.1997002 -0.0026809089 -0)
(-1.8906417 -0.0026525337 -8.3858891e-20)
(-1.6046712 -0.0026162119 1.6866723e-19)
(-1.3417507 -0.0025745741 9.1512283e-22)
(-1.1069083 -0.0025241132 -8.5724003e-20)
(-0.89940337 -0.0024668028 -0)
(-0.72970755 -0.002394468 -0)
(-0.59640145 -0.0023113598 -0)
(-0.52168141 -0.0022038824 8.9902881e-20)
(-0.50085383 -0.002072177 7.8117248e-22)
(-0.58618492 -0.0019108555 -9.0683792e-20)
(-0.74908145 -0.0015498685 3.6897647e-19)
(-1.2424717 -0.045378442 -3.6909741e-19)
(-1.4207702 -0.17818585 -1.5343043e-15)
(-1.299048 -0.27529013 -6.1940468e-15)
(-1.1319053 -0.33356626 -4.330092e-19)
(-0.75349883 -0.2773539 6.32545e-15)
(-0.26418631 -0.10355791 -6.3954685e-15)
(0.43450054 0.26403563 6.4618324e-15)
(1.4276119 0.91251195 -6.5281114e-15)
(2.7653753 1.8946075 -6.5798964e-15)
(4.4163461 3.1887232 -6.615215e-15)
(6.3521475 4.7504904 6.6188759e-15)
(8.5646693 6.5285751 -6.5891759e-15)
(10.853328 8.3284432 6.5113997e-15)
(13.061083 10.098656 -0)
(15.480114 12.116891 4.6951097e-20)
(18.186572 14.477562 -4.6950619e-20)
(21.526907 17.494555 -0)
(25.646187 21.357589 5.4531315e-15)
(32.092496 27.188531 1.9934878e-20)
(41.292476 34.554448 -0)
(53.984684 43.09043 -0)
(71.21846 51.928244 -0)
(95.442747 59.342979 2.3708107e-21)
(120.38302 56.277287 -2.3716709e-21)
(123.64121 34.499293 -4.0599518e-15)
(86.708584 10.970315 -2.5866688e-15)
(56.269312 1.6878432 -0)
(21.78456 -0.081512121 1.4052475e-16)
)
;
    }
    front
    {
        type            empty;
    }
    back
    {
        type            empty;
    }
}


// ************************************************************************* //
