0.05 	1.00474 	0 	6.66667e-11 	-5.66599e-28 	3.6599e-26 	6.66667e-11 	0 	6.66667e-11
0.05 	1.00474 	0 	6.66667e-11 	-5.66599e-28 	3.6599e-26 	6.66667e-11 	0 	6.66667e-11
0.05 	1.00474 	0 	6.66667e-11 	-5.66599e-28 	3.6599e-26 	6.66667e-11 	0 	6.66667e-11
0.05 	1.00474 	0 	6.66667e-11 	-5.66599e-28 	3.6599e-26 	6.66667e-11 	0 	6.66667e-11
0.05 	1.0091 	0 	6.66667e-11 	4.26462e-27 	1.31378e-30 	6.66667e-11 	0 	6.66667e-11
0.05 	1.0091 	0 	6.66667e-11 	4.26462e-27 	1.31378e-30 	6.66667e-11 	0 	6.66667e-11
3 	0.00710578 	0 	6.66667e-11 	-3.28425e-27 	2.76837e-26 	6.66667e-11 	0 	6.66667e-11
3 	0.00710578 	0 	6.66667e-11 	-3.28425e-27 	2.76837e-26 	6.66667e-11 	0 	6.66667e-11
4 	0.00710578 	0 	6.66667e-11 	-3.58235e-27 	6.6047e-27 	6.66667e-11 	0 	6.66667e-11
4 	0.00710578 	0 	6.66667e-11 	-3.58235e-27 	6.6047e-27 	6.66667e-11 	0 	6.66667e-11
0.05 	1.0091 	0 	6.66667e-11 	4.26462e-27 	1.31378e-30 	6.66667e-11 	0 	6.66667e-11
0.05 	1.0091 	0 	6.66667e-11 	4.26462e-27 	1.31378e-30 	6.66667e-11 	0 	6.66667e-11
3 	0.0132945 	0 	6.66667e-11 	-1.34944e-27 	-2.00814e-27 	6.66667e-11 	0 	6.66667e-11
3 	0.0132945 	0 	6.66667e-11 	-1.34944e-27 	-2.00814e-27 	6.66667e-11 	0 	6.66667e-11
4 	0.0132945 	0 	6.66667e-11 	1.27002e-27 	8.56036e-28 	6.66667e-11 	0 	6.66667e-11
4 	0.0132945 	0 	6.66667e-11 	1.27002e-27 	8.56036e-28 	6.66667e-11 	0 	6.66667e-11
5 	0.0132945 	0 	6.66667e-11 	2.70496e-27 	-2.58857e-26 	6.66667e-11 	0 	6.66667e-11
5 	0.0132945 	0 	6.66667e-11 	2.70496e-27 	-2.58857e-26 	6.66667e-11 	0 	6.66667e-11
0.05 	1.0091 	0 	6.66667e-11 	4.26462e-27 	1.31378e-30 	6.66667e-11 	0 	6.66667e-11
0.05 	1.0091 	0 	6.66667e-11 	4.26462e-27 	1.31378e-30 	6.66667e-11 	0 	6.66667e-11
3 	0.0132945 	0 	6.66667e-11 	-1.34944e-27 	-2.00814e-27 	6.66667e-11 	0 	6.66667e-11
3 	0.0132945 	0 	6.66667e-11 	-1.34944e-27 	-2.00814e-27 	6.66667e-11 	0 	6.66667e-11
4 	0.0132945 	0 	6.66667e-11 	1.27002e-27 	8.56036e-28 	6.66667e-11 	0 	6.66667e-11
4 	0.0132945 	0 	6.66667e-11 	1.27002e-27 	8.56036e-28 	6.66667e-11 	0 	6.66667e-11
5 	0.0132945 	0 	6.66667e-11 	2.70496e-27 	-2.58857e-26 	6.66667e-11 	0 	6.66667e-11
5 	0.0132945 	0 	6.66667e-11 	2.70496e-27 	-2.58857e-26 	6.66667e-11 	0 	6.66667e-11
0.05 	1.0091 	0 	6.66667e-11 	4.26462e-27 	1.31378e-30 	6.66667e-11 	0 	6.66667e-11
0.05 	1.0091 	0 	6.66667e-11 	4.26462e-27 	1.31378e-30 	6.66667e-11 	0 	6.66667e-11
3 	0.0132945 	0 	6.66667e-11 	-1.34944e-27 	-2.00814e-27 	6.66667e-11 	0 	6.66667e-11
3 	0.0132945 	0 	6.66667e-11 	-1.34944e-27 	-2.00814e-27 	6.66667e-11 	0 	6.66667e-11
4 	0.0132945 	0 	6.66667e-11 	1.27002e-27 	8.56036e-28 	6.66667e-11 	0 	6.66667e-11
4 	0.0132945 	0 	6.66667e-11 	1.27002e-27 	8.56036e-28 	6.66667e-11 	0 	6.66667e-11
5 	0.0132945 	0 	6.66667e-11 	2.70496e-27 	-2.58857e-26 	6.66667e-11 	0 	6.66667e-11
5 	0.0132945 	0 	6.66667e-11 	2.70496e-27 	-2.58857e-26 	6.66667e-11 	0 	6.66667e-11
6 	0.0132945 	0 	6.66667e-11 	4.95849e-27 	2.95263e-33 	6.66667e-11 	0 	6.66667e-11
6 	0.0132945 	0 	6.66667e-11 	4.95849e-27 	2.95263e-33 	6.66667e-11 	0 	6.66667e-11
0.05 	1.0091 	0 	6.66667e-11 	4.26462e-27 	1.31378e-30 	6.66667e-11 	0 	6.66667e-11
0.05 	1.0091 	0 	6.66667e-11 	4.26462e-27 	1.31378e-30 	6.66667e-11 	0 	6.66667e-11
2 	0.0132945 	0 	6.66667e-11 	-9.43795e-27 	2.84206e-27 	6.66667e-11 	0 	6.66667e-11
3 	0.0132945 	0 	6.66667e-11 	-1.34944e-27 	-2.00814e-27 	6.66667e-11 	0 	6.66667e-11
3 	0.0132945 	0 	6.66667e-11 	-1.34944e-27 	-2.00814e-27 	6.66667e-11 	0 	6.66667e-11
4 	0.0132945 	0 	6.66667e-11 	1.27002e-27 	8.56036e-28 	6.66667e-11 	0 	6.66667e-11
4 	0.0132945 	0 	6.66667e-11 	1.27002e-27 	8.56036e-28 	6.66667e-11 	0 	6.66667e-11
5 	0.0132945 	0 	6.66667e-11 	2.70496e-27 	-2.58857e-26 	6.66667e-11 	0 	6.66667e-11
5 	0.0132945 	0 	6.66667e-11 	2.70496e-27 	-2.58857e-26 	6.66667e-11 	0 	6.66667e-11
6 	0.0132945 	0 	6.66667e-11 	4.95849e-27 	2.95263e-33 	6.66667e-11 	0 	6.66667e-11
6 	0.0132945 	0 	6.66667e-11 	4.95849e-27 	2.95263e-33 	6.66667e-11 	0 	6.66667e-11
0.05 	1.01347 	0 	6.66667e-11 	-3.56344e-27 	-8.81087e-27 	6.66667e-11 	0 	6.66667e-11
0.05 	1.01347 	0 	6.66667e-11 	-3.56344e-27 	-8.81087e-27 	6.66667e-11 	0 	6.66667e-11
2 	0.0194833 	0 	6.66667e-11 	6.59042e-27 	3.29686e-27 	6.66667e-11 	0 	6.66667e-11
2 	0.0194833 	0 	6.66667e-11 	6.59042e-27 	3.29686e-27 	6.66667e-11 	0 	6.66667e-11
3 	0.0194833 	0 	6.66667e-11 	2.97767e-27 	5.2928e-27 	6.66667e-11 	0 	6.66667e-11
3 	0.0194833 	0 	6.66667e-11 	2.97767e-27 	5.2928e-27 	6.66667e-11 	0 	6.66667e-11
4 	0.0194833 	0 	6.66667e-11 	-2.93961e-27 	3.88819e-27 	6.66667e-11 	0 	6.66667e-11
4 	0.0194833 	0 	6.66667e-11 	-2.93961e-27 	3.88819e-27 	6.66667e-11 	0 	6.66667e-11
5 	0.0194833 	0 	6.66667e-11 	2.48089e-27 	1.9301e-27 	6.66667e-11 	0 	6.66667e-11
5 	0.0194833 	0 	6.66667e-11 	2.48089e-27 	1.9301e-27 	6.66667e-11 	0 	6.66667e-11
6 	0.0194833 	0 	6.66667e-11 	3.63414e-27 	-8.61054e-27 	6.66667e-11 	0 	6.66667e-11
6 	0.0194833 	0 	6.66667e-11 	3.63414e-27 	-8.61054e-27 	6.66667e-11 	0 	6.66667e-11
7 	0.0194833 	0 	6.66667e-11 	1.54143e-27 	-3.52121e-27 	6.66667e-11 	0 	6.66667e-11
0.05 	1.01347 	0 	6.66667e-11 	-3.56344e-27 	-8.81087e-27 	6.66667e-11 	0 	6.66667e-11
0.05 	1.01347 	0 	6.66667e-11 	-3.56344e-27 	-8.81087e-27 	6.66667e-11 	0 	6.66667e-11
2 	0.0194833 	0 	6.66667e-11 	6.59042e-27 	3.29686e-27 	6.66667e-11 	0 	6.66667e-11
2 	0.0194833 	0 	6.66667e-11 	6.59042e-27 	3.29686e-27 	6.66667e-11 	0 	6.66667e-11
3 	0.0194833 	0 	6.66667e-11 	2.97767e-27 	5.2928e-27 	6.66667e-11 	0 	6.66667e-11
3 	0.0194833 	0 	6.66667e-11 	2.97767e-27 	5.2928e-27 	6.66667e-11 	0 	6.66667e-11
4 	0.0194833 	0 	6.66667e-11 	-2.93961e-27 	3.88819e-27 	6.66667e-11 	0 	6.66667e-11
4 	0.0194833 	0 	6.66667e-11 	-2.93961e-27 	3.88819e-27 	6.66667e-11 	0 	6.66667e-11
5 	0.0194833 	0 	6.66667e-11 	2.48089e-27 	1.9301e-27 	6.66667e-11 	0 	6.66667e-11
5 	0.0194833 	0 	6.66667e-11 	2.48089e-27 	1.9301e-27 	6.66667e-11 	0 	6.66667e-11
6 	0.0194833 	0 	6.66667e-11 	3.63414e-27 	-8.61054e-27 	6.66667e-11 	0 	6.66667e-11
6 	0.0194833 	0 	6.66667e-11 	3.63414e-27 	-8.61054e-27 	6.66667e-11 	0 	6.66667e-11
7 	0.0194833 	0 	6.66667e-11 	1.54143e-27 	-3.52121e-27 	6.66667e-11 	0 	6.66667e-11
8 	0.452696 	0 	6.66667e-11 	-6.34813e-27 	1.81347e-26 	6.66667e-11 	0 	6.66667e-11
8 	0.48364 	0 	6.66667e-11 	2.48799e-28 	-6.03264e-27 	6.66667e-11 	0 	6.66667e-11
0.05 	1.01347 	0 	6.66667e-11 	-3.56344e-27 	-8.81087e-27 	6.66667e-11 	0 	6.66667e-11
0.05 	1.01347 	0 	6.66667e-11 	-3.56344e-27 	-8.81087e-27 	6.66667e-11 	0 	6.66667e-11
2 	0.0194833 	0 	6.66667e-11 	6.59042e-27 	3.29686e-27 	6.66667e-11 	0 	6.66667e-11
2 	0.0194833 	0 	6.66667e-11 	6.59042e-27 	3.29686e-27 	6.66667e-11 	0 	6.66667e-11
3 	0.0194833 	0 	6.66667e-11 	2.97767e-27 	5.2928e-27 	6.66667e-11 	0 	6.66667e-11
3 	0.0194833 	0 	6.66667e-11 	2.97767e-27 	5.2928e-27 	6.66667e-11 	0 	6.66667e-11
4 	0.0194833 	0 	6.66667e-11 	-2.93961e-27 	3.88819e-27 	6.66667e-11 	0 	6.66667e-11
4 	0.0194833 	0 	6.66667e-11 	-2.93961e-27 	3.88819e-27 	6.66667e-11 	0 	6.66667e-11
5 	0.0194833 	0 	6.66667e-11 	2.48089e-27 	1.9301e-27 	6.66667e-11 	0 	6.66667e-11
5 	0.0194833 	0 	6.66667e-11 	2.48089e-27 	1.9301e-27 	6.66667e-11 	0 	6.66667e-11
6 	0.0194833 	0 	6.66667e-11 	3.63414e-27 	-8.61054e-27 	6.66667e-11 	0 	6.66667e-11
6 	0.0194833 	0 	6.66667e-11 	3.63414e-27 	-8.61054e-27 	6.66667e-11 	0 	6.66667e-11
7 	0.0194833 	0 	6.66667e-11 	1.54143e-27 	-3.52121e-27 	6.66667e-11 	0 	6.66667e-11
8 	0.452696 	0 	6.66667e-11 	-6.34813e-27 	1.81347e-26 	6.66667e-11 	0 	6.66667e-11
8 	0.48364 	0 	6.66667e-11 	2.48799e-28 	-6.03264e-27 	6.66667e-11 	0 	6.66667e-11
0.05 	1.01783 	0 	6.66667e-11 	-1.22806e-28 	2.01183e-26 	6.66667e-11 	0 	6.66667e-11
0.05 	1.01783 	0 	6.66667e-11 	-1.22806e-28 	2.01183e-26 	6.66667e-11 	0 	6.66667e-11
2 	0.0256721 	0 	6.66667e-11 	1.50415e-28 	-1.68636e-27 	6.66667e-11 	0 	6.66667e-11
2 	0.0256721 	0 	6.66667e-11 	1.50415e-28 	-1.68636e-27 	6.66667e-11 	0 	6.66667e-11
3 	0.0256721 	0 	6.66667e-11 	4.6904e-28 	-8.0354e-28 	6.66667e-11 	0 	6.66667e-11
3 	0.0256721 	0 	6.66667e-11 	4.6904e-28 	-8.0354e-28 	6.66667e-11 	0 	6.66667e-11
4 	0.0256721 	0 	6.66667e-11 	-1.93131e-27 	-1.10078e-26 	6.66667e-11 	0 	6.66667e-11
4 	0.0256721 	0 	6.66667e-11 	-1.93131e-27 	-1.10078e-26 	6.66667e-11 	0 	6.66667e-11
5 	0.0256721 	0 	6.66667e-11 	-5.04782e-27 	-6.27524e-27 	6.66667e-11 	0 	6.66667e-11
5 	0.0256721 	0 	6.66667e-11 	-5.04782e-27 	-6.27524e-27 	6.66667e-11 	0 	6.66667e-11
6 	0.0256721 	0 	6.66667e-11 	-1.03506e-27 	9.64482e-29 	6.66667e-11 	0 	6.66667e-11
6 	0.0256721 	0 	6.66667e-11 	-1.03506e-27 	9.64482e-29 	6.66667e-11 	0 	6.66667e-11
7 	0.0256721 	0 	6.66667e-11 	3.23714e-27 	2.44769e-27 	6.66667e-11 	0 	6.66667e-11
7 	0.0256721 	0 	6.66667e-11 	3.23714e-27 	2.44769e-27 	6.66667e-11 	0 	6.66667e-11
8 	0.458885 	0 	6.66667e-11 	-6.72765e-27 	-1.35395e-26 	6.66667e-11 	0 	6.66667e-11
8 	0.48364 	0 	6.66667e-11 	2.48799e-28 	-6.03264e-27 	6.66667e-11 	0 	6.66667e-11
0.05 	1.01783 	0 	6.66667e-11 	-1.22806e-28 	2.01183e-26 	6.66667e-11 	0 	6.66667e-11
0.05 	1.01783 	0 	6.66667e-11 	-1.22806e-28 	2.01183e-26 	6.66667e-11 	0 	6.66667e-11
2 	0.0256721 	0 	6.66667e-11 	1.50415e-28 	-1.68636e-27 	6.66667e-11 	0 	6.66667e-11
2 	0.0256721 	0 	6.66667e-11 	1.50415e-28 	-1.68636e-27 	6.66667e-11 	0 	6.66667e-11
3 	0.0256721 	0 	6.66667e-11 	4.6904e-28 	-8.0354e-28 	6.66667e-11 	0 	6.66667e-11
3 	0.0256721 	0 	6.66667e-11 	4.6904e-28 	-8.0354e-28 	6.66667e-11 	0 	6.66667e-11
4 	0.0256721 	0 	6.66667e-11 	-1.93131e-27 	-1.10078e-26 	6.66667e-11 	0 	6.66667e-11
4 	0.0256721 	0 	6.66667e-11 	-1.93131e-27 	-1.10078e-26 	6.66667e-11 	0 	6.66667e-11
5 	0.0256721 	0 	6.66667e-11 	-5.04782e-27 	-6.27524e-27 	6.66667e-11 	0 	6.66667e-11
5 	0.0256721 	0 	6.66667e-11 	-5.04782e-27 	-6.27524e-27 	6.66667e-11 	0 	6.66667e-11
6 	0.0256721 	0 	6.66667e-11 	-1.03506e-27 	9.64482e-29 	6.66667e-11 	0 	6.66667e-11
6 	0.0256721 	0 	6.66667e-11 	-1.03506e-27 	9.64482e-29 	6.66667e-11 	0 	6.66667e-11
7 	0.0256721 	0 	6.66667e-11 	3.23714e-27 	2.44769e-27 	6.66667e-11 	0 	6.66667e-11
7 	0.0256721 	0 	6.66667e-11 	3.23714e-27 	2.44769e-27 	6.66667e-11 	0 	6.66667e-11
8 	0.458885 	0 	6.66667e-11 	-6.72765e-27 	-1.35395e-26 	6.66667e-11 	0 	6.66667e-11
8 	0.489829 	0 	6.66667e-11 	-2.86785e-27 	-2.42217e-27 	6.66667e-11 	0 	6.66667e-11
0.05 	1.01783 	0 	6.66667e-11 	-1.22806e-28 	2.01183e-26 	6.66667e-11 	0 	6.66667e-11
0.05 	1.01783 	0 	6.66667e-11 	-1.22806e-28 	2.01183e-26 	6.66667e-11 	0 	6.66667e-11
2 	0.0318608 	0 	6.66667e-11 	1.52271e-27 	-3.19665e-27 	6.66667e-11 	0 	6.66667e-11
2 	0.0318608 	0 	6.66667e-11 	1.52271e-27 	-3.19665e-27 	6.66667e-11 	0 	6.66667e-11
3 	0.0318608 	0 	6.66667e-11 	-2.351e-27 	4.42032e-27 	6.66667e-11 	0 	6.66667e-11
3 	0.0318608 	0 	6.66667e-11 	-2.351e-27 	4.42032e-27 	6.66667e-11 	0 	6.66667e-11
4 	0.0318608 	0 	6.66667e-11 	3.88246e-28 	2.00376e-27 	6.66667e-11 	0 	6.66667e-11
4 	0.0318608 	0 	6.66667e-11 	3.88246e-28 	2.00376e-27 	6.66667e-11 	0 	6.66667e-11
5 	0.0318608 	0 	6.66667e-11 	3.60949e-27 	-3.72066e-27 	6.66667e-11 	0 	6.66667e-11
5 	0.0318608 	0 	6.66667e-11 	3.60949e-27 	-3.72066e-27 	6.66667e-11 	0 	6.66667e-11
6 	0.0318608 	0 	6.66667e-11 	5.2922e-28 	4.2581e-27 	6.66667e-11 	0 	6.66667e-11
6 	0.0318608 	0 	6.66667e-11 	5.2922e-28 	4.2581e-27 	6.66667e-11 	0 	6.66667e-11
7 	0.0318608 	0 	6.66667e-11 	-1.7935e-27 	-8.62363e-27 	6.66667e-11 	0 	6.66667e-11
7 	0.0318608 	0 	6.66667e-11 	-1.7935e-27 	-8.62363e-27 	6.66667e-11 	0 	6.66667e-11
8 	0.458885 	0 	6.66667e-11 	-6.72765e-27 	-1.35395e-26 	6.66667e-11 	0 	6.66667e-11
8 	0.489829 	0 	6.66667e-11 	-2.86785e-27 	-2.42217e-27 	6.66667e-11 	0 	6.66667e-11
0.05 	1.02219 	0 	6.66667e-11 	-1.92827e-27 	-3.02956e-27 	6.66667e-11 	0 	6.66667e-11
0.05 	1.02219 	0 	6.66667e-11 	-1.92827e-27 	-3.02956e-27 	6.66667e-11 	0 	6.66667e-11
1 	0.491191 	0 	6.66667e-11 	-9.55976e-28 	-2.2186e-27 	6.66667e-11 	0 	6.66667e-11
1 	0.46437 	0 	6.66667e-11 	1.735e-27 	-2.47581e-27 	6.66667e-11 	0 	6.66667e-11
2 	0.0318608 	0 	6.66667e-11 	1.52271e-27 	-3.19665e-27 	6.66667e-11 	0 	6.66667e-11
2 	0.0318608 	0 	6.66667e-11 	1.52271e-27 	-3.19665e-27 	6.66667e-11 	0 	6.66667e-11
3 	0.0318608 	0 	6.66667e-11 	-2.351e-27 	4.42032e-27 	6.66667e-11 	0 	6.66667e-11
3 	0.0318608 	0 	6.66667e-11 	-2.351e-27 	4.42032e-27 	6.66667e-11 	0 	6.66667e-11
4 	0.0318608 	0 	6.66667e-11 	3.88246e-28 	2.00376e-27 	6.66667e-11 	0 	6.66667e-11
4 	0.0318608 	0 	6.66667e-11 	3.88246e-28 	2.00376e-27 	6.66667e-11 	0 	6.66667e-11
5 	0.0318608 	0 	6.66667e-11 	3.60949e-27 	-3.72066e-27 	6.66667e-11 	0 	6.66667e-11
5 	0.0318608 	0 	6.66667e-11 	3.60949e-27 	-3.72066e-27 	6.66667e-11 	0 	6.66667e-11
6 	0.0318608 	0 	6.66667e-11 	5.2922e-28 	4.2581e-27 	6.66667e-11 	0 	6.66667e-11
6 	0.0318608 	0 	6.66667e-11 	5.2922e-28 	4.2581e-27 	6.66667e-11 	0 	6.66667e-11
7 	0.0318608 	0 	6.66667e-11 	-1.7935e-27 	-8.62363e-27 	6.66667e-11 	0 	6.66667e-11
7 	0.0318608 	0 	6.66667e-11 	-1.7935e-27 	-8.62363e-27 	6.66667e-11 	0 	6.66667e-11
8 	0.465074 	0 	6.66667e-11 	8.9679e-28 	2.86223e-30 	6.66667e-11 	0 	6.66667e-11
8 	0.489829 	0 	6.66667e-11 	-2.86785e-27 	-2.42217e-27 	6.66667e-11 	0 	6.66667e-11
0.05 	1.02219 	0 	6.66667e-11 	-1.92827e-27 	-3.02956e-27 	6.66667e-11 	0 	6.66667e-11
0.05 	1.02219 	0 	6.66667e-11 	-1.92827e-27 	-3.02956e-27 	6.66667e-11 	0 	6.66667e-11
1 	0.496555 	0 	6.66667e-11 	2.46051e-27 	-4.19349e-27 	6.66667e-11 	0 	6.66667e-11
1 	0.46437 	0 	6.66667e-11 	1.735e-27 	-2.47581e-27 	6.66667e-11 	0 	6.66667e-11
2 	0.0318608 	0 	6.66667e-11 	1.52271e-27 	-3.19665e-27 	6.66667e-11 	0 	6.66667e-11
2 	0.0318608 	0 	6.66667e-11 	1.52271e-27 	-3.19665e-27 	6.66667e-11 	0 	6.66667e-11
3 	0.0318608 	0 	6.66667e-11 	-2.351e-27 	4.42032e-27 	6.66667e-11 	0 	6.66667e-11
3 	0.0318608 	0 	6.66667e-11 	-2.351e-27 	4.42032e-27 	6.66667e-11 	0 	6.66667e-11
4 	0.0318608 	0 	6.66667e-11 	3.88246e-28 	2.00376e-27 	6.66667e-11 	0 	6.66667e-11
4 	0.0318608 	0 	6.66667e-11 	3.88246e-28 	2.00376e-27 	6.66667e-11 	0 	6.66667e-11
5 	0.0318608 	0 	6.66667e-11 	3.60949e-27 	-3.72066e-27 	6.66667e-11 	0 	6.66667e-11
5 	0.0318608 	0 	6.66667e-11 	3.60949e-27 	-3.72066e-27 	6.66667e-11 	0 	6.66667e-11
6 	0.0318608 	0 	6.66667e-11 	5.2922e-28 	4.2581e-27 	6.66667e-11 	0 	6.66667e-11
6 	0.0318608 	0 	6.66667e-11 	5.2922e-28 	4.2581e-27 	6.66667e-11 	0 	6.66667e-11
7 	0.0318608 	0 	6.66667e-11 	-1.7935e-27 	-8.62363e-27 	6.66667e-11 	0 	6.66667e-11
7 	0.0318608 	0 	6.66667e-11 	-1.7935e-27 	-8.62363e-27 	6.66667e-11 	0 	6.66667e-11
8 	0.465074 	0 	6.66667e-11 	8.9679e-28 	2.86223e-30 	6.66667e-11 	0 	6.66667e-11
8 	0.496018 	0 	6.66667e-11 	7.20918e-28 	1.94784e-27 	6.66667e-11 	0 	6.66667e-11
0.05 	1.02656 	0 	6.66667e-11 	-9.18906e-28 	3.07574e-28 	6.66667e-11 	0 	6.66667e-11
0.05 	1.02656 	0 	6.66667e-11 	-9.18906e-28 	3.07574e-28 	6.66667e-11 	0 	6.66667e-11
1 	0.496555 	0 	6.66667e-11 	2.46051e-27 	-4.19349e-27 	6.66667e-11 	0 	6.66667e-11
1 	0.469734 	0 	6.66667e-11 	-1.62045e-27 	1.44247e-26 	6.66667e-11 	0 	6.66667e-11
2 	0.0380496 	0 	6.66667e-11 	4.5805e-29 	-7.37194e-33 	6.66667e-11 	0 	6.66667e-11
2 	0.0380496 	0 	6.66667e-11 	4.5805e-29 	-7.37194e-33 	6.66667e-11 	0 	6.66667e-11
3 	0.0380496 	0 	6.66667e-11 	1.32311e-27 	-5.72363e-27 	6.66667e-11 	0 	6.66667e-11
3 	0.0380496 	0 	6.66667e-11 	1.32311e-27 	-5.72363e-27 	6.66667e-11 	0 	6.66667e-11
4 	0.0380496 	0 	6.66667e-11 	2.59021e-28 	4.60267e-27 	6.66667e-11 	0 	6.66667e-11
4 	0.0380496 	0 	6.66667e-11 	2.59021e-28 	4.60267e-27 	6.66667e-11 	0 	6.66667e-11
5 	0.0380496 	0 	6.66667e-11 	-2.46273e-27 	2.57954e-27 	6.66667e-11 	0 	6.66667e-11
5 	0.0380496 	0 	6.66667e-11 	-2.46273e-27 	2.57954e-27 	6.66667e-11 	0 	6.66667e-11
6 	0.0380496 	0 	6.66667e-11 	-7.04109e-29 	-3.31151e-27 	6.66667e-11 	0 	6.66667e-11
6 	0.0380496 	0 	6.66667e-11 	-7.04109e-29 	-3.31151e-27 	6.66667e-11 	0 	6.66667e-11
7 	0.0380496 	0 	6.66667e-11 	1.58662e-27 	5.1933e-27 	6.66667e-11 	0 	6.66667e-11
7 	0.0380496 	0 	6.66667e-11 	1.58662e-27 	5.1933e-27 	6.66667e-11 	0 	6.66667e-11
8 	0.465074 	0 	6.66667e-11 	8.9679e-28 	2.86223e-30 	6.66667e-11 	0 	6.66667e-11
8 	0.496018 	0 	6.66667e-11 	7.20918e-28 	1.94784e-27 	6.66667e-11 	0 	6.66667e-11
0.05 	1.02656 	0 	6.66667e-11 	-9.18906e-28 	3.07574e-28 	6.66667e-11 	0 	6.66667e-11
0.05 	1.02656 	0 	6.66667e-11 	-9.18906e-28 	3.07574e-28 	6.66667e-11 	0 	6.66667e-11
1 	0.50192 	0 	6.66667e-11 	-1.30293e-27 	-1.89258e-27 	6.66667e-11 	0 	6.66667e-11
1 	0.469734 	0 	6.66667e-11 	-1.62045e-27 	1.44247e-26 	6.66667e-11 	0 	6.66667e-11
2 	0.0380496 	0 	6.66667e-11 	4.5805e-29 	-7.37194e-33 	6.66667e-11 	0 	6.66667e-11
2 	0.0380496 	0 	6.66667e-11 	4.5805e-29 	-7.37194e-33 	6.66667e-11 	0 	6.66667e-11
3 	0.0380496 	0 	6.66667e-11 	1.32311e-27 	-5.72363e-27 	6.66667e-11 	0 	6.66667e-11
3 	0.0380496 	0 	6.66667e-11 	1.32311e-27 	-5.72363e-27 	6.66667e-11 	0 	6.66667e-11
4 	0.0380496 	0 	6.66667e-11 	2.59021e-28 	4.60267e-27 	6.66667e-11 	0 	6.66667e-11
4 	0.0380496 	0 	6.66667e-11 	2.59021e-28 	4.60267e-27 	6.66667e-11 	0 	6.66667e-11
5 	0.0380496 	0 	6.66667e-11 	-2.46273e-27 	2.57954e-27 	6.66667e-11 	0 	6.66667e-11
5 	0.0380496 	0 	6.66667e-11 	-2.46273e-27 	2.57954e-27 	6.66667e-11 	0 	6.66667e-11
6 	0.0380496 	0 	6.66667e-11 	-7.04109e-29 	-3.31151e-27 	6.66667e-11 	0 	6.66667e-11
6 	0.0380496 	0 	6.66667e-11 	-7.04109e-29 	-3.31151e-27 	6.66667e-11 	0 	6.66667e-11
7 	0.0380496 	0 	6.66667e-11 	1.58662e-27 	5.1933e-27 	6.66667e-11 	0 	6.66667e-11
7 	0.0380496 	0 	6.66667e-11 	1.58662e-27 	5.1933e-27 	6.66667e-11 	0 	6.66667e-11
8 	0.471263 	0 	6.66667e-11 	-8.60015e-28 	-5.17319e-27 	6.66667e-11 	0 	6.66667e-11
8 	0.502206 	0 	6.66667e-11 	-1.00958e-27 	1.06924e-27 	6.66667e-11 	0 	6.66667e-11
0.05 	1.03092 	0 	6.66667e-11 	-1.26123e-27 	-7.40035e-27 	6.66667e-11 	0 	6.66667e-11
0.05 	1.03092 	0 	6.66667e-11 	-1.26123e-27 	-7.40035e-27 	6.66667e-11 	0 	6.66667e-11
1 	0.50192 	0 	6.66667e-11 	-1.30293e-27 	-1.89258e-27 	6.66667e-11 	0 	6.66667e-11
1 	0.475099 	0 	6.66667e-11 	1.48353e-27 	6.53085e-27 	6.66667e-11 	0 	6.66667e-11
2 	0.0442383 	0 	6.66667e-11 	-1.60605e-27 	5.47114e-28 	6.66667e-11 	0 	6.66667e-11
2 	0.0442383 	0 	6.66667e-11 	-1.60605e-27 	5.47114e-28 	6.66667e-11 	0 	6.66667e-11
3 	0.0442383 	0 	6.66667e-11 	-3.60263e-27 	8.08436e-27 	6.66667e-11 	0 	6.66667e-11
3 	0.0442383 	0 	6.66667e-11 	-3.60263e-27 	8.08436e-27 	6.66667e-11 	0 	6.66667e-11
4 	0.0442383 	0 	6.66667e-11 	-1.01986e-27 	1.6919e-27 	6.66667e-11 	0 	6.66667e-11
4 	0.0442383 	0 	6.66667e-11 	-1.01986e-27 	1.6919e-27 	6.66667e-11 	0 	6.66667e-11
5 	0.0442383 	0 	6.66667e-11 	7.91053e-28 	-1.58393e-27 	6.66667e-11 	0 	6.66667e-11
5 	0.0442383 	0 	6.66667e-11 	7.91053e-28 	-1.58393e-27 	6.66667e-11 	0 	6.66667e-11
6 	0.0442383 	0 	6.66667e-11 	-2.53889e-27 	5.31932e-28 	6.66667e-11 	0 	6.66667e-11
6 	0.0442383 	0 	6.66667e-11 	-2.53889e-27 	5.31932e-28 	6.66667e-11 	0 	6.66667e-11
7 	0.0442383 	0 	6.66667e-11 	-1.24092e-27 	-3.52155e-28 	6.66667e-11 	0 	6.66667e-11
7 	0.0442383 	0 	6.66667e-11 	-1.24092e-27 	-3.52155e-28 	6.66667e-11 	0 	6.66667e-11
8 	0.471263 	0 	6.66667e-11 	-8.60015e-28 	-5.17319e-27 	6.66667e-11 	0 	6.66667e-11
8 	0.502206 	0 	6.66667e-11 	-1.00958e-27 	1.06924e-27 	6.66667e-11 	0 	6.66667e-11
0.05 	1.03092 	0 	6.66667e-11 	-1.26123e-27 	-7.40035e-27 	6.66667e-11 	0 	6.66667e-11
0.05 	1.03092 	0 	6.66667e-11 	-1.26123e-27 	-7.40035e-27 	6.66667e-11 	0 	6.66667e-11
1 	0.507284 	0 	6.66667e-11 	-1.30283e-27 	2.68186e-27 	6.66667e-11 	0 	6.66667e-11
1 	0.475099 	0 	6.66667e-11 	1.48353e-27 	6.53085e-27 	6.66667e-11 	0 	6.66667e-11
2 	0.0504271 	0 	6.66667e-11 	-1.49086e-28 	2.31841e-27 	6.66667e-11 	0 	6.66667e-11
2 	0.0504271 	0 	6.66667e-11 	-1.49086e-28 	2.31841e-27 	6.66667e-11 	0 	6.66667e-11
3 	0.0504271 	0 	6.66667e-11 	-1.31895e-27 	-3.59731e-27 	6.66667e-11 	0 	6.66667e-11
3 	0.0504271 	0 	6.66667e-11 	-1.31895e-27 	-3.59731e-27 	6.66667e-11 	0 	6.66667e-11
4 	0.0504271 	0 	6.66667e-11 	4.83194e-28 	3.87482e-27 	6.66667e-11 	0 	6.66667e-11
4 	0.0504271 	0 	6.66667e-11 	4.83194e-28 	3.87482e-27 	6.66667e-11 	0 	6.66667e-11
5 	0.0504271 	0 	6.66667e-11 	2.01655e-27 	-8.60006e-28 	6.66667e-11 	0 	6.66667e-11
5 	0.0504271 	0 	6.66667e-11 	2.01655e-27 	-8.60006e-28 	6.66667e-11 	0 	6.66667e-11
6 	0.0504271 	0 	6.66667e-11 	2.2186e-27 	-1.48924e-27 	6.66667e-11 	0 	6.66667e-11
6 	0.0504271 	0 	6.66667e-11 	2.2186e-27 	-1.48924e-27 	6.66667e-11 	0 	6.66667e-11
7 	0.0504271 	0 	6.66667e-11 	-2.30575e-28 	-3.675e-27 	6.66667e-11 	0 	6.66667e-11
7 	0.0504271 	0 	6.66667e-11 	-2.30575e-28 	-3.675e-27 	6.66667e-11 	0 	6.66667e-11
8 	0.477451 	0 	6.66667e-11 	1.41385e-27 	-7.30338e-27 	6.66667e-11 	0 	6.66667e-11
8 	0.508395 	0 	6.66667e-11 	9.84615e-28 	5.02376e-29 	6.66667e-11 	0 	6.66667e-11
0.05 	1.03529 	0 	6.66667e-11 	3.32035e-27 	9.84573e-27 	6.66667e-11 	0 	6.66667e-11
0.05 	1.03529 	0 	6.66667e-11 	3.32035e-27 	9.84573e-27 	6.66667e-11 	0 	6.66667e-11
1 	0.507284 	0 	6.66667e-11 	-1.30283e-27 	2.68186e-27 	6.66667e-11 	0 	6.66667e-11
1 	0.480463 	0 	6.66667e-11 	-6.33368e-28 	-3.956e-27 	6.66667e-11 	0 	6.66667e-11
2 	0.0504271 	0 	6.66667e-11 	-1.49086e-28 	2.31841e-27 	6.66667e-11 	0 	6.66667e-11
2 	0.0504271 	0 	6.66667e-11 	-1.49086e-28 	2.31841e-27 	6.66667e-11 	0 	6.66667e-11
3 	0.0504271 	0 	6.66667e-11 	-1.31895e-27 	-3.59731e-27 	6.66667e-11 	0 	6.66667e-11
3 	0.0504271 	0 	6.66667e-11 	-1.31895e-27 	-3.59731e-27 	6.66667e-11 	0 	6.66667e-11
4 	0.0504271 	0 	6.66667e-11 	4.83194e-28 	3.87482e-27 	6.66667e-11 	0 	6.66667e-11
4 	0.0504271 	0 	6.66667e-11 	4.83194e-28 	3.87482e-27 	6.66667e-11 	0 	6.66667e-11
5 	0.0504271 	0 	6.66667e-11 	2.01655e-27 	-8.60006e-28 	6.66667e-11 	0 	6.66667e-11
5 	0.0504271 	0 	6.66667e-11 	2.01655e-27 	-8.60006e-28 	6.66667e-11 	0 	6.66667e-11
6 	0.0504271 	0 	6.66667e-11 	2.2186e-27 	-1.48924e-27 	6.66667e-11 	0 	6.66667e-11
6 	0.0504271 	0 	6.66667e-11 	2.2186e-27 	-1.48924e-27 	6.66667e-11 	0 	6.66667e-11
7 	0.0504271 	0 	6.66667e-11 	-2.30575e-28 	-3.675e-27 	6.66667e-11 	0 	6.66667e-11
7 	0.0504271 	0 	6.66667e-11 	-2.30575e-28 	-3.675e-27 	6.66667e-11 	0 	6.66667e-11
8 	0.477451 	0 	6.66667e-11 	1.41385e-27 	-7.30338e-27 	6.66667e-11 	0 	6.66667e-11
8 	0.508395 	0 	6.66667e-11 	9.84615e-28 	5.02376e-29 	6.66667e-11 	0 	6.66667e-11
0.05 	1.03529 	0 	6.66667e-11 	3.32035e-27 	9.84573e-27 	6.66667e-11 	0 	6.66667e-11
0.05 	1.03529 	0 	6.66667e-11 	3.32035e-27 	9.84573e-27 	6.66667e-11 	0 	6.66667e-11
1 	0.512648 	0 	6.66667e-11 	2.31066e-27 	2.32846e-27 	6.66667e-11 	0 	6.66667e-11
1 	0.480463 	0 	6.66667e-11 	-6.33368e-28 	-3.956e-27 	6.66667e-11 	0 	6.66667e-11
2 	0.0566158 	0 	6.66667e-11 	2.51699e-27 	-2.91112e-27 	6.66667e-11 	0 	6.66667e-11
2 	0.0566158 	0 	6.66667e-11 	2.51699e-27 	-2.91112e-27 	6.66667e-11 	0 	6.66667e-11
3 	0.0566158 	0 	6.66667e-11 	1.15181e-27 	1.18145e-27 	6.66667e-11 	0 	6.66667e-11
3 	0.0566158 	0 	6.66667e-11 	1.15181e-27 	1.18145e-27 	6.66667e-11 	0 	6.66667e-11
4 	0.0566158 	0 	6.66667e-11 	2.25838e-28 	-2.15e-27 	6.66667e-11 	0 	6.66667e-11
4 	0.0566158 	0 	6.66667e-11 	2.25838e-28 	-2.15e-27 	6.66667e-11 	0 	6.66667e-11
5 	0.0566158 	0 	6.66667e-11 	-4.53597e-28 	-1.90958e-27 	6.66667e-11 	0 	6.66667e-11
5 	0.0566158 	0 	6.66667e-11 	-4.53597e-28 	-1.90958e-27 	6.66667e-11 	0 	6.66667e-11
6 	0.0566158 	0 	6.66667e-11 	7.28989e-28 	-9.85732e-27 	6.66667e-11 	0 	6.66667e-11
6 	0.0566158 	0 	6.66667e-11 	7.28989e-28 	-9.85732e-27 	6.66667e-11 	0 	6.66667e-11
7 	0.0566158 	0 	6.66667e-11 	1.99759e-27 	1.9366e-27 	6.66667e-11 	0 	6.66667e-11
7 	0.0566158 	0 	6.66667e-11 	1.99759e-27 	1.9366e-27 	6.66667e-11 	0 	6.66667e-11
8 	0.48364 	0 	6.66667e-11 	2.48799e-28 	-6.03264e-27 	6.66667e-11 	0 	6.66667e-11
8 	0.514584 	0 	6.66667e-11 	1.61974e-27 	-2.84851e-28 	6.66667e-11 	0 	6.66667e-11
0.05 	1.03965 	0 	6.66667e-11 	-1.04955e-27 	-8.39005e-27 	6.66667e-11 	0 	6.66667e-11
0.05 	1.03965 	0 	6.66667e-11 	-1.04955e-27 	-8.39005e-27 	6.66667e-11 	0 	6.66667e-11
1 	0.518012 	0 	6.66667e-11 	-6.83816e-28 	-4.00773e-27 	6.66667e-11 	0 	6.66667e-11
1 	0.485827 	0 	6.66667e-11 	2.02131e-28 	3.86147e-27 	6.66667e-11 	0 	6.66667e-11
2 	0.0566158 	0 	6.66667e-11 	2.51699e-27 	-2.91112e-27 	6.66667e-11 	0 	6.66667e-11
2 	0.0566158 	0 	6.66667e-11 	2.51699e-27 	-2.91112e-27 	6.66667e-11 	0 	6.66667e-11
3 	0.0566158 	0 	6.66667e-11 	1.15181e-27 	1.18145e-27 	6.66667e-11 	0 	6.66667e-11
3 	0.0566158 	0 	6.66667e-11 	1.15181e-27 	1.18145e-27 	6.66667e-11 	0 	6.66667e-11
4 	0.0566158 	0 	6.66667e-11 	2.25838e-28 	-2.15e-27 	6.66667e-11 	0 	6.66667e-11
4 	0.0566158 	0 	6.66667e-11 	2.25838e-28 	-2.15e-27 	6.66667e-11 	0 	6.66667e-11
5 	0.0566158 	0 	6.66667e-11 	-4.53597e-28 	-1.90958e-27 	6.66667e-11 	0 	6.66667e-11
5 	0.0566158 	0 	6.66667e-11 	-4.53597e-28 	-1.90958e-27 	6.66667e-11 	0 	6.66667e-11
6 	0.0566158 	0 	6.66667e-11 	7.28989e-28 	-9.85732e-27 	6.66667e-11 	0 	6.66667e-11
6 	0.0566158 	0 	6.66667e-11 	7.28989e-28 	-9.85732e-27 	6.66667e-11 	0 	6.66667e-11
7 	0.0566158 	0 	6.66667e-11 	1.99759e-27 	1.9366e-27 	6.66667e-11 	0 	6.66667e-11
7 	0.0566158 	0 	6.66667e-11 	1.99759e-27 	1.9366e-27 	6.66667e-11 	0 	6.66667e-11
8 	0.48364 	0 	6.66667e-11 	2.48799e-28 	-6.03264e-27 	6.66667e-11 	0 	6.66667e-11
8 	0.514584 	0 	6.66667e-11 	1.61974e-27 	-2.84851e-28 	6.66667e-11 	0 	6.66667e-11
0.05 	1.04401 	0 	6.66667e-11 	-1.60512e-27 	2.17551e-27 	6.66667e-11 	0 	6.66667e-11
0.05 	1.04401 	0 	6.66667e-11 	-1.60512e-27 	2.17551e-27 	6.66667e-11 	0 	6.66667e-11
1 	0.518012 	0 	6.66667e-11 	-6.83816e-28 	-4.00773e-27 	6.66667e-11 	0 	6.66667e-11
1 	0.491191 	0 	6.66667e-11 	-9.55976e-28 	-2.2186e-27 	6.66667e-11 	0 	6.66667e-11
2 	0.0628046 	0 	6.66667e-11 	-1.3103e-27 	-3.94903e-27 	6.66667e-11 	0 	6.66667e-11
2 	0.0628046 	0 	6.66667e-11 	-1.3103e-27 	-3.94903e-27 	6.66667e-11 	0 	6.66667e-11
3 	0.0628046 	0 	6.66667e-11 	-3.10803e-28 	-2.576e-27 	6.66667e-11 	0 	6.66667e-11
3 	0.0628046 	0 	6.66667e-11 	-3.10803e-28 	-2.576e-27 	6.66667e-11 	0 	6.66667e-11
4 	0.0628046 	0 	6.66667e-11 	-1.53943e-27 	-5.23662e-27 	6.66667e-11 	0 	6.66667e-11
4 	0.0628046 	0 	6.66667e-11 	-1.53943e-27 	-5.23662e-27 	6.66667e-11 	0 	6.66667e-11
5 	0.0628046 	0 	6.66667e-11 	-2.98004e-28 	-1.48367e-27 	6.66667e-11 	0 	6.66667e-11
5 	0.0628046 	0 	6.66667e-11 	-2.98004e-28 	-1.48367e-27 	6.66667e-11 	0 	6.66667e-11
6 	0.0628046 	0 	6.66667e-11 	-1.18351e-27 	6.71406e-27 	6.66667e-11 	0 	6.66667e-11
6 	0.0628046 	0 	6.66667e-11 	-1.18351e-27 	6.71406e-27 	6.66667e-11 	0 	6.66667e-11
7 	0.0628046 	0 	6.66667e-11 	1.73068e-28 	5.52024e-27 	6.66667e-11 	0 	6.66667e-11
7 	0.0628046 	0 	6.66667e-11 	1.73068e-28 	5.52024e-27 	6.66667e-11 	0 	6.66667e-11
8 	0.489829 	0 	6.66667e-11 	-2.86785e-27 	-2.42217e-27 	6.66667e-11 	0 	6.66667e-11
8 	0.520773 	0 	6.66667e-11 	8.816e-28 	3.17606e-27 	6.66667e-11 	0 	6.66667e-11
0.05 	1.04838 	0 	6.66667e-11 	-7.20747e-28 	3.64366e-27 	6.66667e-11 	0 	6.66667e-11
0.05 	1.04838 	0 	6.66667e-11 	-7.20747e-28 	3.64366e-27 	6.66667e-11 	0 	6.66667e-11
1 	0.523376 	0 	6.66667e-11 	-1.64814e-27 	9.7041e-28 	6.66667e-11 	0 	6.66667e-11
1 	0.496555 	0 	6.66667e-11 	2.46051e-27 	-4.19349e-27 	6.66667e-11 	0 	6.66667e-11
2 	0.0689934 	0 	6.66667e-11 	-7.29143e-28 	-7.39677e-29 	6.66667e-11 	0 	6.66667e-11
2 	0.0689934 	0 	6.66667e-11 	-7.29143e-28 	-7.39677e-29 	6.66667e-11 	0 	6.66667e-11
3 	0.0689934 	0 	6.66667e-11 	1.44504e-27 	-1.49774e-27 	6.66667e-11 	0 	6.66667e-11
3 	0.0689934 	0 	6.66667e-11 	1.44504e-27 	-1.49774e-27 	6.66667e-11 	0 	6.66667e-11
4 	0.0689934 	0 	6.66667e-11 	2.23112e-28 	-1.0532e-27 	6.66667e-11 	0 	6.66667e-11
4 	0.0689934 	0 	6.66667e-11 	2.23112e-28 	-1.0532e-27 	6.66667e-11 	0 	6.66667e-11
5 	0.0689934 	0 	6.66667e-11 	6.81541e-29 	4.8299e-27 	6.66667e-11 	0 	6.66667e-11
5 	0.0689934 	0 	6.66667e-11 	6.81541e-29 	4.8299e-27 	6.66667e-11 	0 	6.66667e-11
6 	0.0689934 	0 	6.66667e-11 	2.23295e-27 	-4.72095e-27 	6.66667e-11 	0 	6.66667e-11
6 	0.0689934 	0 	6.66667e-11 	2.23295e-27 	-4.72095e-27 	6.66667e-11 	0 	6.66667e-11
7 	0.0689934 	0 	6.66667e-11 	1.17326e-27 	2.85649e-32 	6.66667e-11 	0 	6.66667e-11
7 	0.0689934 	0 	6.66667e-11 	1.17326e-27 	2.85649e-32 	6.66667e-11 	0 	6.66667e-11
8 	0.496018 	0 	6.66667e-11 	7.20918e-28 	1.94784e-27 	6.66667e-11 	0 	6.66667e-11
8 	0.520773 	0 	6.66667e-11 	8.816e-28 	3.17606e-27 	6.66667e-11 	0 	6.66667e-11
0.05 	1.04838 	0 	6.66667e-11 	-7.20747e-28 	3.64366e-27 	6.66667e-11 	0 	6.66667e-11
0.05 	1.04838 	0 	6.66667e-11 	-7.20747e-28 	3.64366e-27 	6.66667e-11 	0 	6.66667e-11
1 	0.52874 	0 	6.66667e-11 	1.19517e-27 	3.15732e-27 	6.66667e-11 	0 	6.66667e-11
1 	0.496555 	0 	6.66667e-11 	2.46051e-27 	-4.19349e-27 	6.66667e-11 	0 	6.66667e-11
2 	0.0751821 	0 	6.66667e-11 	1.5702e-27 	-2.2669e-27 	6.66667e-11 	0 	6.66667e-11
2 	0.0751821 	0 	6.66667e-11 	1.5702e-27 	-2.2669e-27 	6.66667e-11 	0 	6.66667e-11
3 	0.0751821 	0 	6.66667e-11 	-2.28948e-27 	1.77612e-27 	6.66667e-11 	0 	6.66667e-11
3 	0.0751821 	0 	6.66667e-11 	-2.28948e-27 	1.77612e-27 	6.66667e-11 	0 	6.66667e-11
4 	0.0751821 	0 	6.66667e-11 	9.28835e-28 	3.2309e-27 	6.66667e-11 	0 	6.66667e-11
4 	0.0751821 	0 	6.66667e-11 	9.28835e-28 	3.2309e-27 	6.66667e-11 	0 	6.66667e-11
5 	0.0751821 	0 	6.66667e-11 	1.17524e-28 	2.17235e-27 	6.66667e-11 	0 	6.66667e-11
5 	0.0751821 	0 	6.66667e-11 	1.17524e-28 	2.17235e-27 	6.66667e-11 	0 	6.66667e-11
6 	0.0751821 	0 	6.66667e-11 	4.07941e-28 	-1.00495e-27 	6.66667e-11 	0 	6.66667e-11
6 	0.0751821 	0 	6.66667e-11 	4.07941e-28 	-1.00495e-27 	6.66667e-11 	0 	6.66667e-11
7 	0.0751821 	0 	6.66667e-11 	1.09347e-27 	-3.83128e-28 	6.66667e-11 	0 	6.66667e-11
7 	0.0751821 	0 	6.66667e-11 	1.09347e-27 	-3.83128e-28 	6.66667e-11 	0 	6.66667e-11
8 	0.496018 	0 	6.66667e-11 	7.20918e-28 	1.94784e-27 	6.66667e-11 	0 	6.66667e-11
8 	0.526961 	0 	6.66667e-11 	3.79202e-28 	-7.40268e-27 	6.66667e-11 	0 	6.66667e-11
0.05 	1.05274 	0 	6.66667e-11 	1.12161e-28 	7.29941e-27 	6.66667e-11 	0 	6.66667e-11
0.05 	1.05274 	0 	6.66667e-11 	1.12161e-28 	7.29941e-27 	6.66667e-11 	0 	6.66667e-11
1 	0.534105 	0 	6.66667e-11 	8.95573e-28 	-3.77838e-29 	6.66667e-11 	0 	6.66667e-11
1 	0.50192 	0 	6.66667e-11 	-1.30293e-27 	-1.89258e-27 	6.66667e-11 	0 	6.66667e-11
2 	0.0813709 	0 	6.66667e-11 	-7.1121e-28 	4.05586e-28 	6.66667e-11 	0 	6.66667e-11
2 	0.0813709 	0 	6.66667e-11 	-7.1121e-28 	4.05586e-28 	6.66667e-11 	0 	6.66667e-11
3 	0.0813709 	0 	6.66667e-11 	8.2327e-28 	-1.51162e-27 	6.66667e-11 	0 	6.66667e-11
3 	0.0813709 	0 	6.66667e-11 	8.2327e-28 	-1.51162e-27 	6.66667e-11 	0 	6.66667e-11
4 	0.0813709 	0 	6.66667e-11 	-3.28257e-28 	2.48886e-28 	6.66667e-11 	0 	6.66667e-11
4 	0.0813709 	0 	6.66667e-11 	-3.28257e-28 	2.48886e-28 	6.66667e-11 	0 	6.66667e-11
5 	0.0813709 	0 	6.66667e-11 	-7.78072e-30 	2.00726e-27 	6.66667e-11 	0 	6.66667e-11
5 	0.0813709 	0 	6.66667e-11 	-7.78072e-30 	2.00726e-27 	6.66667e-11 	0 	6.66667e-11
6 	0.0813709 	0 	6.66667e-11 	-2.60811e-28 	-1.06538e-27 	6.66667e-11 	0 	6.66667e-11
6 	0.0813709 	0 	6.66667e-11 	-2.60811e-28 	-1.06538e-27 	6.66667e-11 	0 	6.66667e-11
7 	0.0813709 	0 	6.66667e-11 	-1.0774e-27 	-2.75483e-29 	6.66667e-11 	0 	6.66667e-11
7 	0.0813709 	0 	6.66667e-11 	-1.0774e-27 	-2.75483e-29 	6.66667e-11 	0 	6.66667e-11
8 	0.502206 	0 	6.66667e-11 	-1.00958e-27 	1.06924e-27 	6.66667e-11 	0 	6.66667e-11
8 	0.53315 	0 	6.66667e-11 	-2.69295e-27 	-2.40098e-28 	6.66667e-11 	0 	6.66667e-11
0.05 	1.05711 	0 	6.66667e-11 	3.8129e-29 	-2.76231e-28 	6.66667e-11 	0 	6.66667e-11
0.05 	1.05711 	0 	6.66667e-11 	3.8129e-29 	-2.76231e-28 	6.66667e-11 	0 	6.66667e-11
1 	0.534105 	0 	6.66667e-11 	8.95573e-28 	-3.77838e-29 	6.66667e-11 	0 	6.66667e-11
1 	0.507284 	0 	6.66667e-11 	-1.30283e-27 	2.68186e-27 	6.66667e-11 	0 	6.66667e-11
2 	0.0875596 	0 	6.66667e-11 	-8.6433e-28 	2.90734e-29 	6.66667e-11 	0 	6.66667e-11
2 	0.0875596 	0 	6.66667e-11 	-8.6433e-28 	2.90734e-29 	6.66667e-11 	0 	6.66667e-11
3 	0.0875596 	0 	6.66667e-11 	8.1113e-28 	3.13714e-27 	6.66667e-11 	0 	6.66667e-11
3 	0.0875596 	0 	6.66667e-11 	8.1113e-28 	3.13714e-27 	6.66667e-11 	0 	6.66667e-11
4 	0.0875596 	0 	6.66667e-11 	-2.01952e-27 	2.85295e-27 	6.66667e-11 	0 	6.66667e-11
4 	0.0875596 	0 	6.66667e-11 	-2.01952e-27 	2.85295e-27 	6.66667e-11 	0 	6.66667e-11
5 	0.0875596 	0 	6.66667e-11 	1.07762e-31 	-2.35462e-27 	6.66667e-11 	0 	6.66667e-11
5 	0.0875596 	0 	6.66667e-11 	1.07762e-31 	-2.35462e-27 	6.66667e-11 	0 	6.66667e-11
6 	0.0875596 	0 	6.66667e-11 	-4.53978e-29 	2.35366e-27 	6.66667e-11 	0 	6.66667e-11
6 	0.0875596 	0 	6.66667e-11 	-4.53978e-29 	2.35366e-27 	6.66667e-11 	0 	6.66667e-11
7 	0.0875596 	0 	6.66667e-11 	7.02254e-29 	3.98246e-28 	6.66667e-11 	0 	6.66667e-11
7 	0.0875596 	0 	6.66667e-11 	7.02254e-29 	3.98246e-28 	6.66667e-11 	0 	6.66667e-11
8 	0.508395 	0 	6.66667e-11 	9.84615e-28 	5.02376e-29 	6.66667e-11 	0 	6.66667e-11
8 	0.539339 	0 	6.66667e-11 	-4.81501e-28 	3.72602e-27 	6.66667e-11 	0 	6.66667e-11
0.05 	1.06147 	0 	6.66667e-11 	7.77824e-28 	-1.33213e-26 	6.66667e-11 	0 	6.66667e-11
0.05 	1.06147 	0 	6.66667e-11 	7.77824e-28 	-1.33213e-26 	6.66667e-11 	0 	6.66667e-11
1 	0.539469 	0 	6.66667e-11 	5.49815e-28 	1.16778e-29 	6.66667e-11 	0 	6.66667e-11
1 	0.512648 	0 	6.66667e-11 	2.31066e-27 	2.32846e-27 	6.66667e-11 	0 	6.66667e-11
2 	0.0875596 	0 	6.66667e-11 	-8.6433e-28 	2.90734e-29 	6.66667e-11 	0 	6.66667e-11
2 	0.0875596 	0 	6.66667e-11 	-8.6433e-28 	2.90734e-29 	6.66667e-11 	0 	6.66667e-11
3 	0.0875596 	0 	6.66667e-11 	8.1113e-28 	3.13714e-27 	6.66667e-11 	0 	6.66667e-11
3 	0.0875596 	0 	6.66667e-11 	8.1113e-28 	3.13714e-27 	6.66667e-11 	0 	6.66667e-11
4 	0.0875596 	0 	6.66667e-11 	-2.01952e-27 	2.85295e-27 	6.66667e-11 	0 	6.66667e-11
4 	0.0875596 	0 	6.66667e-11 	-2.01952e-27 	2.85295e-27 	6.66667e-11 	0 	6.66667e-11
5 	0.0875596 	0 	6.66667e-11 	1.07762e-31 	-2.35462e-27 	6.66667e-11 	0 	6.66667e-11
5 	0.0875596 	0 	6.66667e-11 	1.07762e-31 	-2.35462e-27 	6.66667e-11 	0 	6.66667e-11
6 	0.0875596 	0 	6.66667e-11 	-4.53978e-29 	2.35366e-27 	6.66667e-11 	0 	6.66667e-11
6 	0.0875596 	0 	6.66667e-11 	-4.53978e-29 	2.35366e-27 	6.66667e-11 	0 	6.66667e-11
7 	0.0875596 	0 	6.66667e-11 	7.02254e-29 	3.98246e-28 	6.66667e-11 	0 	6.66667e-11
7 	0.0875596 	0 	6.66667e-11 	7.02254e-29 	3.98246e-28 	6.66667e-11 	0 	6.66667e-11
8 	0.514584 	0 	6.66667e-11 	1.61974e-27 	-2.84851e-28 	6.66667e-11 	0 	6.66667e-11
8 	0.539339 	0 	6.66667e-11 	-4.81501e-28 	3.72602e-27 	6.66667e-11 	0 	6.66667e-11
0.05 	1.06583 	0 	6.66667e-11 	-2.30249e-27 	7.47066e-28 	6.66667e-11 	0 	6.66667e-11
0.05 	1.06583 	0 	6.66667e-11 	-2.30249e-27 	7.47066e-28 	6.66667e-11 	0 	6.66667e-11
1 	0.544833 	0 	6.66667e-11 	5.55485e-28 	5.65848e-29 	6.66667e-11 	0 	6.66667e-11
1 	0.518012 	0 	6.66667e-11 	-6.83816e-28 	-4.00773e-27 	6.66667e-11 	0 	6.66667e-11
2 	0.0937484 	0 	6.66667e-11 	6.68362e-30 	8.27675e-29 	6.66667e-11 	0 	6.66667e-11
2 	0.0937484 	0 	6.66667e-11 	6.68362e-30 	8.27675e-29 	6.66667e-11 	0 	6.66667e-11
3 	0.0937484 	0 	6.66667e-11 	-2.34257e-28 	1.41099e-27 	6.66667e-11 	0 	6.66667e-11
3 	0.0937484 	0 	6.66667e-11 	-2.34257e-28 	1.41099e-27 	6.66667e-11 	0 	6.66667e-11
4 	0.0937484 	0 	6.66667e-11 	2.98888e-28 	1.61962e-27 	6.66667e-11 	0 	6.66667e-11
4 	0.0937484 	0 	6.66667e-11 	2.98888e-28 	1.61962e-27 	6.66667e-11 	0 	6.66667e-11
5 	0.0937484 	0 	6.66667e-11 	1.44477e-28 	-2.1086e-27 	6.66667e-11 	0 	6.66667e-11
5 	0.0937484 	0 	6.66667e-11 	1.44477e-28 	-2.1086e-27 	6.66667e-11 	0 	6.66667e-11
6 	0.0937484 	0 	6.66667e-11 	3.83426e-28 	1.47256e-27 	6.66667e-11 	0 	6.66667e-11
6 	0.0937484 	0 	6.66667e-11 	3.83426e-28 	1.47256e-27 	6.66667e-11 	0 	6.66667e-11
7 	0.0937484 	0 	6.66667e-11 	1.89526e-29 	-8.68214e-28 	6.66667e-11 	0 	6.66667e-11
7 	0.0937484 	0 	6.66667e-11 	1.89526e-29 	-8.68214e-28 	6.66667e-11 	0 	6.66667e-11
8 	0.520773 	0 	6.66667e-11 	8.816e-28 	3.17606e-27 	6.66667e-11 	0 	6.66667e-11
8 	0.545528 	0 	6.66667e-11 	1.15566e-27 	-1.8264e-28 	6.66667e-11 	0 	6.66667e-11
0.05 	1.0702 	0 	6.66667e-11 	-1.85061e-27 	6.20617e-27 	6.66667e-11 	0 	6.66667e-11
0.05 	1.0702 	0 	6.66667e-11 	-1.85061e-27 	6.20617e-27 	6.66667e-11 	0 	6.66667e-11
1 	0.550197 	0 	6.66667e-11 	-6.29605e-28 	6.9915e-28 	6.66667e-11 	0 	6.66667e-11
1 	0.523376 	0 	6.66667e-11 	-1.64814e-27 	9.7041e-28 	6.66667e-11 	0 	6.66667e-11
2 	0.106126 	0 	6.66667e-11 	-7.22482e-28 	-2.36992e-28 	6.66667e-11 	0 	6.66667e-11
2 	0.106126 	0 	6.66667e-11 	-7.22482e-28 	-2.36992e-28 	6.66667e-11 	0 	6.66667e-11
3 	0.106126 	0 	6.66667e-11 	-8.69682e-28 	6.32521e-33 	6.66667e-11 	0 	6.66667e-11
3 	0.106126 	0 	6.66667e-11 	-8.69682e-28 	6.32521e-33 	6.66667e-11 	0 	6.66667e-11
4 	0.106126 	0 	6.66667e-11 	6.99851e-31 	-2.07783e-27 	6.66667e-11 	0 	6.66667e-11
4 	0.106126 	0 	6.66667e-11 	6.99851e-31 	-2.07783e-27 	6.66667e-11 	0 	6.66667e-11
5 	0.106126 	0 	6.66667e-11 	-8.56604e-28 	-6.98506e-28 	6.66667e-11 	0 	6.66667e-11
5 	0.106126 	0 	6.66667e-11 	-8.56604e-28 	-6.98506e-28 	6.66667e-11 	0 	6.66667e-11
6 	0.106126 	0 	6.66667e-11 	-8.32711e-28 	-3.67283e-34 	6.66667e-11 	0 	6.66667e-11
6 	0.106126 	0 	6.66667e-11 	-8.32711e-28 	-3.67283e-34 	6.66667e-11 	0 	6.66667e-11
7 	0.106126 	0 	6.66667e-11 	-1.47077e-27 	5.97755e-28 	6.66667e-11 	0 	6.66667e-11
7 	0.106126 	0 	6.66667e-11 	-1.47077e-27 	5.97755e-28 	6.66667e-11 	0 	6.66667e-11
8 	0.526961 	0 	6.66667e-11 	3.79202e-28 	-7.40268e-27 	6.66667e-11 	0 	6.66667e-11
8 	0.551716 	0 	6.66667e-11 	6.34815e-28 	-1.83835e-27 	6.66667e-11 	0 	6.66667e-11
0.05 	1.07456 	0 	6.66667e-11 	1.02392e-27 	2.62303e-31 	6.66667e-11 	0 	6.66667e-11
0.05 	1.07456 	0 	6.66667e-11 	1.02392e-27 	2.62303e-31 	6.66667e-11 	0 	6.66667e-11
1 	0.560926 	0 	6.66667e-11 	2.88196e-29 	7.04972e-29 	6.66667e-11 	0 	6.66667e-11
1 	0.52874 	0 	6.66667e-11 	1.19517e-27 	3.15732e-27 	6.66667e-11 	0 	6.66667e-11
2 	0.112315 	0 	6.66667e-11 	-1.75731e-28 	-1.80701e-27 	6.66667e-11 	0 	6.66667e-11
2 	0.112315 	0 	6.66667e-11 	-1.75731e-28 	-1.80701e-27 	6.66667e-11 	0 	6.66667e-11
3 	0.112315 	0 	6.66667e-11 	-1.50385e-28 	6.41293e-33 	6.66667e-11 	0 	6.66667e-11
3 	0.112315 	0 	6.66667e-11 	-1.50385e-28 	6.41293e-33 	6.66667e-11 	0 	6.66667e-11
4 	0.112315 	0 	6.66667e-11 	9.08809e-29 	-5.3193e-28 	6.66667e-11 	0 	6.66667e-11
4 	0.112315 	0 	6.66667e-11 	9.08809e-29 	-5.3193e-28 	6.66667e-11 	0 	6.66667e-11
5 	0.112315 	0 	6.66667e-11 	-1.04058e-27 	-4.85506e-27 	6.66667e-11 	0 	6.66667e-11
5 	0.112315 	0 	6.66667e-11 	-1.04058e-27 	-4.85506e-27 	6.66667e-11 	0 	6.66667e-11
6 	0.112315 	0 	6.66667e-11 	8.77368e-28 	-5.92603e-28 	6.66667e-11 	0 	6.66667e-11
6 	0.112315 	0 	6.66667e-11 	8.77368e-28 	-5.92603e-28 	6.66667e-11 	0 	6.66667e-11
7 	0.112315 	0 	6.66667e-11 	-7.83955e-28 	1.80238e-27 	6.66667e-11 	0 	6.66667e-11
7 	0.112315 	0 	6.66667e-11 	-7.83955e-28 	1.80238e-27 	6.66667e-11 	0 	6.66667e-11
8 	0.53315 	0 	6.66667e-11 	-2.69295e-27 	-2.40098e-28 	6.66667e-11 	0 	6.66667e-11
8 	0.557905 	0 	6.66667e-11 	4.80659e-28 	-1.56941e-28 	6.66667e-11 	0 	6.66667e-11
0.05 	1.07893 	0 	6.66667e-11 	1.02403e-27 	2.32405e-31 	6.66667e-11 	0 	6.66667e-11
0.05 	1.07893 	0 	6.66667e-11 	1.02403e-27 	2.32405e-31 	6.66667e-11 	0 	6.66667e-11
1 	0.56629 	0 	6.66667e-11 	4.85435e-28 	-1.15716e-27 	6.66667e-11 	0 	6.66667e-11
1 	0.534105 	0 	6.66667e-11 	8.95573e-28 	-3.77838e-29 	6.66667e-11 	0 	6.66667e-11
2 	0.118503 	0 	6.66667e-11 	4.46506e-28 	-3.97263e-27 	6.66667e-11 	0 	6.66667e-11
2 	0.118503 	0 	6.66667e-11 	4.46506e-28 	-3.97263e-27 	6.66667e-11 	0 	6.66667e-11
3 	0.118503 	0 	6.66667e-11 	1.38319e-27 	-1.71766e-36 	6.66667e-11 	0 	6.66667e-11
3 	0.118503 	0 	6.66667e-11 	1.38319e-27 	-1.71766e-36 	6.66667e-11 	0 	6.66667e-11
4 	0.118503 	0 	6.66667e-11 	6.15264e-28 	-1.91232e-32 	6.66667e-11 	0 	6.66667e-11
4 	0.118503 	0 	6.66667e-11 	6.15264e-28 	-1.91232e-32 	6.66667e-11 	0 	6.66667e-11
5 	0.118503 	0 	6.66667e-11 	5.21443e-28 	1.16007e-27 	6.66667e-11 	0 	6.66667e-11
5 	0.118503 	0 	6.66667e-11 	5.21443e-28 	1.16007e-27 	6.66667e-11 	0 	6.66667e-11
6 	0.118503 	0 	6.66667e-11 	1.44698e-27 	-1.25065e-27 	6.66667e-11 	0 	6.66667e-11
6 	0.118503 	0 	6.66667e-11 	1.44698e-27 	-1.25065e-27 	6.66667e-11 	0 	6.66667e-11
7 	0.118503 	0 	6.66667e-11 	-1.03643e-28 	4.00546e-27 	6.66667e-11 	0 	6.66667e-11
7 	0.118503 	0 	6.66667e-11 	-1.03643e-28 	4.00546e-27 	6.66667e-11 	0 	6.66667e-11
8 	0.539339 	0 	6.66667e-11 	-4.81501e-28 	3.72602e-27 	6.66667e-11 	0 	6.66667e-11
8 	0.564094 	0 	6.66667e-11 	-7.98868e-28 	1.71918e-27 	6.66667e-11 	0 	6.66667e-11
0.05 	1.08329 	0 	6.66667e-11 	-3.05442e-28 	2.02324e-27 	6.66667e-11 	0 	6.66667e-11
0.05 	1.08329 	0 	6.66667e-11 	-3.05442e-28 	2.02324e-27 	6.66667e-11 	0 	6.66667e-11
1 	0.571654 	0 	6.66667e-11 	7.68659e-29 	-6.37313e-28 	6.66667e-11 	0 	6.66667e-11
1 	0.544833 	0 	6.66667e-11 	5.55485e-28 	5.65848e-29 	6.66667e-11 	0 	6.66667e-11
2 	0.124692 	0 	6.66667e-11 	3.81767e-28 	-7.46971e-28 	6.66667e-11 	0 	6.66667e-11
2 	0.124692 	0 	6.66667e-11 	3.81767e-28 	-7.46971e-28 	6.66667e-11 	0 	6.66667e-11
3 	0.124692 	0 	6.66667e-11 	-9.85238e-29 	-3.00634e-28 	6.66667e-11 	0 	6.66667e-11
3 	0.124692 	0 	6.66667e-11 	-9.85238e-29 	-3.00634e-28 	6.66667e-11 	0 	6.66667e-11
4 	0.124692 	0 	6.66667e-11 	4.37091e-29 	-1.64795e-32 	6.66667e-11 	0 	6.66667e-11
4 	0.124692 	0 	6.66667e-11 	4.37091e-29 	-1.64795e-32 	6.66667e-11 	0 	6.66667e-11
5 	0.124692 	0 	6.66667e-11 	-3.97131e-28 	4.61154e-27 	6.66667e-11 	0 	6.66667e-11
5 	0.124692 	0 	6.66667e-11 	-3.97131e-28 	4.61154e-27 	6.66667e-11 	0 	6.66667e-11
6 	0.124692 	0 	6.66667e-11 	6.5286e-29 	6.30359e-28 	6.66667e-11 	0 	6.66667e-11
6 	0.124692 	0 	6.66667e-11 	6.5286e-29 	6.30359e-28 	6.66667e-11 	0 	6.66667e-11
7 	0.124692 	0 	6.66667e-11 	-1.41228e-28 	8.88394e-28 	6.66667e-11 	0 	6.66667e-11
7 	0.124692 	0 	6.66667e-11 	-1.41228e-28 	8.88394e-28 	6.66667e-11 	0 	6.66667e-11
8 	0.545528 	0 	6.66667e-11 	1.15566e-27 	-1.8264e-28 	6.66667e-11 	0 	6.66667e-11
8 	0.570283 	0 	6.66667e-11 	-5.78872e-28 	3.61148e-29 	6.66667e-11 	0 	6.66667e-11
0.05 	1.09202 	0 	6.66667e-11 	-6.34267e-28 	-6.08376e-28 	6.66667e-11 	0 	6.66667e-11
0.05 	1.09202 	0 	6.66667e-11 	-6.34267e-28 	-6.08376e-28 	6.66667e-11 	0 	6.66667e-11
1 	0.577018 	0 	6.66667e-11 	3.50259e-28 	-2.40335e-30 	6.66667e-11 	0 	6.66667e-11
1 	0.550197 	0 	6.66667e-11 	-6.29605e-28 	6.9915e-28 	6.66667e-11 	0 	6.66667e-11
2 	0.13707 	0 	6.66667e-11 	-7.03957e-28 	2.73061e-27 	6.66667e-11 	0 	6.66667e-11
2 	0.13707 	0 	6.66667e-11 	-7.03957e-28 	2.73061e-27 	6.66667e-11 	0 	6.66667e-11
3 	0.13707 	0 	6.66667e-11 	-1.36392e-29 	-4.33617e-29 	6.66667e-11 	0 	6.66667e-11
3 	0.13707 	0 	6.66667e-11 	-1.36392e-29 	-4.33617e-29 	6.66667e-11 	0 	6.66667e-11
4 	0.13707 	0 	6.66667e-11 	-2.51615e-28 	-1.4948e-27 	6.66667e-11 	0 	6.66667e-11
4 	0.13707 	0 	6.66667e-11 	-2.51615e-28 	-1.4948e-27 	6.66667e-11 	0 	6.66667e-11
5 	0.13707 	0 	6.66667e-11 	1.35033e-28 	-1.03735e-27 	6.66667e-11 	0 	6.66667e-11
5 	0.13707 	0 	6.66667e-11 	1.35033e-28 	-1.03735e-27 	6.66667e-11 	0 	6.66667e-11
6 	0.13707 	0 	6.66667e-11 	-5.40049e-28 	-3.63909e-29 	6.66667e-11 	0 	6.66667e-11
6 	0.13707 	0 	6.66667e-11 	-5.40049e-28 	-3.63909e-29 	6.66667e-11 	0 	6.66667e-11
7 	0.13707 	0 	6.66667e-11 	5.65072e-28 	-2.89798e-27 	6.66667e-11 	0 	6.66667e-11
7 	0.13707 	0 	6.66667e-11 	5.65072e-28 	-2.89798e-27 	6.66667e-11 	0 	6.66667e-11
8 	0.551716 	0 	6.66667e-11 	6.34815e-28 	-1.83835e-27 	6.66667e-11 	0 	6.66667e-11
8 	0.576471 	0 	6.66667e-11 	8.38491e-28 	2.20539e-27 	6.66667e-11 	0 	6.66667e-11
0.05 	1.09638 	0 	6.66667e-11 	7.89762e-30 	-2.57766e-27 	6.66667e-11 	0 	6.66667e-11
0.05 	1.09638 	0 	6.66667e-11 	7.89762e-30 	-2.57766e-27 	6.66667e-11 	0 	6.66667e-11
1 	0.587747 	0 	6.66667e-11 	5.13121e-28 	4.39596e-30 	6.66667e-11 	0 	6.66667e-11
1 	0.560926 	0 	6.66667e-11 	2.88196e-29 	7.04972e-29 	6.66667e-11 	0 	6.66667e-11
2 	0.143258 	0 	6.66667e-11 	-9.07186e-28 	1.79536e-29 	6.66667e-11 	0 	6.66667e-11
2 	0.143258 	0 	6.66667e-11 	-9.07186e-28 	1.79536e-29 	6.66667e-11 	0 	6.66667e-11
3 	0.143258 	0 	6.66667e-11 	1.92493e-28 	5.99114e-28 	6.66667e-11 	0 	6.66667e-11
3 	0.143258 	0 	6.66667e-11 	1.92493e-28 	5.99114e-28 	6.66667e-11 	0 	6.66667e-11
4 	0.143258 	0 	6.66667e-11 	3.08263e-28 	-2.8995e-27 	6.66667e-11 	0 	6.66667e-11
4 	0.143258 	0 	6.66667e-11 	3.08263e-28 	-2.8995e-27 	6.66667e-11 	0 	6.66667e-11
5 	0.143258 	0 	6.66667e-11 	3.28827e-28 	1.16839e-29 	6.66667e-11 	0 	6.66667e-11
5 	0.143258 	0 	6.66667e-11 	3.28827e-28 	1.16839e-29 	6.66667e-11 	0 	6.66667e-11
6 	0.143258 	0 	6.66667e-11 	-5.4454e-28 	3.72888e-28 	6.66667e-11 	0 	6.66667e-11
6 	0.143258 	0 	6.66667e-11 	-5.4454e-28 	3.72888e-28 	6.66667e-11 	0 	6.66667e-11
7 	0.143258 	0 	6.66667e-11 	-2.3776e-28 	-2.29155e-29 	6.66667e-11 	0 	6.66667e-11
7 	0.143258 	0 	6.66667e-11 	-2.3776e-28 	-2.29155e-29 	6.66667e-11 	0 	6.66667e-11
8 	0.557905 	0 	6.66667e-11 	4.80659e-28 	-1.56941e-28 	6.66667e-11 	0 	6.66667e-11
8 	0.588849 	0 	6.66667e-11 	-2.37826e-28 	1.70246e-27 	6.66667e-11 	0 	6.66667e-11
0.05 	1.10075 	0 	6.66667e-11 	5.44693e-28 	-7.94587e-28 	6.66667e-11 	0 	6.66667e-11
0.05 	1.10075 	0 	6.66667e-11 	5.44693e-28 	-7.94587e-28 	6.66667e-11 	0 	6.66667e-11
1 	0.593111 	0 	6.66667e-11 	-3.66489e-28 	-1.63867e-28 	6.66667e-11 	0 	6.66667e-11
1 	0.56629 	0 	6.66667e-11 	4.85435e-28 	-1.15716e-27 	6.66667e-11 	0 	6.66667e-11
2 	0.155636 	0 	6.66667e-11 	4.99046e-28 	9.12011e-28 	6.66667e-11 	0 	6.66667e-11
2 	0.155636 	0 	6.66667e-11 	4.99046e-28 	9.12011e-28 	6.66667e-11 	0 	6.66667e-11
3 	0.155636 	0 	6.66667e-11 	-3.38083e-28 	1.45547e-27 	6.66667e-11 	0 	6.66667e-11
3 	0.155636 	0 	6.66667e-11 	-3.38083e-28 	1.45547e-27 	6.66667e-11 	0 	6.66667e-11
4 	0.155636 	0 	6.66667e-11 	2.17456e-28 	2.02216e-27 	6.66667e-11 	0 	6.66667e-11
4 	0.155636 	0 	6.66667e-11 	2.17456e-28 	2.02216e-27 	6.66667e-11 	0 	6.66667e-11
5 	0.155636 	0 	6.66667e-11 	7.9233e-29 	-3.86998e-28 	6.66667e-11 	0 	6.66667e-11
5 	0.155636 	0 	6.66667e-11 	7.9233e-29 	-3.86998e-28 	6.66667e-11 	0 	6.66667e-11
6 	0.155636 	0 	6.66667e-11 	1.32772e-27 	2.04356e-27 	6.66667e-11 	0 	6.66667e-11
6 	0.155636 	0 	6.66667e-11 	1.32772e-27 	2.04356e-27 	6.66667e-11 	0 	6.66667e-11
7 	0.155636 	0 	6.66667e-11 	3.54433e-28 	-7.3271e-29 	6.66667e-11 	0 	6.66667e-11
7 	0.155636 	0 	6.66667e-11 	3.54433e-28 	-7.3271e-29 	6.66667e-11 	0 	6.66667e-11
8 	0.564094 	0 	6.66667e-11 	-7.98868e-28 	1.71918e-27 	6.66667e-11 	0 	6.66667e-11
8 	0.595038 	0 	6.66667e-11 	-2.04729e-28 	-4.8108e-27 	6.66667e-11 	0 	6.66667e-11
0.05 	1.10948 	0 	6.66667e-11 	7.65295e-29 	6.55153e-33 	6.66667e-11 	0 	6.66667e-11
0.05 	1.10948 	0 	6.66667e-11 	7.65295e-29 	6.55153e-33 	6.66667e-11 	0 	6.66667e-11
1 	0.603839 	0 	6.66667e-11 	-5.60732e-28 	-3.94824e-29 	6.66667e-11 	0 	6.66667e-11
1 	0.577018 	0 	6.66667e-11 	3.50259e-28 	-2.40335e-30 	6.66667e-11 	0 	6.66667e-11
2 	0.161825 	0 	6.66667e-11 	4.40525e-28 	-2.24425e-27 	6.66667e-11 	0 	6.66667e-11
2 	0.161825 	0 	6.66667e-11 	4.40525e-28 	-2.24425e-27 	6.66667e-11 	0 	6.66667e-11
3 	0.161825 	0 	6.66667e-11 	-3.13307e-28 	4.02126e-27 	6.66667e-11 	0 	6.66667e-11
3 	0.161825 	0 	6.66667e-11 	-3.13307e-28 	4.02126e-27 	6.66667e-11 	0 	6.66667e-11
4 	0.161825 	0 	6.66667e-11 	5.82562e-29 	2.82392e-27 	6.66667e-11 	0 	6.66667e-11
4 	0.161825 	0 	6.66667e-11 	5.82562e-29 	2.82392e-27 	6.66667e-11 	0 	6.66667e-11
5 	0.161825 	0 	6.66667e-11 	-3.27762e-28 	-1.65903e-27 	6.66667e-11 	0 	6.66667e-11
5 	0.161825 	0 	6.66667e-11 	-3.27762e-28 	-1.65903e-27 	6.66667e-11 	0 	6.66667e-11
6 	0.161825 	0 	6.66667e-11 	7.93176e-28 	-5.57395e-28 	6.66667e-11 	0 	6.66667e-11
6 	0.161825 	0 	6.66667e-11 	7.93176e-28 	-5.57395e-28 	6.66667e-11 	0 	6.66667e-11
7 	0.161825 	0 	6.66667e-11 	6.83994e-29 	-6.2313e-28 	6.66667e-11 	0 	6.66667e-11
7 	0.161825 	0 	6.66667e-11 	6.83994e-29 	-6.2313e-28 	6.66667e-11 	0 	6.66667e-11
8 	0.576471 	0 	6.66667e-11 	8.38491e-28 	2.20539e-27 	6.66667e-11 	0 	6.66667e-11
8 	0.601226 	0 	6.66667e-11 	-2.69987e-28 	-7.08269e-27 	6.66667e-11 	0 	6.66667e-11
0.05 	1.1182 	0 	6.66667e-11 	6.3254e-28 	-2.20962e-33 	6.66667e-11 	0 	6.66667e-11
0.05 	1.1182 	0 	6.66667e-11 	6.3254e-28 	-2.20962e-33 	6.66667e-11 	0 	6.66667e-11
1 	0.614567 	0 	6.66667e-11 	3.7782e-28 	8.50742e-28 	6.66667e-11 	0 	6.66667e-11
1 	0.582382 	0 	6.66667e-11 	1.25525e-27 	1.35448e-29 	6.66667e-11 	0 	6.66667e-11
2 	0.174202 	0 	6.66667e-11 	-8.23331e-28 	-3.37409e-27 	6.66667e-11 	0 	6.66667e-11
2 	0.174202 	0 	6.66667e-11 	-8.23331e-28 	-3.37409e-27 	6.66667e-11 	0 	6.66667e-11
3 	0.174202 	0 	6.66667e-11 	-5.18433e-28 	-6.30379e-28 	6.66667e-11 	0 	6.66667e-11
3 	0.174202 	0 	6.66667e-11 	-5.18433e-28 	-6.30379e-28 	6.66667e-11 	0 	6.66667e-11
4 	0.174202 	0 	6.66667e-11 	4.06497e-28 	-1.68241e-27 	6.66667e-11 	0 	6.66667e-11
4 	0.174202 	0 	6.66667e-11 	4.06497e-28 	-1.68241e-27 	6.66667e-11 	0 	6.66667e-11
5 	0.174202 	0 	6.66667e-11 	-8.71517e-28 	-7.98947e-28 	6.66667e-11 	0 	6.66667e-11
5 	0.174202 	0 	6.66667e-11 	-8.71517e-28 	-7.98947e-28 	6.66667e-11 	0 	6.66667e-11
6 	0.174202 	0 	6.66667e-11 	-7.17786e-28 	-2.93939e-27 	6.66667e-11 	0 	6.66667e-11
6 	0.174202 	0 	6.66667e-11 	-7.17786e-28 	-2.93939e-27 	6.66667e-11 	0 	6.66667e-11
7 	0.174202 	0 	6.66667e-11 	-4.326e-28 	-6.84925e-28 	6.66667e-11 	0 	6.66667e-11
7 	0.174202 	0 	6.66667e-11 	-4.326e-28 	-6.84925e-28 	6.66667e-11 	0 	6.66667e-11
8 	0.58266 	0 	6.66667e-11 	1.67099e-27 	5.36365e-27 	6.66667e-11 	0 	6.66667e-11
8 	0.613604 	0 	6.66667e-11 	-4.39593e-28 	1.81152e-27 	6.66667e-11 	0 	6.66667e-11
0.05 	1.12257 	0 	6.66667e-11 	6.7647e-28 	8.68531e-32 	6.66667e-11 	0 	6.66667e-11
0.05 	1.12257 	0 	6.66667e-11 	6.7647e-28 	8.68531e-32 	6.66667e-11 	0 	6.66667e-11
1 	0.619932 	0 	6.66667e-11 	3.57993e-28 	8.4979e-28 	6.66667e-11 	0 	6.66667e-11
1 	0.593111 	0 	6.66667e-11 	-3.66489e-28 	-1.63867e-28 	6.66667e-11 	0 	6.66667e-11
2 	0.18658 	0 	6.66667e-11 	-1.93501e-28 	2.66717e-27 	6.66667e-11 	0 	6.66667e-11
2 	0.18658 	0 	6.66667e-11 	-1.93501e-28 	2.66717e-27 	6.66667e-11 	0 	6.66667e-11
3 	0.18658 	0 	6.66667e-11 	2.05559e-28 	-3.29872e-27 	6.66667e-11 	0 	6.66667e-11
3 	0.18658 	0 	6.66667e-11 	2.05559e-28 	-3.29872e-27 	6.66667e-11 	0 	6.66667e-11
4 	0.18658 	0 	6.66667e-11 	5.72881e-28 	-3.16461e-28 	6.66667e-11 	0 	6.66667e-11
4 	0.18658 	0 	6.66667e-11 	5.72881e-28 	-3.16461e-28 	6.66667e-11 	0 	6.66667e-11
5 	0.18658 	0 	6.66667e-11 	3.08845e-28 	2.01325e-27 	6.66667e-11 	0 	6.66667e-11
5 	0.18658 	0 	6.66667e-11 	3.08845e-28 	2.01325e-27 	6.66667e-11 	0 	6.66667e-11
6 	0.18658 	0 	6.66667e-11 	2.93883e-28 	-4.14903e-28 	6.66667e-11 	0 	6.66667e-11
6 	0.18658 	0 	6.66667e-11 	2.93883e-28 	-4.14903e-28 	6.66667e-11 	0 	6.66667e-11
7 	0.18658 	0 	6.66667e-11 	6.94103e-28 	1.06819e-27 	6.66667e-11 	0 	6.66667e-11
7 	0.18658 	0 	6.66667e-11 	6.94103e-28 	1.06819e-27 	6.66667e-11 	0 	6.66667e-11
8 	0.595038 	0 	6.66667e-11 	-2.04729e-28 	-4.8108e-27 	6.66667e-11 	0 	6.66667e-11
8 	0.619793 	0 	6.66667e-11 	-5.30818e-28 	2.90641e-27 	6.66667e-11 	0 	6.66667e-11
0.05 	1.1313 	0 	6.66667e-11 	4.14377e-29 	3.19604e-32 	6.66667e-11 	0 	6.66667e-11
0.05 	1.1313 	0 	6.66667e-11 	4.14377e-29 	3.19604e-32 	6.66667e-11 	0 	6.66667e-11
1 	0.63066 	0 	6.66667e-11 	3.99413e-28 	1.7122e-30 	6.66667e-11 	0 	6.66667e-11
1 	0.603839 	0 	6.66667e-11 	-5.60732e-28 	-3.94824e-29 	6.66667e-11 	0 	6.66667e-11
2 	0.198957 	0 	6.66667e-11 	-3.66092e-28 	-1.39981e-27 	6.66667e-11 	0 	6.66667e-11
2 	0.198957 	0 	6.66667e-11 	-3.66092e-28 	-1.39981e-27 	6.66667e-11 	0 	6.66667e-11
3 	0.198957 	0 	6.66667e-11 	-3.63305e-28 	5.08204e-28 	6.66667e-11 	0 	6.66667e-11
3 	0.198957 	0 	6.66667e-11 	-3.63305e-28 	5.08204e-28 	6.66667e-11 	0 	6.66667e-11
4 	0.198957 	0 	6.66667e-11 	-5.99942e-28 	8.03199e-28 	6.66667e-11 	0 	6.66667e-11
4 	0.198957 	0 	6.66667e-11 	-5.99942e-28 	8.03199e-28 	6.66667e-11 	0 	6.66667e-11
5 	0.198957 	0 	6.66667e-11 	-4.41806e-28 	5.45092e-28 	6.66667e-11 	0 	6.66667e-11
5 	0.198957 	0 	6.66667e-11 	-4.41806e-28 	5.45092e-28 	6.66667e-11 	0 	6.66667e-11
6 	0.198957 	0 	6.66667e-11 	-1.21825e-28 	4.79351e-28 	6.66667e-11 	0 	6.66667e-11
6 	0.198957 	0 	6.66667e-11 	-1.21825e-28 	4.79351e-28 	6.66667e-11 	0 	6.66667e-11
7 	0.198957 	0 	6.66667e-11 	4.90214e-28 	1.8931e-27 	6.66667e-11 	0 	6.66667e-11
7 	0.198957 	0 	6.66667e-11 	4.90214e-28 	1.8931e-27 	6.66667e-11 	0 	6.66667e-11
8 	0.601226 	0 	6.66667e-11 	-2.69987e-28 	-7.08269e-27 	6.66667e-11 	0 	6.66667e-11
8 	0.63217 	0 	6.66667e-11 	4.12741e-28 	2.21603e-29 	6.66667e-11 	0 	6.66667e-11
0.05 	1.14002 	0 	6.66667e-11 	-4.57837e-28 	-1.43956e-31 	6.66667e-11 	0 	6.66667e-11
0.05 	1.14002 	0 	6.66667e-11 	-4.57837e-28 	-1.43956e-31 	6.66667e-11 	0 	6.66667e-11
1 	0.641388 	0 	6.66667e-11 	4.46583e-28 	-5.01726e-28 	6.66667e-11 	0 	6.66667e-11
1 	0.614567 	0 	6.66667e-11 	3.7782e-28 	8.50742e-28 	6.66667e-11 	0 	6.66667e-11
2 	0.211335 	0 	6.66667e-11 	-1.60393e-28 	8.33779e-29 	6.66667e-11 	0 	6.66667e-11
2 	0.211335 	0 	6.66667e-11 	-1.60393e-28 	8.33779e-29 	6.66667e-11 	0 	6.66667e-11
3 	0.211335 	0 	6.66667e-11 	-7.21266e-28 	1.65638e-32 	6.66667e-11 	0 	6.66667e-11
3 	0.211335 	0 	6.66667e-11 	-7.21266e-28 	1.65638e-32 	6.66667e-11 	0 	6.66667e-11
4 	0.211335 	0 	6.66667e-11 	-2.92887e-28 	3.46067e-28 	6.66667e-11 	0 	6.66667e-11
4 	0.211335 	0 	6.66667e-11 	-2.92887e-28 	3.46067e-28 	6.66667e-11 	0 	6.66667e-11
5 	0.211335 	0 	6.66667e-11 	-4.65838e-28 	-2.34183e-28 	6.66667e-11 	0 	6.66667e-11
5 	0.211335 	0 	6.66667e-11 	-4.65838e-28 	-2.34183e-28 	6.66667e-11 	0 	6.66667e-11
6 	0.211335 	0 	6.66667e-11 	-2.00843e-28 	4.05695e-28 	6.66667e-11 	0 	6.66667e-11
6 	0.211335 	0 	6.66667e-11 	-2.00843e-28 	4.05695e-28 	6.66667e-11 	0 	6.66667e-11
7 	0.211335 	0 	6.66667e-11 	1.27984e-28 	-2.78513e-28 	6.66667e-11 	0 	6.66667e-11
7 	0.211335 	0 	6.66667e-11 	1.27984e-28 	-2.78513e-28 	6.66667e-11 	0 	6.66667e-11
8 	0.613604 	0 	6.66667e-11 	-4.39593e-28 	1.81152e-27 	6.66667e-11 	0 	6.66667e-11
8 	0.644548 	0 	6.66667e-11 	2.17924e-28 	-2.23619e-28 	6.66667e-11 	0 	6.66667e-11
0.05 	1.14875 	0 	6.66667e-11 	-5.73775e-28 	5.49256e-27 	6.66667e-11 	0 	6.66667e-11
0.05 	1.14875 	0 	6.66667e-11 	-5.73775e-28 	5.49256e-27 	6.66667e-11 	0 	6.66667e-11
1 	0.652117 	0 	6.66667e-11 	5.68395e-30 	5.63786e-28 	6.66667e-11 	0 	6.66667e-11
1 	0.625296 	0 	6.66667e-11 	5.44837e-28 	1.88991e-29 	6.66667e-11 	0 	6.66667e-11
2 	0.223712 	0 	6.66667e-11 	6.91064e-28 	2.61955e-27 	6.66667e-11 	0 	6.66667e-11
2 	0.223712 	0 	6.66667e-11 	6.91064e-28 	2.61955e-27 	6.66667e-11 	0 	6.66667e-11
3 	0.223712 	0 	6.66667e-11 	1.35352e-31 	1.69327e-32 	6.66667e-11 	0 	6.66667e-11
3 	0.223712 	0 	6.66667e-11 	1.35352e-31 	1.69327e-32 	6.66667e-11 	0 	6.66667e-11
4 	0.223712 	0 	6.66667e-11 	4.53445e-28 	-6.59749e-29 	6.66667e-11 	0 	6.66667e-11
4 	0.223712 	0 	6.66667e-11 	4.53445e-28 	-6.59749e-29 	6.66667e-11 	0 	6.66667e-11
5 	0.223712 	0 	6.66667e-11 	1.7996e-28 	1.02544e-32 	6.66667e-11 	0 	6.66667e-11
5 	0.223712 	0 	6.66667e-11 	1.7996e-28 	1.02544e-32 	6.66667e-11 	0 	6.66667e-11
6 	0.223712 	0 	6.66667e-11 	-4.1589e-28 	-1.49452e-28 	6.66667e-11 	0 	6.66667e-11
6 	0.223712 	0 	6.66667e-11 	-4.1589e-28 	-1.49452e-28 	6.66667e-11 	0 	6.66667e-11
7 	0.223712 	0 	6.66667e-11 	9.68596e-29 	-1.48254e-27 	6.66667e-11 	0 	6.66667e-11
7 	0.223712 	0 	6.66667e-11 	9.68596e-29 	-1.48254e-27 	6.66667e-11 	0 	6.66667e-11
8 	0.625981 	0 	6.66667e-11 	-2.10713e-28 	7.03326e-28 	6.66667e-11 	0 	6.66667e-11
8 	0.650737 	0 	6.66667e-11 	-1.36675e-29 	4.15243e-28 	6.66667e-11 	0 	6.66667e-11
0.05 	1.15748 	0 	6.66667e-11 	-4.83806e-28 	1.44463e-27 	6.66667e-11 	0 	6.66667e-11
0.05 	1.15748 	0 	6.66667e-11 	-4.83806e-28 	1.44463e-27 	6.66667e-11 	0 	6.66667e-11
1 	0.668209 	0 	6.66667e-11 	-8.92922e-29 	2.28227e-28 	6.66667e-11 	0 	6.66667e-11
1 	0.636024 	0 	6.66667e-11 	4.59641e-28 	-4.79207e-28 	6.66667e-11 	0 	6.66667e-11
2 	0.23609 	0 	6.66667e-11 	1.22959e-28 	3.3796e-28 	6.66667e-11 	0 	6.66667e-11
2 	0.23609 	0 	6.66667e-11 	1.22959e-28 	3.3796e-28 	6.66667e-11 	0 	6.66667e-11
3 	0.23609 	0 	6.66667e-11 	1.01069e-28 	3.06636e-33 	6.66667e-11 	0 	6.66667e-11
3 	0.23609 	0 	6.66667e-11 	1.01069e-28 	3.06636e-33 	6.66667e-11 	0 	6.66667e-11
4 	0.23609 	0 	6.66667e-11 	-5.46659e-28 	-1.3651e-27 	6.66667e-11 	0 	6.66667e-11
4 	0.23609 	0 	6.66667e-11 	-5.46659e-28 	-1.3651e-27 	6.66667e-11 	0 	6.66667e-11
5 	0.23609 	0 	6.66667e-11 	-1.25907e-28 	1.29325e-32 	6.66667e-11 	0 	6.66667e-11
5 	0.23609 	0 	6.66667e-11 	-1.25907e-28 	1.29325e-32 	6.66667e-11 	0 	6.66667e-11
6 	0.23609 	0 	6.66667e-11 	1.17376e-28 	-3.84309e-29 	6.66667e-11 	0 	6.66667e-11
6 	0.23609 	0 	6.66667e-11 	1.17376e-28 	-3.84309e-29 	6.66667e-11 	0 	6.66667e-11
7 	0.23609 	0 	6.66667e-11 	-1.68158e-29 	-8.58912e-29 	6.66667e-11 	0 	6.66667e-11
7 	0.23609 	0 	6.66667e-11 	-1.68158e-29 	-8.58912e-29 	6.66667e-11 	0 	6.66667e-11
8 	0.638359 	0 	6.66667e-11 	5.42294e-28 	-7.43352e-28 	6.66667e-11 	0 	6.66667e-11
8 	0.663114 	0 	6.66667e-11 	-8.95974e-29 	1.09987e-29 	6.66667e-11 	0 	6.66667e-11
0.05 	1.17057 	0 	6.66667e-11 	4.48352e-28 	-1.57319e-27 	6.66667e-11 	0 	6.66667e-11
0.05 	1.17057 	0 	6.66667e-11 	4.48352e-28 	-1.57319e-27 	6.66667e-11 	0 	6.66667e-11
1 	0.678938 	0 	6.66667e-11 	-3.56868e-28 	-5.3908e-28 	6.66667e-11 	0 	6.66667e-11
1 	0.652117 	0 	6.66667e-11 	5.68395e-30 	5.63786e-28 	6.66667e-11 	0 	6.66667e-11
2 	0.254656 	0 	6.66667e-11 	9.78213e-29 	9.48519e-32 	6.66667e-11 	0 	6.66667e-11
2 	0.254656 	0 	6.66667e-11 	9.78213e-29 	9.48519e-32 	6.66667e-11 	0 	6.66667e-11
3 	0.254656 	0 	6.66667e-11 	9.37296e-28 	-3.00365e-32 	6.66667e-11 	0 	6.66667e-11
3 	0.254656 	0 	6.66667e-11 	9.37296e-28 	-3.00365e-32 	6.66667e-11 	0 	6.66667e-11
4 	0.254656 	0 	6.66667e-11 	-3.77671e-28 	7.3399e-29 	6.66667e-11 	0 	6.66667e-11
4 	0.254656 	0 	6.66667e-11 	-3.77671e-28 	7.3399e-29 	6.66667e-11 	0 	6.66667e-11
5 	0.254656 	0 	6.66667e-11 	-1.0035e-28 	9.66337e-33 	6.66667e-11 	0 	6.66667e-11
5 	0.254656 	0 	6.66667e-11 	-1.0035e-28 	9.66337e-33 	6.66667e-11 	0 	6.66667e-11
6 	0.254656 	0 	6.66667e-11 	8.31027e-28 	-4.14998e-32 	6.66667e-11 	0 	6.66667e-11
6 	0.254656 	0 	6.66667e-11 	8.31027e-28 	-4.14998e-32 	6.66667e-11 	0 	6.66667e-11
7 	0.254656 	0 	6.66667e-11 	-1.49942e-28 	-6.80736e-32 	6.66667e-11 	0 	6.66667e-11
7 	0.254656 	0 	6.66667e-11 	-1.49942e-28 	-6.80736e-32 	6.66667e-11 	0 	6.66667e-11
8 	0.650737 	0 	6.66667e-11 	-1.36675e-29 	4.15243e-28 	6.66667e-11 	0 	6.66667e-11
8 	0.675492 	0 	6.66667e-11 	2.46305e-28 	-1.40881e-29 	6.66667e-11 	0 	6.66667e-11
0.05 	1.1793 	0 	6.66667e-11 	8.90756e-28 	8.9866e-29 	6.66667e-11 	0 	6.66667e-11
0.05 	1.1793 	0 	6.66667e-11 	8.90756e-28 	8.9866e-29 	6.66667e-11 	0 	6.66667e-11
1 	0.689666 	0 	6.66667e-11 	-3.31984e-28 	-6.24734e-28 	6.66667e-11 	0 	6.66667e-11
1 	0.662845 	0 	6.66667e-11 	-7.01782e-29 	8.90112e-28 	6.66667e-11 	0 	6.66667e-11
2 	0.267034 	0 	6.66667e-11 	4.66117e-28 	3.01586e-32 	6.66667e-11 	0 	6.66667e-11
2 	0.267034 	0 	6.66667e-11 	4.66117e-28 	3.01586e-32 	6.66667e-11 	0 	6.66667e-11
3 	0.267034 	0 	6.66667e-11 	8.30653e-28 	-3.06443e-32 	6.66667e-11 	0 	6.66667e-11
3 	0.267034 	0 	6.66667e-11 	8.30653e-28 	-3.06443e-32 	6.66667e-11 	0 	6.66667e-11
4 	0.267034 	0 	6.66667e-11 	1.54368e-28 	1.27871e-27 	6.66667e-11 	0 	6.66667e-11
4 	0.267034 	0 	6.66667e-11 	1.54368e-28 	1.27871e-27 	6.66667e-11 	0 	6.66667e-11
5 	0.267034 	0 	6.66667e-11 	1.06976e-32 	-8.50851e-33 	6.66667e-11 	0 	6.66667e-11
5 	0.267034 	0 	6.66667e-11 	1.06976e-32 	-8.50851e-33 	6.66667e-11 	0 	6.66667e-11
6 	0.267034 	0 	6.66667e-11 	2.24977e-28 	-9.87513e-32 	6.66667e-11 	0 	6.66667e-11
6 	0.267034 	0 	6.66667e-11 	2.24977e-28 	-9.87513e-32 	6.66667e-11 	0 	6.66667e-11
7 	0.267034 	0 	6.66667e-11 	-4.19788e-29 	1.19735e-32 	6.66667e-11 	0 	6.66667e-11
7 	0.267034 	0 	6.66667e-11 	-4.19788e-29 	1.19735e-32 	6.66667e-11 	0 	6.66667e-11
8 	0.663114 	0 	6.66667e-11 	-8.95974e-29 	1.09987e-29 	6.66667e-11 	0 	6.66667e-11
8 	0.694058 	0 	6.66667e-11 	-1.37572e-28 	-5.59973e-29 	6.66667e-11 	0 	6.66667e-11
0.05 	1.19239 	0 	6.66667e-11 	-4.5891e-28 	-3.75063e-27 	6.66667e-11 	0 	6.66667e-11
0.05 	1.19239 	0 	6.66667e-11 	-4.5891e-28 	-3.75063e-27 	6.66667e-11 	0 	6.66667e-11
1 	0.705759 	0 	6.66667e-11 	4.06445e-29 	6.21807e-28 	6.66667e-11 	0 	6.66667e-11
1 	0.678938 	0 	6.66667e-11 	-3.56868e-28 	-5.3908e-28 	6.66667e-11 	0 	6.66667e-11
2 	0.2856 	0 	6.66667e-11 	-2.58837e-28 	-1.37808e-27 	6.66667e-11 	0 	6.66667e-11
2 	0.2856 	0 	6.66667e-11 	-2.58837e-28 	-1.37808e-27 	6.66667e-11 	0 	6.66667e-11
3 	0.2856 	0 	6.66667e-11 	-2.90381e-28 	1.32675e-27 	6.66667e-11 	0 	6.66667e-11
3 	0.2856 	0 	6.66667e-11 	-2.90381e-28 	1.32675e-27 	6.66667e-11 	0 	6.66667e-11
4 	0.2856 	0 	6.66667e-11 	-8.30599e-30 	-1.24919e-27 	6.66667e-11 	0 	6.66667e-11
4 	0.2856 	0 	6.66667e-11 	-8.30599e-30 	-1.24919e-27 	6.66667e-11 	0 	6.66667e-11
5 	0.2856 	0 	6.66667e-11 	4.05778e-28 	1.29856e-27 	6.66667e-11 	0 	6.66667e-11
5 	0.2856 	0 	6.66667e-11 	4.05778e-28 	1.29856e-27 	6.66667e-11 	0 	6.66667e-11
6 	0.2856 	0 	6.66667e-11 	-4.09154e-29 	-1.34892e-27 	6.66667e-11 	0 	6.66667e-11
6 	0.2856 	0 	6.66667e-11 	-4.09154e-29 	-1.34892e-27 	6.66667e-11 	0 	6.66667e-11
7 	0.2856 	0 	6.66667e-11 	2.02815e-28 	1.40027e-27 	6.66667e-11 	0 	6.66667e-11
7 	0.2856 	0 	6.66667e-11 	2.02815e-28 	1.40027e-27 	6.66667e-11 	0 	6.66667e-11
8 	0.68168 	0 	6.66667e-11 	3.12903e-28 	-6.9551e-30 	6.66667e-11 	0 	6.66667e-11
8 	0.706435 	0 	6.66667e-11 	6.37213e-29 	-1.30505e-27 	6.66667e-11 	0 	6.66667e-11
0.05 	1.20549 	0 	6.66667e-11 	-1.00859e-27 	-9.76523e-28 	6.66667e-11 	0 	6.66667e-11
0.05 	1.20549 	0 	6.66667e-11 	-1.00859e-27 	-9.76523e-28 	6.66667e-11 	0 	6.66667e-11
1 	0.69503 	0 	6.66667e-11 	-2.66609e-28 	-2.32501e-29 	6.66667e-11 	0 	6.66667e-11
2 	0.304166 	0 	6.66667e-11 	-6.72448e-28 	2.9266e-29 	6.66667e-11 	0 	6.66667e-11
2 	0.304166 	0 	6.66667e-11 	-6.72448e-28 	2.9266e-29 	6.66667e-11 	0 	6.66667e-11
3 	0.304166 	0 	6.66667e-11 	-6.86351e-28 	-2.82091e-29 	6.66667e-11 	0 	6.66667e-11
3 	0.304166 	0 	6.66667e-11 	-6.86351e-28 	-2.82091e-29 	6.66667e-11 	0 	6.66667e-11
4 	0.304166 	0 	6.66667e-11 	4.80361e-28 	-2.6781e-29 	6.66667e-11 	0 	6.66667e-11
4 	0.304166 	0 	6.66667e-11 	4.80361e-28 	-2.6781e-29 	6.66667e-11 	0 	6.66667e-11
5 	0.304166 	0 	6.66667e-11 	3.47978e-28 	2.33035e-29 	6.66667e-11 	0 	6.66667e-11
5 	0.304166 	0 	6.66667e-11 	3.47978e-28 	2.33035e-29 	6.66667e-11 	0 	6.66667e-11
6 	0.304166 	0 	6.66667e-11 	-3.71527e-28 	-2.11075e-29 	6.66667e-11 	0 	6.66667e-11
6 	0.304166 	0 	6.66667e-11 	-3.71527e-28 	-2.11075e-29 	6.66667e-11 	0 	6.66667e-11
7 	0.304166 	0 	6.66667e-11 	3.33624e-28 	2.05559e-29 	6.66667e-11 	0 	6.66667e-11
7 	0.304166 	0 	6.66667e-11 	3.33624e-28 	2.05559e-29 	6.66667e-11 	0 	6.66667e-11
8 	0.694058 	0 	6.66667e-11 	-1.37572e-28 	-5.59973e-29 	6.66667e-11 	0 	6.66667e-11
8 	0.718813 	0 	6.66667e-11 	1.85309e-28 	-1.07245e-27 	6.66667e-11 	0 	6.66667e-11
0.05 	1.21421 	0 	6.66667e-11 	-2.57167e-28 	-1.91984e-28 	6.66667e-11 	0 	6.66667e-11
2 	0.322732 	0 	6.66667e-11 	2.57896e-28 	1.27588e-27 	6.66667e-11 	0 	6.66667e-11
2 	0.322732 	0 	6.66667e-11 	2.57896e-28 	1.27588e-27 	6.66667e-11 	0 	6.66667e-11
4 	0.322732 	0 	6.66667e-11 	-4.84592e-28 	1.17988e-27 	6.66667e-11 	0 	6.66667e-11
4 	0.322732 	0 	6.66667e-11 	-4.84592e-28 	1.17988e-27 	6.66667e-11 	0 	6.66667e-11
5 	0.322732 	0 	6.66667e-11 	-4.91891e-28 	-1.22025e-27 	6.66667e-11 	0 	6.66667e-11
5 	0.322732 	0 	6.66667e-11 	-4.91891e-28 	-1.22025e-27 	6.66667e-11 	0 	6.66667e-11
6 	0.322732 	0 	6.66667e-11 	-1.54896e-28 	1.26005e-27 	6.66667e-11 	0 	6.66667e-11
6 	0.322732 	0 	6.66667e-11 	-1.54896e-28 	1.26005e-27 	6.66667e-11 	0 	6.66667e-11
7 	0.322732 	0 	6.66667e-11 	4.18111e-28 	-1.2989e-27 	6.66667e-11 	0 	6.66667e-11
7 	0.322732 	0 	6.66667e-11 	4.18111e-28 	-1.2989e-27 	6.66667e-11 	0 	6.66667e-11
8 	0.712624 	0 	6.66667e-11 	1.72537e-28 	-1.60165e-27 	6.66667e-11 	0 	6.66667e-11
8 	0.737379 	0 	6.66667e-11 	9.63944e-29 	8.90734e-28 	6.66667e-11 	0 	6.66667e-11
8 	0.762134 	0 	6.66667e-11 	-2.57645e-28 	2.22429e-28 	6.66667e-11 	0 	6.66667e-11
2 	0.341299 	0 	6.66667e-11 	3.79592e-28 	4.34825e-29 	6.66667e-11 	0 	6.66667e-11
2 	0.341299 	0 	6.66667e-11 	3.79592e-28 	4.34825e-29 	6.66667e-11 	0 	6.66667e-11
4 	0.341299 	0 	6.66667e-11 	-5.25318e-28 	-3.06224e-28 	6.66667e-11 	0 	6.66667e-11
4 	0.341299 	0 	6.66667e-11 	-5.25318e-28 	-3.06224e-28 	6.66667e-11 	0 	6.66667e-11
5 	0.341299 	0 	6.66667e-11 	-4.92167e-28 	-8.52031e-29 	6.66667e-11 	0 	6.66667e-11
5 	0.341299 	0 	6.66667e-11 	-4.92167e-28 	-8.52031e-29 	6.66667e-11 	0 	6.66667e-11
6 	0.341299 	0 	6.66667e-11 	-1.16903e-28 	8.52154e-29 	6.66667e-11 	0 	6.66667e-11
6 	0.341299 	0 	6.66667e-11 	-1.16903e-28 	8.52154e-29 	6.66667e-11 	0 	6.66667e-11
7 	0.341299 	0 	6.66667e-11 	-9.98689e-29 	-8.52224e-29 	6.66667e-11 	0 	6.66667e-11
7 	0.341299 	0 	6.66667e-11 	-9.98689e-29 	-8.52224e-29 	6.66667e-11 	0 	6.66667e-11
8 	0.73119 	0 	6.66667e-11 	4.19206e-29 	2.16253e-28 	6.66667e-11 	0 	6.66667e-11
8 	0.755945 	0 	6.66667e-11 	-6.24657e-29 	7.98475e-28 	6.66667e-11 	0 	6.66667e-11
8 	0.7807 	0 	6.66667e-11 	-1.09866e-28 	6.83589e-30 	6.66667e-11 	0 	6.66667e-11
2 	0.366054 	0 	6.66667e-11 	2.83441e-28 	-1.50086e-28 	6.66667e-11 	0 	6.66667e-11
4 	0.366054 	0 	6.66667e-11 	5.57541e-28 	3.48925e-29 	6.66667e-11 	0 	6.66667e-11
4 	0.366054 	0 	6.66667e-11 	5.57541e-28 	3.48925e-29 	6.66667e-11 	0 	6.66667e-11
5 	0.366054 	0 	6.66667e-11 	-1.77477e-28 	-1.33374e-32 	6.66667e-11 	0 	6.66667e-11
5 	0.366054 	0 	6.66667e-11 	-1.77477e-28 	-1.33374e-32 	6.66667e-11 	0 	6.66667e-11
6 	0.366054 	0 	6.66667e-11 	-1.04129e-28 	-8.0033e-32 	6.66667e-11 	0 	6.66667e-11
6 	0.366054 	0 	6.66667e-11 	-1.04129e-28 	-8.0033e-32 	6.66667e-11 	0 	6.66667e-11
7 	0.366054 	0 	6.66667e-11 	8.78678e-29 	2.91758e-28 	6.66667e-11 	0 	6.66667e-11
7 	0.366054 	0 	6.66667e-11 	8.78678e-29 	2.91758e-28 	6.66667e-11 	0 	6.66667e-11
8 	0.749757 	0 	6.66667e-11 	1.37525e-28 	1.38339e-27 	6.66667e-11 	0 	6.66667e-11
8 	0.774512 	0 	6.66667e-11 	-1.88206e-28 	7.77332e-30 	6.66667e-11 	0 	6.66667e-11
8 	0.799267 	0 	6.66667e-11 	2.55907e-28 	1.31931e-29 	6.66667e-11 	0 	6.66667e-11
4 	0.38462 	0 	6.66667e-11 	3.6874e-28 	6.70299e-28 	6.66667e-11 	0 	6.66667e-11
4 	0.38462 	0 	6.66667e-11 	3.6874e-28 	6.70299e-28 	6.66667e-11 	0 	6.66667e-11
5 	0.38462 	0 	6.66667e-11 	1.60498e-28 	-2.44875e-32 	6.66667e-11 	0 	6.66667e-11
5 	0.38462 	0 	6.66667e-11 	1.60498e-28 	-2.44875e-32 	6.66667e-11 	0 	6.66667e-11
6 	0.38462 	0 	6.66667e-11 	-2.81694e-28 	-1.1887e-32 	6.66667e-11 	0 	6.66667e-11
6 	0.38462 	0 	6.66667e-11 	-2.81694e-28 	-1.1887e-32 	6.66667e-11 	0 	6.66667e-11
7 	0.38462 	0 	6.66667e-11 	3.08119e-28 	2.01335e-27 	6.66667e-11 	0 	6.66667e-11
7 	0.38462 	0 	6.66667e-11 	3.08119e-28 	2.01335e-27 	6.66667e-11 	0 	6.66667e-11
8 	0.768323 	0 	6.66667e-11 	-2.66547e-28 	8.71075e-30 	6.66667e-11 	0 	6.66667e-11
8 	0.793078 	0 	6.66667e-11 	1.157e-28 	9.8019e-30 	6.66667e-11 	0 	6.66667e-11
8 	0.817833 	0 	6.66667e-11 	2.0471e-28 	3.11771e-28 	6.66667e-11 	0 	6.66667e-11
4 	0.409375 	0 	6.66667e-11 	2.07065e-28 	5.70473e-29 	6.66667e-11 	0 	6.66667e-11
4 	0.409375 	0 	6.66667e-11 	2.07065e-28 	5.70473e-29 	6.66667e-11 	0 	6.66667e-11
5 	0.409375 	0 	6.66667e-11 	2.17572e-28 	-2.41189e-32 	6.66667e-11 	0 	6.66667e-11
5 	0.409375 	0 	6.66667e-11 	2.17572e-28 	-2.41189e-32 	6.66667e-11 	0 	6.66667e-11
6 	0.409375 	0 	6.66667e-11 	5.8594e-29 	-2.4297e-34 	6.66667e-11 	0 	6.66667e-11
6 	0.409375 	0 	6.66667e-11 	5.8594e-29 	-2.4297e-34 	6.66667e-11 	0 	6.66667e-11
7 	0.409375 	0 	6.66667e-11 	-2.52655e-28 	2.25935e-28 	6.66667e-11 	0 	6.66667e-11
7 	0.409375 	0 	6.66667e-11 	-2.52655e-28 	2.25935e-28 	6.66667e-11 	0 	6.66667e-11
8 	0.786889 	0 	6.66667e-11 	-2.45071e-29 	6.41061e-30 	6.66667e-11 	0 	6.66667e-11
8 	0.811644 	0 	6.66667e-11 	3.28286e-28 	1.35522e-28 	6.66667e-11 	0 	6.66667e-11
8 	0.836399 	0 	6.66667e-11 	4.59075e-29 	3.69911e-28 	6.66667e-11 	0 	6.66667e-11
4 	0.43413 	0 	6.66667e-11 	-6.73514e-29 	6.48693e-29 	6.66667e-11 	0 	6.66667e-11
4 	0.43413 	0 	6.66667e-11 	-6.73514e-29 	6.48693e-29 	6.66667e-11 	0 	6.66667e-11
5 	0.43413 	0 	6.66667e-11 	-1.01037e-28 	1.49442e-27 	6.66667e-11 	0 	6.66667e-11
5 	0.43413 	0 	6.66667e-11 	-1.01037e-28 	1.49442e-27 	6.66667e-11 	0 	6.66667e-11
6 	0.43413 	0 	6.66667e-11 	2.68013e-30 	1.91505e-27 	6.66667e-11 	0 	6.66667e-11
6 	0.43413 	0 	6.66667e-11 	2.68013e-30 	1.91505e-27 	6.66667e-11 	0 	6.66667e-11
7 	0.43413 	0 	6.66667e-11 	-2.40025e-28 	-7.99053e-28 	6.66667e-11 	0 	6.66667e-11
7 	0.43413 	0 	6.66667e-11 	-2.40025e-28 	-7.99053e-28 	6.66667e-11 	0 	6.66667e-11
8 	0.811644 	0 	6.66667e-11 	3.28286e-28 	1.35522e-28 	6.66667e-11 	0 	6.66667e-11
8 	0.836399 	0 	6.66667e-11 	4.59075e-29 	3.69911e-28 	6.66667e-11 	0 	6.66667e-11
8 	0.861154 	0 	6.66667e-11 	8.073e-29 	-1.56513e-28 	6.66667e-11 	0 	6.66667e-11
4 	0.465074 	0 	6.66667e-11 	-2.49513e-28 	1.29729e-27 	6.66667e-11 	0 	6.66667e-11
4 	0.465074 	0 	6.66667e-11 	-2.49513e-28 	1.29729e-27 	6.66667e-11 	0 	6.66667e-11
5 	0.465074 	0 	6.66667e-11 	-4.73553e-30 	4.51854e-29 	6.66667e-11 	0 	6.66667e-11
5 	0.465074 	0 	6.66667e-11 	-4.73553e-30 	4.51854e-29 	6.66667e-11 	0 	6.66667e-11
6 	0.465074 	0 	6.66667e-11 	-4.03578e-28 	-1.80184e-30 	6.66667e-11 	0 	6.66667e-11
6 	0.465074 	0 	6.66667e-11 	-4.03578e-28 	-1.80184e-30 	6.66667e-11 	0 	6.66667e-11
7 	0.465074 	0 	6.66667e-11 	2.71467e-28 	1.254e-27 	6.66667e-11 	0 	6.66667e-11
7 	0.465074 	0 	6.66667e-11 	2.71467e-28 	1.254e-27 	6.66667e-11 	0 	6.66667e-11
8 	0.83021 	0 	6.66667e-11 	-2.39132e-29 	5.16065e-28 	6.66667e-11 	0 	6.66667e-11
8 	0.854966 	0 	6.66667e-11 	1.99918e-28 	1.74113e-29 	6.66667e-11 	0 	6.66667e-11
8 	0.879721 	0 	6.66667e-11 	-2.10654e-28 	-6.63824e-28 	6.66667e-11 	0 	6.66667e-11
4 	0.489829 	0 	6.66667e-11 	6.0961e-29 	-1.92534e-28 	6.66667e-11 	0 	6.66667e-11
4 	0.489829 	0 	6.66667e-11 	6.0961e-29 	-1.92534e-28 	6.66667e-11 	0 	6.66667e-11
5 	0.489829 	0 	6.66667e-11 	-1.5499e-28 	-1.41112e-27 	6.66667e-11 	0 	6.66667e-11
5 	0.489829 	0 	6.66667e-11 	-1.5499e-28 	-1.41112e-27 	6.66667e-11 	0 	6.66667e-11
6 	0.489829 	0 	6.66667e-11 	6.52297e-29 	-1.79825e-27 	6.66667e-11 	0 	6.66667e-11
6 	0.489829 	0 	6.66667e-11 	6.52297e-29 	-1.79825e-27 	6.66667e-11 	0 	6.66667e-11
7 	0.489829 	0 	6.66667e-11 	1.67583e-28 	-8.97954e-28 	6.66667e-11 	0 	6.66667e-11
7 	0.489829 	0 	6.66667e-11 	1.67583e-28 	-8.97954e-28 	6.66667e-11 	0 	6.66667e-11
4 	0.520773 	0 	6.66667e-11 	3.81361e-28 	-1.25493e-27 	6.66667e-11 	0 	6.66667e-11
4 	0.520773 	0 	6.66667e-11 	3.81361e-28 	-1.25493e-27 	6.66667e-11 	0 	6.66667e-11
5 	0.520773 	0 	6.66667e-11 	1.87462e-28 	-1.22586e-28 	6.66667e-11 	0 	6.66667e-11
5 	0.520773 	0 	6.66667e-11 	1.87462e-28 	-1.22586e-28 	6.66667e-11 	0 	6.66667e-11
7 	0.520773 	0 	6.66667e-11 	-2.2757e-28 	-1.04907e-27 	6.66667e-11 	0 	6.66667e-11
7 	0.520773 	0 	6.66667e-11 	-2.2757e-28 	-1.04907e-27 	6.66667e-11 	0 	6.66667e-11
4 	0.551716 	0 	6.66667e-11 	2.58425e-28 	-1.04763e-28 	6.66667e-11 	0 	6.66667e-11
4 	0.551716 	0 	6.66667e-11 	2.58425e-28 	-1.04763e-28 	6.66667e-11 	0 	6.66667e-11
5 	0.551716 	0 	6.66667e-11 	3.23766e-28 	-5.06402e-33 	6.66667e-11 	0 	6.66667e-11
5 	0.551716 	0 	6.66667e-11 	3.23766e-28 	-5.06402e-33 	6.66667e-11 	0 	6.66667e-11
4 	0.588849 	0 	6.66667e-11 	-2.19063e-28 	-3.79702e-30 	6.66667e-11 	0 	6.66667e-11
4 	0.588849 	0 	6.66667e-11 	-2.19063e-28 	-3.79702e-30 	6.66667e-11 	0 	6.66667e-11
5 	0.588849 	0 	6.66667e-11 	-1.37998e-28 	-7.34442e-33 	6.66667e-11 	0 	6.66667e-11
5 	0.588849 	0 	6.66667e-11 	-1.37998e-28 	-7.34442e-33 	6.66667e-11 	0 	6.66667e-11
4 	0.625981 	0 	6.66667e-11 	-3.19082e-28 	-1.69833e-28 	6.66667e-11 	0 	6.66667e-11
4 	0.625981 	0 	6.66667e-11 	-3.19082e-28 	-1.69833e-28 	6.66667e-11 	0 	6.66667e-11
5 	0.625981 	0 	6.66667e-11 	-1.33644e-28 	-1.86339e-32 	6.66667e-11 	0 	6.66667e-11
5 	0.625981 	0 	6.66667e-11 	-1.33644e-28 	-1.86339e-32 	6.66667e-11 	0 	6.66667e-11
4 	0.663114 	0 	6.66667e-11 	-2.01881e-28 	-7.51267e-30 	6.66667e-11 	0 	6.66667e-11
4 	0.663114 	0 	6.66667e-11 	-2.01881e-28 	-7.51267e-30 	6.66667e-11 	0 	6.66667e-11
5 	0.663114 	0 	6.66667e-11 	5.49593e-29 	7.5683e-31 	6.66667e-11 	0 	6.66667e-11
5 	0.663114 	0 	6.66667e-11 	5.49593e-29 	7.5683e-31 	6.66667e-11 	0 	6.66667e-11
4 	0.706435 	0 	6.66667e-11 	-6.00758e-29 	-1.62609e-28 	6.66667e-11 	0 	6.66667e-11
4 	0.706435 	0 	6.66667e-11 	-6.00758e-29 	-1.62609e-28 	6.66667e-11 	0 	6.66667e-11
5 	0.706435 	0 	6.66667e-11 	6.08622e-29 	1.19562e-28 	6.66667e-11 	0 	6.66667e-11
5 	0.706435 	0 	6.66667e-11 	6.08622e-29 	1.19562e-28 	6.66667e-11 	0 	6.66667e-11
4 	0.749757 	0 	6.66667e-11 	1.76873e-28 	-2.46127e-29 	6.66667e-11 	0 	6.66667e-11
4 	0.749757 	0 	6.66667e-11 	1.76873e-28 	-2.46127e-29 	6.66667e-11 	0 	6.66667e-11
5 	0.749757 	0 	6.66667e-11 	5.61791e-29 	-1.71708e-29 	6.66667e-11 	0 	6.66667e-11
5 	0.749757 	0 	6.66667e-11 	5.61791e-29 	-1.71708e-29 	6.66667e-11 	0 	6.66667e-11
4 	0.793078 	0 	6.66667e-11 	2.15229e-28 	2.93924e-28 	6.66667e-11 	0 	6.66667e-11
4 	0.793078 	0 	6.66667e-11 	2.15229e-28 	2.93924e-28 	6.66667e-11 	0 	6.66667e-11
5 	0.793078 	0 	6.66667e-11 	-4.18567e-29 	-1.44483e-28 	6.66667e-11 	0 	6.66667e-11
5 	0.793078 	0 	6.66667e-11 	-4.18567e-29 	-1.44483e-28 	6.66667e-11 	0 	6.66667e-11
1 	1.19926 	0 	6.66667e-11 	8.33087e-29 	-6.68433e-29 	6.66667e-11 	0 	6.66667e-11
4 	0.842588 	0 	6.66667e-11 	-1.34523e-28 	1.69315e-32 	6.66667e-11 	0 	6.66667e-11
4 	0.842588 	0 	6.66667e-11 	-1.34523e-28 	1.69315e-32 	6.66667e-11 	0 	6.66667e-11
5 	0.842588 	0 	6.66667e-11 	-1.52824e-28 	2.35319e-32 	6.66667e-11 	0 	6.66667e-11
5 	0.842588 	0 	6.66667e-11 	-1.52824e-28 	2.35319e-32 	6.66667e-11 	0 	6.66667e-11
1 	1.24218 	0 	6.66667e-11 	2.75078e-29 	8.33573e-28 	6.66667e-11 	0 	6.66667e-11
1 	1.22072 	0 	6.66667e-11 	5.4984e-29 	7.37948e-28 	6.66667e-11 	0 	6.66667e-11
1 	1.19926 	0 	6.66667e-11 	8.33087e-29 	-6.68433e-29 	6.66667e-11 	0 	6.66667e-11
4 	0.892098 	0 	6.66667e-11 	-1.00496e-28 	1.06774e-32 	6.66667e-11 	0 	6.66667e-11
4 	0.892098 	0 	6.66667e-11 	-1.00496e-28 	1.06774e-32 	6.66667e-11 	0 	6.66667e-11
5 	0.892098 	0 	6.66667e-11 	5.18232e-29 	1.22258e-32 	6.66667e-11 	0 	6.66667e-11
5 	0.892098 	0 	6.66667e-11 	5.18232e-29 	1.22258e-32 	6.66667e-11 	0 	6.66667e-11
1 	1.28509 	0 	6.66667e-11 	-1.54785e-29 	-2.47417e-29 	6.66667e-11 	0 	6.66667e-11
1 	1.269 	0 	6.66667e-11 	-1.12444e-29 	1.03973e-28 	6.66667e-11 	0 	6.66667e-11
4 	0.947797 	0 	6.66667e-11 	-1.07047e-28 	-5.28386e-28 	6.66667e-11 	0 	6.66667e-11
4 	0.947797 	0 	6.66667e-11 	-1.07047e-28 	-5.28386e-28 	6.66667e-11 	0 	6.66667e-11
5 	0.947797 	0 	6.66667e-11 	7.61624e-29 	4.26482e-28 	6.66667e-11 	0 	6.66667e-11
5 	0.947797 	0 	6.66667e-11 	7.61624e-29 	4.26482e-28 	6.66667e-11 	0 	6.66667e-11
1 	1.33337 	0 	6.66667e-11 	-2.52904e-30 	-2.78229e-28 	6.66667e-11 	0 	6.66667e-11
1 	1.31728 	0 	6.66667e-11 	-6.44155e-30 	-2.73287e-28 	6.66667e-11 	0 	6.66667e-11
4 	1.0035 	0 	6.66667e-11 	-4.17373e-29 	-4.17593e-29 	6.66667e-11 	0 	6.66667e-11
4 	1.0035 	0 	6.66667e-11 	-4.17373e-29 	-4.17593e-29 	6.66667e-11 	0 	6.66667e-11
5 	1.0035 	0 	6.66667e-11 	-8.4292e-29 	3.32333e-29 	6.66667e-11 	0 	6.66667e-11
5 	1.0035 	0 	6.66667e-11 	-8.4292e-29 	3.32333e-29 	6.66667e-11 	0 	6.66667e-11
6 	1.0035 	0 	6.66667e-11 	-1.74446e-28 	-2.90081e-31 	6.66667e-11 	0 	6.66667e-11
3 	1.06538 	0 	6.66667e-11 	8.82127e-29 	3.56997e-28 	6.66667e-11 	0 	6.66667e-11
3 	1.06538 	0 	6.66667e-11 	8.82127e-29 	3.56997e-28 	6.66667e-11 	0 	6.66667e-11
4 	1.06538 	0 	6.66667e-11 	2.32959e-28 	8.28582e-28 	6.66667e-11 	0 	6.66667e-11
4 	1.06538 	0 	6.66667e-11 	2.32959e-28 	8.28582e-28 	6.66667e-11 	0 	6.66667e-11
5 	1.06538 	0 	6.66667e-11 	-5.35642e-29 	-7.36794e-28 	6.66667e-11 	0 	6.66667e-11
5 	1.06538 	0 	6.66667e-11 	-5.35642e-29 	-7.36794e-28 	6.66667e-11 	0 	6.66667e-11
6 	1.06538 	0 	6.66667e-11 	1.43238e-28 	-1.98747e-28 	6.66667e-11 	0 	6.66667e-11
6 	1.06538 	0 	6.66667e-11 	1.43238e-28 	-1.98747e-28 	6.66667e-11 	0 	6.66667e-11
3 	1.13346 	0 	6.66667e-11 	-7.44433e-29 	1.78758e-27 	6.66667e-11 	0 	6.66667e-11
3 	1.13346 	0 	6.66667e-11 	-7.44433e-29 	1.78758e-27 	6.66667e-11 	0 	6.66667e-11
3 	1.13346 	0 	6.66667e-11 	-7.44433e-29 	1.78758e-27 	6.66667e-11 	0 	6.66667e-11
4 	1.13346 	0 	6.66667e-11 	7.47964e-29 	-5.58503e-30 	6.66667e-11 	0 	6.66667e-11
4 	1.13346 	0 	6.66667e-11 	7.47964e-29 	-5.58503e-30 	6.66667e-11 	0 	6.66667e-11
5 	1.13346 	0 	6.66667e-11 	6.0879e-30 	-5.15218e-30 	6.66667e-11 	0 	6.66667e-11
5 	1.13346 	0 	6.66667e-11 	6.0879e-30 	-5.15218e-30 	6.66667e-11 	0 	6.66667e-11
6 	1.13346 	0 	6.66667e-11 	2.5516e-30 	2.39467e-29 	6.66667e-11 	0 	6.66667e-11
6 	1.13346 	0 	6.66667e-11 	2.5516e-30 	2.39467e-29 	6.66667e-11 	0 	6.66667e-11
6 	1.13346 	0 	6.66667e-11 	2.5516e-30 	2.39467e-29 	6.66667e-11 	0 	6.66667e-11
3 	1.20154 	0 	6.66667e-11 	1.89405e-30 	-4.48904e-28 	6.66667e-11 	0 	6.66667e-11
3 	1.20154 	0 	6.66667e-11 	1.89405e-30 	-4.48904e-28 	6.66667e-11 	0 	6.66667e-11
3 	1.20154 	0 	6.66667e-11 	1.89405e-30 	-4.48904e-28 	6.66667e-11 	0 	6.66667e-11
4 	1.20154 	0 	6.66667e-11 	-1.1689e-28 	-4.48091e-28 	6.66667e-11 	0 	6.66667e-11
4 	1.20154 	0 	6.66667e-11 	-1.1689e-28 	-4.48091e-28 	6.66667e-11 	0 	6.66667e-11
5 	1.20154 	0 	6.66667e-11 	1.11799e-28 	2.95833e-28 	6.66667e-11 	0 	6.66667e-11
5 	1.20154 	0 	6.66667e-11 	1.11799e-28 	2.95833e-28 	6.66667e-11 	0 	6.66667e-11
6 	1.20154 	0 	6.66667e-11 	-7.05324e-29 	4.55567e-28 	6.66667e-11 	0 	6.66667e-11
6 	1.20154 	0 	6.66667e-11 	-7.05324e-29 	4.55567e-28 	6.66667e-11 	0 	6.66667e-11
6 	1.20154 	0 	6.66667e-11 	-7.05324e-29 	4.55567e-28 	6.66667e-11 	0 	6.66667e-11
2 	1.26961 	0 	6.66667e-11 	7.55567e-29 	-3.41213e-28 	6.66667e-11 	0 	6.66667e-11
2 	1.26961 	0 	6.66667e-11 	7.55567e-29 	-3.41213e-28 	6.66667e-11 	0 	6.66667e-11
3 	1.26961 	0 	6.66667e-11 	2.09016e-30 	3.04799e-31 	6.66667e-11 	0 	6.66667e-11
3 	1.26961 	0 	6.66667e-11 	2.09016e-30 	3.04799e-31 	6.66667e-11 	0 	6.66667e-11
4 	1.26961 	0 	6.66667e-11 	-9.03594e-30 	-6.81592e-28 	6.66667e-11 	0 	6.66667e-11
4 	1.26961 	0 	6.66667e-11 	-9.03594e-30 	-6.81592e-28 	6.66667e-11 	0 	6.66667e-11
5 	1.26961 	0 	6.66667e-11 	-8.47868e-30 	1.48254e-29 	6.66667e-11 	0 	6.66667e-11
5 	1.26961 	0 	6.66667e-11 	-8.47868e-30 	1.48254e-29 	6.66667e-11 	0 	6.66667e-11
2 	1.35007 	0 	6.66667e-11 	3.67373e-29 	-2.45018e-28 	6.66667e-11 	0 	6.66667e-11
2 	1.35007 	0 	6.66667e-11 	3.67373e-29 	-2.45018e-28 	6.66667e-11 	0 	6.66667e-11
3 	1.35007 	0 	6.66667e-11 	4.53862e-29 	-3.77685e-31 	6.66667e-11 	0 	6.66667e-11
3 	1.35007 	0 	6.66667e-11 	4.53862e-29 	-3.77685e-31 	6.66667e-11 	0 	6.66667e-11
4 	1.35007 	0 	6.66667e-11 	2.1571e-29 	-3.82151e-29 	6.66667e-11 	0 	6.66667e-11
4 	1.35007 	0 	6.66667e-11 	2.1571e-29 	-3.82151e-29 	6.66667e-11 	0 	6.66667e-11
5 	1.35007 	0 	6.66667e-11 	-6.77414e-29 	1.43947e-31 	6.66667e-11 	0 	6.66667e-11
5 	1.35007 	0 	6.66667e-11 	-6.77414e-29 	1.43947e-31 	6.66667e-11 	0 	6.66667e-11
2 	1.43052 	0 	6.66667e-11 	-8.02435e-29 	-2.18599e-28 	6.66667e-11 	0 	6.66667e-11
2 	1.43052 	0 	6.66667e-11 	-8.02435e-29 	-2.18599e-28 	6.66667e-11 	0 	6.66667e-11
