0.05 	1.00474 	0 	1e-10
0.05 	1.00474 	0 	1e-10
0.05 	1.00474 	0 	1e-10
0.05 	1.00474 	0 	1e-10
0.05 	1.0091 	0 	1e-10
0.05 	1.0091 	0 	1e-10
3 	0.00710578 	0 	1e-10
3 	0.00710578 	0 	1e-10
4 	0.00710578 	0 	1e-10
4 	0.00710578 	0 	1e-10
0.05 	1.0091 	0 	1e-10
0.05 	1.0091 	0 	1e-10
3 	0.0132945 	0 	1e-10
3 	0.0132945 	0 	1e-10
4 	0.0132945 	0 	1e-10
4 	0.0132945 	0 	1e-10
5 	0.0132945 	0 	1e-10
5 	0.0132945 	0 	1e-10
0.05 	1.0091 	0 	1e-10
0.05 	1.0091 	0 	1e-10
3 	0.0132945 	0 	1e-10
3 	0.0132945 	0 	1e-10
4 	0.0132945 	0 	1e-10
4 	0.0132945 	0 	1e-10
5 	0.0132945 	0 	1e-10
5 	0.0132945 	0 	1e-10
0.05 	1.0091 	0 	1e-10
0.05 	1.0091 	0 	1e-10
3 	0.0132945 	0 	1e-10
3 	0.0132945 	0 	1e-10
4 	0.0132945 	0 	1e-10
4 	0.0132945 	0 	1e-10
5 	0.0132945 	0 	1e-10
5 	0.0132945 	0 	1e-10
6 	0.0132945 	0 	1e-10
6 	0.0132945 	0 	1e-10
0.05 	1.0091 	0 	1e-10
0.05 	1.0091 	0 	1e-10
2 	0.0132945 	0 	1e-10
3 	0.0132945 	0 	1e-10
3 	0.0132945 	0 	1e-10
4 	0.0132945 	0 	1e-10
4 	0.0132945 	0 	1e-10
5 	0.0132945 	0 	1e-10
5 	0.0132945 	0 	1e-10
6 	0.0132945 	0 	1e-10
6 	0.0132945 	0 	1e-10
0.05 	1.01347 	0 	1e-10
0.05 	1.01347 	0 	1e-10
2 	0.0194833 	0 	1e-10
2 	0.0194833 	0 	1e-10
3 	0.0194833 	0 	1e-10
3 	0.0194833 	0 	1e-10
4 	0.0194833 	0 	1e-10
4 	0.0194833 	0 	1e-10
5 	0.0194833 	0 	1e-10
5 	0.0194833 	0 	1e-10
6 	0.0194833 	0 	1e-10
6 	0.0194833 	0 	1e-10
7 	0.0194833 	0 	1e-10
0.05 	1.01347 	0 	1e-10
0.05 	1.01347 	0 	1e-10
2 	0.0194833 	0 	1e-10
2 	0.0194833 	0 	1e-10
3 	0.0194833 	0 	1e-10
3 	0.0194833 	0 	1e-10
4 	0.0194833 	0 	1e-10
4 	0.0194833 	0 	1e-10
5 	0.0194833 	0 	1e-10
5 	0.0194833 	0 	1e-10
6 	0.0194833 	0 	1e-10
6 	0.0194833 	0 	1e-10
7 	0.0194833 	0 	1e-10
8 	0.452696 	0 	1e-10
8 	0.48364 	0 	1e-10
0.05 	1.01347 	0 	1e-10
0.05 	1.01347 	0 	1e-10
2 	0.0194833 	0 	1e-10
2 	0.0194833 	0 	1e-10
3 	0.0194833 	0 	1e-10
3 	0.0194833 	0 	1e-10
4 	0.0194833 	0 	1e-10
4 	0.0194833 	0 	1e-10
5 	0.0194833 	0 	1e-10
5 	0.0194833 	0 	1e-10
6 	0.0194833 	0 	1e-10
6 	0.0194833 	0 	1e-10
7 	0.0194833 	0 	1e-10
8 	0.452696 	0 	1e-10
8 	0.48364 	0 	1e-10
0.05 	1.01783 	0 	1e-10
0.05 	1.01783 	0 	1e-10
2 	0.0256721 	0 	1e-10
2 	0.0256721 	0 	1e-10
3 	0.0256721 	0 	1e-10
3 	0.0256721 	0 	1e-10
4 	0.0256721 	0 	1e-10
4 	0.0256721 	0 	1e-10
5 	0.0256721 	0 	1e-10
5 	0.0256721 	0 	1e-10
6 	0.0256721 	0 	1e-10
6 	0.0256721 	0 	1e-10
7 	0.0256721 	0 	1e-10
7 	0.0256721 	0 	1e-10
8 	0.458885 	0 	1e-10
8 	0.48364 	0 	1e-10
0.05 	1.01783 	0 	1e-10
0.05 	1.01783 	0 	1e-10
2 	0.0256721 	0 	1e-10
2 	0.0256721 	0 	1e-10
3 	0.0256721 	0 	1e-10
3 	0.0256721 	0 	1e-10
4 	0.0256721 	0 	1e-10
4 	0.0256721 	0 	1e-10
5 	0.0256721 	0 	1e-10
5 	0.0256721 	0 	1e-10
6 	0.0256721 	0 	1e-10
6 	0.0256721 	0 	1e-10
7 	0.0256721 	0 	1e-10
7 	0.0256721 	0 	1e-10
8 	0.458885 	0 	1e-10
8 	0.489829 	0 	1e-10
0.05 	1.01783 	0 	1e-10
0.05 	1.01783 	0 	1e-10
2 	0.0318608 	0 	1e-10
2 	0.0318608 	0 	1e-10
3 	0.0318608 	0 	1e-10
3 	0.0318608 	0 	1e-10
4 	0.0318608 	0 	1e-10
4 	0.0318608 	0 	1e-10
5 	0.0318608 	0 	1e-10
5 	0.0318608 	0 	1e-10
6 	0.0318608 	0 	1e-10
6 	0.0318608 	0 	1e-10
7 	0.0318608 	0 	1e-10
7 	0.0318608 	0 	1e-10
8 	0.458885 	0 	1e-10
8 	0.489829 	0 	1e-10
0.05 	1.02219 	0 	1e-10
0.05 	1.02219 	0 	1e-10
1 	0.491191 	0 	1e-10
1 	0.46437 	0 	1e-10
2 	0.0318608 	0 	1e-10
2 	0.0318608 	0 	1e-10
3 	0.0318608 	0 	1e-10
3 	0.0318608 	0 	1e-10
4 	0.0318608 	0 	1e-10
4 	0.0318608 	0 	1e-10
5 	0.0318608 	0 	1e-10
5 	0.0318608 	0 	1e-10
6 	0.0318608 	0 	1e-10
6 	0.0318608 	0 	1e-10
7 	0.0318608 	0 	1e-10
7 	0.0318608 	0 	1e-10
8 	0.465074 	0 	1e-10
8 	0.489829 	0 	1e-10
0.05 	1.02219 	0 	1e-10
0.05 	1.02219 	0 	1e-10
1 	0.496555 	0 	1e-10
1 	0.46437 	0 	1e-10
2 	0.0318608 	0 	1e-10
2 	0.0318608 	0 	1e-10
3 	0.0318608 	0 	1e-10
3 	0.0318608 	0 	1e-10
4 	0.0318608 	0 	1e-10
4 	0.0318608 	0 	1e-10
5 	0.0318608 	0 	1e-10
5 	0.0318608 	0 	1e-10
6 	0.0318608 	0 	1e-10
6 	0.0318608 	0 	1e-10
7 	0.0318608 	0 	1e-10
7 	0.0318608 	0 	1e-10
8 	0.465074 	0 	1e-10
8 	0.496018 	0 	1e-10
0.05 	1.02656 	0 	1e-10
0.05 	1.02656 	0 	1e-10
1 	0.496555 	0 	1e-10
1 	0.469734 	0 	1e-10
2 	0.0380496 	0 	1e-10
2 	0.0380496 	0 	1e-10
3 	0.0380496 	0 	1e-10
3 	0.0380496 	0 	1e-10
4 	0.0380496 	0 	1e-10
4 	0.0380496 	0 	1e-10
5 	0.0380496 	0 	1e-10
5 	0.0380496 	0 	1e-10
6 	0.0380496 	0 	1e-10
6 	0.0380496 	0 	1e-10
7 	0.0380496 	0 	1e-10
7 	0.0380496 	0 	1e-10
8 	0.465074 	0 	1e-10
8 	0.496018 	0 	1e-10
0.05 	1.02656 	0 	1e-10
0.05 	1.02656 	0 	1e-10
1 	0.50192 	0 	1e-10
1 	0.469734 	0 	1e-10
2 	0.0380496 	0 	1e-10
2 	0.0380496 	0 	1e-10
3 	0.0380496 	0 	1e-10
3 	0.0380496 	0 	1e-10
4 	0.0380496 	0 	1e-10
4 	0.0380496 	0 	1e-10
5 	0.0380496 	0 	1e-10
5 	0.0380496 	0 	1e-10
6 	0.0380496 	0 	1e-10
6 	0.0380496 	0 	1e-10
7 	0.0380496 	0 	1e-10
7 	0.0380496 	0 	1e-10
8 	0.471263 	0 	1e-10
8 	0.502206 	0 	1e-10
0.05 	1.03092 	0 	1e-10
0.05 	1.03092 	0 	1e-10
1 	0.50192 	0 	1e-10
1 	0.475099 	0 	1e-10
2 	0.0442383 	0 	1e-10
2 	0.0442383 	0 	1e-10
3 	0.0442383 	0 	1e-10
3 	0.0442383 	0 	1e-10
4 	0.0442383 	0 	1e-10
4 	0.0442383 	0 	1e-10
5 	0.0442383 	0 	1e-10
5 	0.0442383 	0 	1e-10
6 	0.0442383 	0 	1e-10
6 	0.0442383 	0 	1e-10
7 	0.0442383 	0 	1e-10
7 	0.0442383 	0 	1e-10
8 	0.471263 	0 	1e-10
8 	0.502206 	0 	1e-10
0.05 	1.03092 	0 	1e-10
0.05 	1.03092 	0 	1e-10
1 	0.507284 	0 	1e-10
1 	0.475099 	0 	1e-10
2 	0.0504271 	0 	1e-10
2 	0.0504271 	0 	1e-10
3 	0.0504271 	0 	1e-10
3 	0.0504271 	0 	1e-10
4 	0.0504271 	0 	1e-10
4 	0.0504271 	0 	1e-10
5 	0.0504271 	0 	1e-10
5 	0.0504271 	0 	1e-10
6 	0.0504271 	0 	1e-10
6 	0.0504271 	0 	1e-10
7 	0.0504271 	0 	1e-10
7 	0.0504271 	0 	1e-10
8 	0.477451 	0 	1e-10
8 	0.508395 	0 	1e-10
0.05 	1.03529 	0 	1e-10
0.05 	1.03529 	0 	1e-10
1 	0.507284 	0 	1e-10
1 	0.480463 	0 	1e-10
2 	0.0504271 	0 	1e-10
2 	0.0504271 	0 	1e-10
3 	0.0504271 	0 	1e-10
3 	0.0504271 	0 	1e-10
4 	0.0504271 	0 	1e-10
4 	0.0504271 	0 	1e-10
5 	0.0504271 	0 	1e-10
5 	0.0504271 	0 	1e-10
6 	0.0504271 	0 	1e-10
6 	0.0504271 	0 	1e-10
7 	0.0504271 	0 	1e-10
7 	0.0504271 	0 	1e-10
8 	0.477451 	0 	1e-10
8 	0.508395 	0 	1e-10
0.05 	1.03529 	0 	1e-10
0.05 	1.03529 	0 	1e-10
1 	0.512648 	0 	1e-10
1 	0.480463 	0 	1e-10
2 	0.0566158 	0 	1e-10
2 	0.0566158 	0 	1e-10
3 	0.0566158 	0 	1e-10
3 	0.0566158 	0 	1e-10
4 	0.0566158 	0 	1e-10
4 	0.0566158 	0 	1e-10
5 	0.0566158 	0 	1e-10
5 	0.0566158 	0 	1e-10
6 	0.0566158 	0 	1e-10
6 	0.0566158 	0 	1e-10
7 	0.0566158 	0 	1e-10
7 	0.0566158 	0 	1e-10
8 	0.48364 	0 	1e-10
8 	0.514584 	0 	1e-10
0.05 	1.03965 	0 	1e-10
0.05 	1.03965 	0 	1e-10
1 	0.518012 	0 	1e-10
1 	0.485827 	0 	1e-10
2 	0.0566158 	0 	1e-10
2 	0.0566158 	0 	1e-10
3 	0.0566158 	0 	1e-10
3 	0.0566158 	0 	1e-10
4 	0.0566158 	0 	1e-10
4 	0.0566158 	0 	1e-10
5 	0.0566158 	0 	1e-10
5 	0.0566158 	0 	1e-10
6 	0.0566158 	0 	1e-10
6 	0.0566158 	0 	1e-10
7 	0.0566158 	0 	1e-10
7 	0.0566158 	0 	1e-10
8 	0.48364 	0 	1e-10
8 	0.514584 	0 	1e-10
0.05 	1.04401 	0 	1e-10
0.05 	1.04401 	0 	1e-10
1 	0.518012 	0 	1e-10
1 	0.491191 	0 	1e-10
2 	0.0628046 	0 	1e-10
2 	0.0628046 	0 	1e-10
3 	0.0628046 	0 	1e-10
3 	0.0628046 	0 	1e-10
4 	0.0628046 	0 	1e-10
4 	0.0628046 	0 	1e-10
5 	0.0628046 	0 	1e-10
5 	0.0628046 	0 	1e-10
6 	0.0628046 	0 	1e-10
6 	0.0628046 	0 	1e-10
7 	0.0628046 	0 	1e-10
7 	0.0628046 	0 	1e-10
8 	0.489829 	0 	1e-10
8 	0.520773 	0 	1e-10
0.05 	1.04838 	0 	1e-10
0.05 	1.04838 	0 	1e-10
1 	0.523376 	0 	1e-10
1 	0.496555 	0 	1e-10
2 	0.0689934 	0 	1e-10
2 	0.0689934 	0 	1e-10
3 	0.0689934 	0 	1e-10
3 	0.0689934 	0 	1e-10
4 	0.0689934 	0 	1e-10
4 	0.0689934 	0 	1e-10
5 	0.0689934 	0 	1e-10
5 	0.0689934 	0 	1e-10
6 	0.0689934 	0 	1e-10
6 	0.0689934 	0 	1e-10
7 	0.0689934 	0 	1e-10
7 	0.0689934 	0 	1e-10
8 	0.496018 	0 	1e-10
8 	0.520773 	0 	1e-10
0.05 	1.04838 	0 	1e-10
0.05 	1.04838 	0 	1e-10
1 	0.52874 	0 	1e-10
1 	0.496555 	0 	1e-10
2 	0.0751821 	0 	1e-10
2 	0.0751821 	0 	1e-10
3 	0.0751821 	0 	1e-10
3 	0.0751821 	0 	1e-10
4 	0.0751821 	0 	1e-10
4 	0.0751821 	0 	1e-10
5 	0.0751821 	0 	1e-10
5 	0.0751821 	0 	1e-10
6 	0.0751821 	0 	1e-10
6 	0.0751821 	0 	1e-10
7 	0.0751821 	0 	1e-10
7 	0.0751821 	0 	1e-10
8 	0.496018 	0 	1e-10
8 	0.526961 	0 	1e-10
0.05 	1.05274 	0 	1e-10
0.05 	1.05274 	0 	1e-10
1 	0.534105 	0 	1e-10
1 	0.50192 	0 	1e-10
2 	0.0813709 	0 	1e-10
2 	0.0813709 	0 	1e-10
3 	0.0813709 	0 	1e-10
3 	0.0813709 	0 	1e-10
4 	0.0813709 	0 	1e-10
4 	0.0813709 	0 	1e-10
5 	0.0813709 	0 	1e-10
5 	0.0813709 	0 	1e-10
6 	0.0813709 	0 	1e-10
6 	0.0813709 	0 	1e-10
7 	0.0813709 	0 	1e-10
7 	0.0813709 	0 	1e-10
8 	0.502206 	0 	1e-10
8 	0.53315 	0 	1e-10
0.05 	1.05711 	0 	1e-10
0.05 	1.05711 	0 	1e-10
1 	0.534105 	0 	1e-10
1 	0.507284 	0 	1e-10
2 	0.0875596 	0 	1e-10
2 	0.0875596 	0 	1e-10
3 	0.0875596 	0 	1e-10
3 	0.0875596 	0 	1e-10
4 	0.0875596 	0 	1e-10
4 	0.0875596 	0 	1e-10
5 	0.0875596 	0 	1e-10
5 	0.0875596 	0 	1e-10
6 	0.0875596 	0 	1e-10
6 	0.0875596 	0 	1e-10
7 	0.0875596 	0 	1e-10
7 	0.0875596 	0 	1e-10
8 	0.508395 	0 	1e-10
8 	0.539339 	0 	1e-10
0.05 	1.06147 	0 	1e-10
0.05 	1.06147 	0 	1e-10
1 	0.539469 	0 	1e-10
1 	0.512648 	0 	1e-10
2 	0.0875596 	0 	1e-10
2 	0.0875596 	0 	1e-10
3 	0.0875596 	0 	1e-10
3 	0.0875596 	0 	1e-10
4 	0.0875596 	0 	1e-10
4 	0.0875596 	0 	1e-10
5 	0.0875596 	0 	1e-10
5 	0.0875596 	0 	1e-10
6 	0.0875596 	0 	1e-10
6 	0.0875596 	0 	1e-10
7 	0.0875596 	0 	1e-10
7 	0.0875596 	0 	1e-10
8 	0.514584 	0 	1e-10
8 	0.539339 	0 	1e-10
0.05 	1.06583 	0 	1e-10
0.05 	1.06583 	0 	1e-10
1 	0.544833 	0 	1e-10
1 	0.518012 	0 	1e-10
2 	0.0937484 	0 	1e-10
2 	0.0937484 	0 	1e-10
3 	0.0937484 	0 	1e-10
3 	0.0937484 	0 	1e-10
4 	0.0937484 	0 	1e-10
4 	0.0937484 	0 	1e-10
5 	0.0937484 	0 	1e-10
5 	0.0937484 	0 	1e-10
6 	0.0937484 	0 	1e-10
6 	0.0937484 	0 	1e-10
7 	0.0937484 	0 	1e-10
7 	0.0937484 	0 	1e-10
8 	0.520773 	0 	1e-10
8 	0.545528 	0 	1e-10
0.05 	1.0702 	0 	1e-10
0.05 	1.0702 	0 	1e-10
1 	0.550197 	0 	1e-10
1 	0.523376 	0 	1e-10
2 	0.106126 	0 	1e-10
2 	0.106126 	0 	1e-10
3 	0.106126 	0 	1e-10
3 	0.106126 	0 	1e-10
4 	0.106126 	0 	1e-10
4 	0.106126 	0 	1e-10
5 	0.106126 	0 	1e-10
5 	0.106126 	0 	1e-10
6 	0.106126 	0 	1e-10
6 	0.106126 	0 	1e-10
7 	0.106126 	0 	1e-10
7 	0.106126 	0 	1e-10
8 	0.526961 	0 	1e-10
8 	0.551716 	0 	1e-10
0.05 	1.07456 	0 	1e-10
0.05 	1.07456 	0 	1e-10
1 	0.560926 	0 	1e-10
1 	0.52874 	0 	1e-10
2 	0.112315 	0 	1e-10
2 	0.112315 	0 	1e-10
3 	0.112315 	0 	1e-10
3 	0.112315 	0 	1e-10
4 	0.112315 	0 	1e-10
4 	0.112315 	0 	1e-10
5 	0.112315 	0 	1e-10
5 	0.112315 	0 	1e-10
6 	0.112315 	0 	1e-10
6 	0.112315 	0 	1e-10
7 	0.112315 	0 	1e-10
7 	0.112315 	0 	1e-10
8 	0.53315 	0 	1e-10
8 	0.557905 	0 	1e-10
0.05 	1.07893 	0 	1e-10
0.05 	1.07893 	0 	1e-10
1 	0.56629 	0 	1e-10
1 	0.534105 	0 	1e-10
2 	0.118503 	0 	1e-10
2 	0.118503 	0 	1e-10
3 	0.118503 	0 	1e-10
3 	0.118503 	0 	1e-10
4 	0.118503 	0 	1e-10
4 	0.118503 	0 	1e-10
5 	0.118503 	0 	1e-10
5 	0.118503 	0 	1e-10
6 	0.118503 	0 	1e-10
6 	0.118503 	0 	1e-10
7 	0.118503 	0 	1e-10
7 	0.118503 	0 	1e-10
8 	0.539339 	0 	1e-10
8 	0.564094 	0 	1e-10
0.05 	1.08329 	0 	1e-10
0.05 	1.08329 	0 	1e-10
1 	0.571654 	0 	1e-10
1 	0.544833 	0 	1e-10
2 	0.124692 	0 	1e-10
2 	0.124692 	0 	1e-10
3 	0.124692 	0 	1e-10
3 	0.124692 	0 	1e-10
4 	0.124692 	0 	1e-10
4 	0.124692 	0 	1e-10
5 	0.124692 	0 	1e-10
5 	0.124692 	0 	1e-10
6 	0.124692 	0 	1e-10
6 	0.124692 	0 	1e-10
7 	0.124692 	0 	1e-10
7 	0.124692 	0 	1e-10
8 	0.545528 	0 	1e-10
8 	0.570283 	0 	1e-10
0.05 	1.09202 	0 	1e-10
0.05 	1.09202 	0 	1e-10
1 	0.577018 	0 	1e-10
1 	0.550197 	0 	1e-10
2 	0.13707 	0 	1e-10
2 	0.13707 	0 	1e-10
3 	0.13707 	0 	1e-10
3 	0.13707 	0 	1e-10
4 	0.13707 	0 	1e-10
4 	0.13707 	0 	1e-10
5 	0.13707 	0 	1e-10
5 	0.13707 	0 	1e-10
6 	0.13707 	0 	1e-10
6 	0.13707 	0 	1e-10
7 	0.13707 	0 	1e-10
7 	0.13707 	0 	1e-10
8 	0.551716 	0 	1e-10
8 	0.576471 	0 	1e-10
0.05 	1.09638 	0 	1e-10
0.05 	1.09638 	0 	1e-10
1 	0.587747 	0 	1e-10
1 	0.560926 	0 	1e-10
2 	0.143258 	0 	1e-10
2 	0.143258 	0 	1e-10
3 	0.143258 	0 	1e-10
3 	0.143258 	0 	1e-10
4 	0.143258 	0 	1e-10
4 	0.143258 	0 	1e-10
5 	0.143258 	0 	1e-10
5 	0.143258 	0 	1e-10
6 	0.143258 	0 	1e-10
6 	0.143258 	0 	1e-10
7 	0.143258 	0 	1e-10
7 	0.143258 	0 	1e-10
8 	0.557905 	0 	1e-10
8 	0.588849 	0 	1e-10
0.05 	1.10075 	0 	1e-10
0.05 	1.10075 	0 	1e-10
1 	0.593111 	0 	1e-10
1 	0.56629 	0 	1e-10
2 	0.155636 	0 	1e-10
2 	0.155636 	0 	1e-10
3 	0.155636 	0 	1e-10
3 	0.155636 	0 	1e-10
4 	0.155636 	0 	1e-10
4 	0.155636 	0 	1e-10
5 	0.155636 	0 	1e-10
5 	0.155636 	0 	1e-10
6 	0.155636 	0 	1e-10
6 	0.155636 	0 	1e-10
7 	0.155636 	0 	1e-10
7 	0.155636 	0 	1e-10
8 	0.564094 	0 	1e-10
8 	0.595038 	0 	1e-10
0.05 	1.10948 	0 	1e-10
0.05 	1.10948 	0 	1e-10
1 	0.603839 	0 	1e-10
1 	0.577018 	0 	1e-10
2 	0.161825 	0 	1e-10
2 	0.161825 	0 	1e-10
3 	0.161825 	0 	1e-10
3 	0.161825 	0 	1e-10
4 	0.161825 	0 	1e-10
4 	0.161825 	0 	1e-10
5 	0.161825 	0 	1e-10
5 	0.161825 	0 	1e-10
6 	0.161825 	0 	1e-10
6 	0.161825 	0 	1e-10
7 	0.161825 	0 	1e-10
7 	0.161825 	0 	1e-10
8 	0.576471 	0 	1e-10
8 	0.601226 	0 	1e-10
0.05 	1.1182 	0 	1e-10
0.05 	1.1182 	0 	1e-10
1 	0.614567 	0 	1e-10
1 	0.582382 	0 	1e-10
2 	0.174202 	0 	1e-10
2 	0.174202 	0 	1e-10
3 	0.174202 	0 	1e-10
3 	0.174202 	0 	1e-10
4 	0.174202 	0 	1e-10
4 	0.174202 	0 	1e-10
5 	0.174202 	0 	1e-10
5 	0.174202 	0 	1e-10
6 	0.174202 	0 	1e-10
6 	0.174202 	0 	1e-10
7 	0.174202 	0 	1e-10
7 	0.174202 	0 	1e-10
8 	0.58266 	0 	1e-10
8 	0.613604 	0 	1e-10
0.05 	1.12257 	0 	1e-10
0.05 	1.12257 	0 	1e-10
1 	0.619932 	0 	1e-10
1 	0.593111 	0 	1e-10
2 	0.18658 	0 	1e-10
2 	0.18658 	0 	1e-10
3 	0.18658 	0 	1e-10
3 	0.18658 	0 	1e-10
4 	0.18658 	0 	1e-10
4 	0.18658 	0 	1e-10
5 	0.18658 	0 	1e-10
5 	0.18658 	0 	1e-10
6 	0.18658 	0 	1e-10
6 	0.18658 	0 	1e-10
7 	0.18658 	0 	1e-10
7 	0.18658 	0 	1e-10
8 	0.595038 	0 	1e-10
8 	0.619793 	0 	1e-10
0.05 	1.1313 	0 	1e-10
0.05 	1.1313 	0 	1e-10
1 	0.63066 	0 	1e-10
1 	0.603839 	0 	1e-10
2 	0.198957 	0 	1e-10
2 	0.198957 	0 	1e-10
3 	0.198957 	0 	1e-10
3 	0.198957 	0 	1e-10
4 	0.198957 	0 	1e-10
4 	0.198957 	0 	1e-10
5 	0.198957 	0 	1e-10
5 	0.198957 	0 	1e-10
6 	0.198957 	0 	1e-10
6 	0.198957 	0 	1e-10
7 	0.198957 	0 	1e-10
7 	0.198957 	0 	1e-10
8 	0.601226 	0 	1e-10
8 	0.63217 	0 	1e-10
0.05 	1.14002 	0 	1e-10
0.05 	1.14002 	0 	1e-10
1 	0.641388 	0 	1e-10
1 	0.614567 	0 	1e-10
2 	0.211335 	0 	1e-10
2 	0.211335 	0 	1e-10
3 	0.211335 	0 	1e-10
3 	0.211335 	0 	1e-10
4 	0.211335 	0 	1e-10
4 	0.211335 	0 	1e-10
5 	0.211335 	0 	1e-10
5 	0.211335 	0 	1e-10
6 	0.211335 	0 	1e-10
6 	0.211335 	0 	1e-10
7 	0.211335 	0 	1e-10
7 	0.211335 	0 	1e-10
8 	0.613604 	0 	1e-10
8 	0.644548 	0 	1e-10
0.05 	1.14875 	0 	1e-10
0.05 	1.14875 	0 	1e-10
1 	0.652117 	0 	1e-10
1 	0.625296 	0 	1e-10
2 	0.223712 	0 	1e-10
2 	0.223712 	0 	1e-10
3 	0.223712 	0 	1e-10
3 	0.223712 	0 	1e-10
4 	0.223712 	0 	1e-10
4 	0.223712 	0 	1e-10
5 	0.223712 	0 	1e-10
5 	0.223712 	0 	1e-10
6 	0.223712 	0 	1e-10
6 	0.223712 	0 	1e-10
7 	0.223712 	0 	1e-10
7 	0.223712 	0 	1e-10
8 	0.625981 	0 	1e-10
8 	0.650737 	0 	1e-10
0.05 	1.15748 	0 	1e-10
0.05 	1.15748 	0 	1e-10
1 	0.668209 	0 	1e-10
1 	0.636024 	0 	1e-10
2 	0.23609 	0 	1e-10
2 	0.23609 	0 	1e-10
3 	0.23609 	0 	1e-10
3 	0.23609 	0 	1e-10
4 	0.23609 	0 	1e-10
4 	0.23609 	0 	1e-10
5 	0.23609 	0 	1e-10
5 	0.23609 	0 	1e-10
6 	0.23609 	0 	1e-10
6 	0.23609 	0 	1e-10
7 	0.23609 	0 	1e-10
7 	0.23609 	0 	1e-10
8 	0.638359 	0 	1e-10
8 	0.663114 	0 	1e-10
0.05 	1.17057 	0 	1e-10
0.05 	1.17057 	0 	1e-10
1 	0.678938 	0 	1e-10
1 	0.652117 	0 	1e-10
2 	0.254656 	0 	1e-10
2 	0.254656 	0 	1e-10
3 	0.254656 	0 	1e-10
3 	0.254656 	0 	1e-10
4 	0.254656 	0 	1e-10
4 	0.254656 	0 	1e-10
5 	0.254656 	0 	1e-10
5 	0.254656 	0 	1e-10
6 	0.254656 	0 	1e-10
6 	0.254656 	0 	1e-10
7 	0.254656 	0 	1e-10
7 	0.254656 	0 	1e-10
8 	0.650737 	0 	1e-10
8 	0.675492 	0 	1e-10
0.05 	1.1793 	0 	1e-10
0.05 	1.1793 	0 	1e-10
1 	0.689666 	0 	1e-10
1 	0.662845 	0 	1e-10
2 	0.267034 	0 	1e-10
2 	0.267034 	0 	1e-10
3 	0.267034 	0 	1e-10
3 	0.267034 	0 	1e-10
4 	0.267034 	0 	1e-10
4 	0.267034 	0 	1e-10
5 	0.267034 	0 	1e-10
5 	0.267034 	0 	1e-10
6 	0.267034 	0 	1e-10
6 	0.267034 	0 	1e-10
7 	0.267034 	0 	1e-10
7 	0.267034 	0 	1e-10
8 	0.663114 	0 	1e-10
8 	0.694058 	0 	1e-10
0.05 	1.19239 	0 	1e-10
0.05 	1.19239 	0 	1e-10
1 	0.705759 	0 	1e-10
1 	0.678938 	0 	1e-10
2 	0.2856 	0 	1e-10
2 	0.2856 	0 	1e-10
3 	0.2856 	0 	1e-10
3 	0.2856 	0 	1e-10
4 	0.2856 	0 	1e-10
4 	0.2856 	0 	1e-10
5 	0.2856 	0 	1e-10
5 	0.2856 	0 	1e-10
6 	0.2856 	0 	1e-10
6 	0.2856 	0 	1e-10
7 	0.2856 	0 	1e-10
7 	0.2856 	0 	1e-10
8 	0.68168 	0 	1e-10
8 	0.706435 	0 	1e-10
0.05 	1.20549 	0 	1e-10
0.05 	1.20549 	0 	1e-10
1 	0.69503 	0 	1e-10
2 	0.304166 	0 	1e-10
2 	0.304166 	0 	1e-10
3 	0.304166 	0 	1e-10
3 	0.304166 	0 	1e-10
4 	0.304166 	0 	1e-10
4 	0.304166 	0 	1e-10
5 	0.304166 	0 	1e-10
5 	0.304166 	0 	1e-10
6 	0.304166 	0 	1e-10
6 	0.304166 	0 	1e-10
7 	0.304166 	0 	1e-10
7 	0.304166 	0 	1e-10
8 	0.694058 	0 	1e-10
8 	0.718813 	0 	1e-10
0.05 	1.21421 	0 	1e-10
2 	0.322732 	0 	1e-10
2 	0.322732 	0 	1e-10
4 	0.322732 	0 	1e-10
4 	0.322732 	0 	1e-10
5 	0.322732 	0 	1e-10
5 	0.322732 	0 	1e-10
6 	0.322732 	0 	1e-10
6 	0.322732 	0 	1e-10
7 	0.322732 	0 	1e-10
7 	0.322732 	0 	1e-10
8 	0.712624 	0 	1e-10
8 	0.737379 	0 	1e-10
8 	0.762134 	0 	1e-10
2 	0.341299 	0 	1e-10
2 	0.341299 	0 	1e-10
4 	0.341299 	0 	1e-10
4 	0.341299 	0 	1e-10
5 	0.341299 	0 	1e-10
5 	0.341299 	0 	1e-10
6 	0.341299 	0 	1e-10
6 	0.341299 	0 	1e-10
7 	0.341299 	0 	1e-10
7 	0.341299 	0 	1e-10
8 	0.73119 	0 	1e-10
8 	0.755945 	0 	1e-10
8 	0.7807 	0 	1e-10
2 	0.366054 	0 	1e-10
4 	0.366054 	0 	1e-10
4 	0.366054 	0 	1e-10
5 	0.366054 	0 	1e-10
5 	0.366054 	0 	1e-10
6 	0.366054 	0 	1e-10
6 	0.366054 	0 	1e-10
7 	0.366054 	0 	1e-10
7 	0.366054 	0 	1e-10
8 	0.749757 	0 	1e-10
8 	0.774512 	0 	1e-10
8 	0.799267 	0 	1e-10
4 	0.38462 	0 	1e-10
4 	0.38462 	0 	1e-10
5 	0.38462 	0 	1e-10
5 	0.38462 	0 	1e-10
6 	0.38462 	0 	1e-10
6 	0.38462 	0 	1e-10
7 	0.38462 	0 	1e-10
7 	0.38462 	0 	1e-10
8 	0.768323 	0 	1e-10
8 	0.793078 	0 	1e-10
8 	0.817833 	0 	1e-10
4 	0.409375 	0 	1e-10
4 	0.409375 	0 	1e-10
5 	0.409375 	0 	1e-10
5 	0.409375 	0 	1e-10
6 	0.409375 	0 	1e-10
6 	0.409375 	0 	1e-10
7 	0.409375 	0 	1e-10
7 	0.409375 	0 	1e-10
8 	0.786889 	0 	1e-10
8 	0.811644 	0 	1e-10
8 	0.836399 	0 	1e-10
4 	0.43413 	0 	1e-10
4 	0.43413 	0 	1e-10
5 	0.43413 	0 	1e-10
5 	0.43413 	0 	1e-10
6 	0.43413 	0 	1e-10
6 	0.43413 	0 	1e-10
7 	0.43413 	0 	1e-10
7 	0.43413 	0 	1e-10
8 	0.811644 	0 	1e-10
8 	0.836399 	0 	1e-10
8 	0.861154 	0 	1e-10
4 	0.465074 	0 	1e-10
4 	0.465074 	0 	1e-10
5 	0.465074 	0 	1e-10
5 	0.465074 	0 	1e-10
6 	0.465074 	0 	1e-10
6 	0.465074 	0 	1e-10
7 	0.465074 	0 	1e-10
7 	0.465074 	0 	1e-10
8 	0.83021 	0 	1e-10
8 	0.854966 	0 	1e-10
8 	0.879721 	0 	1e-10
4 	0.489829 	0 	1e-10
4 	0.489829 	0 	1e-10
5 	0.489829 	0 	1e-10
5 	0.489829 	0 	1e-10
6 	0.489829 	0 	1e-10
6 	0.489829 	0 	1e-10
7 	0.489829 	0 	1e-10
7 	0.489829 	0 	1e-10
4 	0.520773 	0 	1e-10
4 	0.520773 	0 	1e-10
5 	0.520773 	0 	1e-10
5 	0.520773 	0 	1e-10
7 	0.520773 	0 	1e-10
7 	0.520773 	0 	1e-10
4 	0.551716 	0 	1e-10
4 	0.551716 	0 	1e-10
5 	0.551716 	0 	1e-10
5 	0.551716 	0 	1e-10
4 	0.588849 	0 	1e-10
4 	0.588849 	0 	1e-10
5 	0.588849 	0 	1e-10
5 	0.588849 	0 	1e-10
4 	0.625981 	0 	1e-10
4 	0.625981 	0 	1e-10
5 	0.625981 	0 	1e-10
5 	0.625981 	0 	1e-10
4 	0.663114 	0 	1e-10
4 	0.663114 	0 	1e-10
5 	0.663114 	0 	1e-10
5 	0.663114 	0 	1e-10
4 	0.706435 	0 	1e-10
4 	0.706435 	0 	1e-10
5 	0.706435 	0 	1e-10
5 	0.706435 	0 	1e-10
4 	0.749757 	0 	1e-10
4 	0.749757 	0 	1e-10
5 	0.749757 	0 	1e-10
5 	0.749757 	0 	1e-10
4 	0.793078 	0 	1e-10
4 	0.793078 	0 	1e-10
5 	0.793078 	0 	1e-10
5 	0.793078 	0 	1e-10
1 	1.19926 	0 	1e-10
4 	0.842588 	0 	1e-10
4 	0.842588 	0 	1e-10
5 	0.842588 	0 	1e-10
5 	0.842588 	0 	1e-10
1 	1.24218 	0 	1e-10
1 	1.22072 	0 	1e-10
1 	1.19926 	0 	1e-10
4 	0.892098 	0 	1e-10
4 	0.892098 	0 	1e-10
5 	0.892098 	0 	1e-10
5 	0.892098 	0 	1e-10
1 	1.28509 	0 	1e-10
1 	1.269 	0 	1e-10
4 	0.947797 	0 	1e-10
4 	0.947797 	0 	1e-10
5 	0.947797 	0 	1e-10
5 	0.947797 	0 	1e-10
1 	1.33337 	0 	1e-10
1 	1.31728 	0 	1e-10
4 	1.0035 	0 	1e-10
4 	1.0035 	0 	1e-10
5 	1.0035 	0 	1e-10
5 	1.0035 	0 	1e-10
6 	1.0035 	0 	1e-10
3 	1.06538 	0 	1e-10
3 	1.06538 	0 	1e-10
4 	1.06538 	0 	1e-10
4 	1.06538 	0 	1e-10
5 	1.06538 	0 	1e-10
5 	1.06538 	0 	1e-10
6 	1.06538 	0 	1e-10
6 	1.06538 	0 	1e-10
3 	1.13346 	0 	1e-10
3 	1.13346 	0 	1e-10
3 	1.13346 	0 	1e-10
4 	1.13346 	0 	1e-10
4 	1.13346 	0 	1e-10
5 	1.13346 	0 	1e-10
5 	1.13346 	0 	1e-10
6 	1.13346 	0 	1e-10
6 	1.13346 	0 	1e-10
6 	1.13346 	0 	1e-10
3 	1.20154 	0 	1e-10
3 	1.20154 	0 	1e-10
3 	1.20154 	0 	1e-10
4 	1.20154 	0 	1e-10
4 	1.20154 	0 	1e-10
5 	1.20154 	0 	1e-10
5 	1.20154 	0 	1e-10
6 	1.20154 	0 	1e-10
6 	1.20154 	0 	1e-10
6 	1.20154 	0 	1e-10
2 	1.26961 	0 	1e-10
2 	1.26961 	0 	1e-10
3 	1.26961 	0 	1e-10
3 	1.26961 	0 	1e-10
4 	1.26961 	0 	1e-10
4 	1.26961 	0 	1e-10
5 	1.26961 	0 	1e-10
5 	1.26961 	0 	1e-10
2 	1.35007 	0 	1e-10
2 	1.35007 	0 	1e-10
3 	1.35007 	0 	1e-10
3 	1.35007 	0 	1e-10
4 	1.35007 	0 	1e-10
4 	1.35007 	0 	1e-10
5 	1.35007 	0 	1e-10
5 	1.35007 	0 	1e-10
2 	1.43052 	0 	1e-10
2 	1.43052 	0 	1e-10
