0.448502 	-8.45048e-11 	-1.45826e-10 	6.86805e-28 	1.42252e-10 	0 	1.42252e-10
0.449288 	5.15908e-11 	-1.45264e-11 	9.14711e-30 	7.42046e-11 	0 	7.42046e-11
0.450122 	6.66667e-11 	1.06645e-28 	-6.63616e-28 	6.66667e-11 	0 	6.66667e-11
0.451005 	6.66667e-11 	-1.11453e-26 	-1.78391e-29 	6.66667e-11 	0 	6.66667e-11
0.451941 	6.66667e-11 	7.3013e-27 	-4.14544e-27 	6.66667e-11 	0 	6.66667e-11
0.452933 	6.66667e-11 	1.08714e-26 	-4.98515e-26 	6.66667e-11 	0 	6.66667e-11
0.453985 	6.66667e-11 	-3.46355e-28 	4.3496e-26 	6.66667e-11 	0 	6.66667e-11
0.4551 	6.66667e-11 	-3.04383e-28 	4.03757e-27 	6.66667e-11 	0 	6.66667e-11
0.456282 	6.66667e-11 	1.56088e-26 	-3.35218e-26 	6.66667e-11 	0 	6.66667e-11
0.457534 	6.66667e-11 	1.55529e-27 	2.76272e-26 	6.66667e-11 	0 	6.66667e-11
0.458862 	6.66667e-11 	-1.80937e-26 	-1.10709e-26 	6.66667e-11 	0 	6.66667e-11
0.46027 	6.66667e-11 	2.17969e-27 	1.40947e-26 	6.66667e-11 	0 	6.66667e-11
0.461762 	6.66667e-11 	-5.97835e-28 	1.86578e-27 	6.66667e-11 	0 	6.66667e-11
0.463343 	6.66667e-11 	5.50717e-27 	1.02439e-27 	6.66667e-11 	0 	6.66667e-11
0.46502 	6.66667e-11 	6.42568e-28 	-4.81258e-27 	6.66667e-11 	0 	6.66667e-11
0.466796 	6.66667e-11 	-2.32062e-28 	-2.82433e-26 	6.66667e-11 	0 	6.66667e-11
0.46868 	6.66667e-11 	-8.754e-28 	2.73279e-26 	6.66667e-11 	0 	6.66667e-11
0.470676 	6.66667e-11 	-7.92389e-27 	6.17715e-28 	6.66667e-11 	0 	6.66667e-11
0.472792 	6.66667e-11 	3.57809e-27 	-2.7854e-26 	6.66667e-11 	0 	6.66667e-11
0.475035 	6.66667e-11 	7.17654e-28 	2.54223e-26 	6.66667e-11 	0 	6.66667e-11
0.477413 	6.66667e-11 	2.69968e-27 	2.02719e-26 	6.66667e-11 	0 	6.66667e-11
0.479933 	6.66667e-11 	-2.95962e-28 	-1.40925e-26 	6.66667e-11 	0 	6.66667e-11
0.482604 	6.66667e-11 	-5.78648e-29 	-2.44146e-27 	6.66667e-11 	0 	6.66667e-11
0.485435 	6.66667e-11 	1.98099e-28 	1.79299e-27 	6.66667e-11 	0 	6.66667e-11
0.488436 	6.66667e-11 	-2.49078e-27 	8.82969e-27 	6.66667e-11 	0 	6.66667e-11
0.491616 	6.66667e-11 	-2.5188e-27 	-9.46774e-27 	6.66667e-11 	0 	6.66667e-11
0.494988 	6.66667e-11 	2.73705e-27 	-1.34162e-27 	6.66667e-11 	0 	6.66667e-11
0.498561 	6.66667e-11 	4.91222e-27 	-6.12876e-27 	6.66667e-11 	0 	6.66667e-11
0.502349 	6.66667e-11 	-4.3677e-27 	-7.67239e-28 	6.66667e-11 	0 	6.66667e-11
0.506363 	6.66667e-11 	-2.56236e-27 	5.31543e-27 	6.66667e-11 	0 	6.66667e-11
0.510618 	6.66667e-11 	2.18189e-27 	1.385e-27 	6.66667e-11 	0 	6.66667e-11
0.515128 	6.66667e-11 	1.98444e-27 	-1.23963e-27 	6.66667e-11 	0 	6.66667e-11
0.519908 	6.66667e-11 	-3.35969e-27 	-7.80396e-27 	6.66667e-11 	0 	6.66667e-11
0.524974 	6.66667e-11 	1.02101e-27 	8.04347e-27 	6.66667e-11 	0 	6.66667e-11
0.530343 	6.66667e-11 	1.66784e-27 	4.83694e-28 	6.66667e-11 	0 	6.66667e-11
0.536034 	6.66667e-11 	3.86453e-28 	6.18314e-29 	6.66667e-11 	0 	6.66667e-11
0.542066 	6.66667e-11 	1.45871e-27 	-5.13164e-29 	6.66667e-11 	0 	6.66667e-11
0.548458 	6.66667e-11 	-2.60163e-29 	2.24817e-28 	6.66667e-11 	0 	6.66667e-11
0.555233 	6.66667e-11 	-1.33033e-27 	3.72305e-28 	6.66667e-11 	0 	6.66667e-11
0.562414 	6.66667e-11 	9.66214e-28 	5.61404e-29 	6.66667e-11 	0 	6.66667e-11
0.570024 	6.66667e-11 	-7.59025e-28 	-5.30847e-28 	6.66667e-11 	0 	6.66667e-11
0.578089 	6.66667e-11 	1.08621e-27 	1.37918e-30 	6.66667e-11 	0 	6.66667e-11
0.586636 	6.66667e-11 	1.88237e-27 	3.88353e-30 	6.66667e-11 	0 	6.66667e-11
0.595694 	6.66667e-11 	-1.76681e-27 	-1.03971e-28 	6.66667e-11 	0 	6.66667e-11
0.605293 	6.66667e-11 	-1.32483e-28 	3.29242e-30 	6.66667e-11 	0 	6.66667e-11
0.615466 	6.66667e-11 	8.56386e-28 	2.96751e-28 	6.66667e-11 	0 	6.66667e-11
0.626247 	6.66667e-11 	8.3556e-28 	-3.52308e-29 	6.66667e-11 	0 	6.66667e-11
0.637671 	6.66667e-11 	7.52091e-28 	-1.32305e-28 	6.66667e-11 	0 	6.66667e-11
0.649778 	6.66667e-11 	2.37588e-29 	2.3654e-28 	6.66667e-11 	0 	6.66667e-11
0.662606 	6.66667e-11 	-7.01242e-29 	3.85447e-28 	6.66667e-11 	0 	6.66667e-11
0.6762 	6.66667e-11 	3.46439e-28 	-2.01293e-28 	6.66667e-11 	0 	6.66667e-11
0.690605 	6.66667e-11 	-1.06746e-27 	-3.25529e-28 	6.66667e-11 	0 	6.66667e-11
0.705868 	6.66667e-11 	4.37106e-28 	3.81726e-28 	6.66667e-11 	0 	6.66667e-11
0.722041 	6.66667e-11 	4.30972e-29 	2.52986e-27 	6.66667e-11 	0 	6.66667e-11
0.739177 	6.66667e-11 	4.13819e-28 	-2.23969e-27 	6.66667e-11 	0 	6.66667e-11
0.757334 	6.66667e-11 	-3.27787e-28 	-4.06997e-28 	6.66667e-11 	0 	6.66667e-11
0.776571 	6.66667e-11 	-2.92176e-28 	-2.05526e-29 	6.66667e-11 	0 	6.66667e-11
0.796952 	6.66667e-11 	3.33134e-28 	-2.75001e-30 	6.66667e-11 	0 	6.66667e-11
0.818544 	6.66667e-11 	-2.05455e-28 	-2.03246e-28 	6.66667e-11 	0 	6.66667e-11
0.84142 	6.66667e-11 	-1.24076e-28 	-2.47721e-28 	6.66667e-11 	0 	6.66667e-11
0.865654 	6.66667e-11 	-1.34611e-28 	1.86959e-28 	6.66667e-11 	0 	6.66667e-11
0.891326 	6.66667e-11 	-7.55616e-29 	4.39179e-28 	6.66667e-11 	0 	6.66667e-11
0.918521 	6.66667e-11 	9.70383e-29 	1.89623e-27 	6.66667e-11 	0 	6.66667e-11
0.947328 	6.66667e-11 	-5.06314e-29 	1.7824e-27 	6.66667e-11 	0 	6.66667e-11
0.977841 	6.66667e-11 	-1.44609e-29 	-1.94663e-27 	6.66667e-11 	0 	6.66667e-11
1.00381 	6.66667e-11 	-1.20825e-28 	-2.02931e-27 	6.66667e-11 	0 	6.66667e-11
1.02043 	6.66667e-11 	-1.6618e-28 	-5.53299e-28 	6.66667e-11 	0 	6.66667e-11
1.04439 	6.66667e-11 	-8.52537e-29 	-2.99245e-30 	6.66667e-11 	0 	6.66667e-11
1.08065 	6.66667e-11 	3.22994e-29 	3.75596e-31 	6.66667e-11 	0 	6.66667e-11
1.11905 	6.66667e-11 	1.51641e-28 	-2.92853e-28 	6.66667e-11 	0 	6.66667e-11
1.15971 	6.66667e-11 	1.01924e-28 	-1.3339e-27 	6.66667e-11 	0 	6.66667e-11
1.20277 	6.66667e-11 	1.63568e-28 	5.04457e-28 	6.66667e-11 	0 	6.66667e-11
1.24837 	6.66667e-11 	1.88477e-29 	1.99328e-27 	6.66667e-11 	0 	6.66667e-11
1.29664 	6.66667e-11 	0 	-1.99426e-27 	6.66667e-11 	0 	6.66667e-11
1.34776 	6.66667e-11 	-7.13544e-31 	7.62508e-28 	6.66667e-11 	0 	6.66667e-11
1.40187 	6.66667e-11 	1.45094e-28 	6.90709e-29 	6.66667e-11 	0 	6.66667e-11
1.45915 	6.66667e-11 	2.69753e-30 	-1.18925e-27 	6.66667e-11 	0 	6.66667e-11
1.51979 	6.66667e-11 	-1.36264e-28 	1.7799e-27 	6.66667e-11 	0 	6.66667e-11
1.58397 	6.66667e-11 	-9.96927e-30 	-5.02559e-28 	6.66667e-11 	0 	6.66667e-11
1.65191 	6.66667e-11 	1.28328e-29 	-5.09587e-29 	6.66667e-11 	0 	6.66667e-11
1.72381 	6.66667e-11 	8.20146e-29 	-3.40404e-30 	6.66667e-11 	0 	6.66667e-11
1.79768 	6.66667e-11 	-1.88846e-28 	4.21645e-31 	6.66667e-11 	0 	6.66667e-11
1.86934 	6.66667e-11 	7.92227e-29 	-2.87239e-28 	6.66667e-11 	0 	6.66667e-11
1.93684 	6.66667e-11 	-1.10376e-30 	-6.87519e-28 	6.66667e-11 	0 	6.66667e-11
2.00043 	6.66667e-11 	8.90154e-29 	9.94523e-28 	6.66667e-11 	0 	6.66667e-11
2.06034 	6.66667e-11 	4.27543e-29 	2.45903e-28 	6.66667e-11 	0 	6.66667e-11
2.0924 	6.66667e-11 	-1.40472e-30 	-4.89179e-28 	6.66667e-11 	0 	6.66667e-11
2.11978 	6.66667e-11 	-8.7521e-30 	-2.20074e-28 	6.66667e-11 	0 	6.66667e-11
2.16998 	6.66667e-11 	8.20426e-29 	6.70889e-31 	6.66667e-11 	0 	6.66667e-11
2.2201 	6.66667e-11 	-1.25679e-28 	-2.73869e-28 	6.66667e-11 	0 	6.66667e-11
2.26733 	6.66667e-11 	-1.7535e-28 	-1.35691e-27 	6.66667e-11 	0 	6.66667e-11
2.31185 	6.66667e-11 	-3.46483e-28 	1.33376e-27 	6.66667e-11 	0 	6.66667e-11
2.35381 	6.66667e-11 	3.64027e-30 	6.85586e-27 	6.66667e-11 	0 	6.66667e-11
2.39336 	6.66667e-11 	-4.36623e-30 	-6.21101e-27 	6.66667e-11 	0 	6.66667e-11
2.43064 	6.66667e-11 	-2.9783e-29 	-1.06005e-27 	6.66667e-11 	0 	6.66667e-11
2.46578 	6.66667e-11 	4.22665e-29 	1.23308e-31 	6.66667e-11 	0 	6.66667e-11
2.49891 	6.66667e-11 	-3.68667e-30 	-2.86777e-30 	6.66667e-11 	0 	6.66667e-11
2.53015 	6.66667e-11 	-4.66791e-28 	1.04889e-27 	6.66667e-11 	0 	6.66667e-11
2.5596 	6.66667e-11 	-1.05544e-28 	5.65173e-27 	6.66667e-11 	0 	6.66667e-11
2.58736 	6.66667e-11 	-1.05334e-28 	-6.91866e-27 	6.66667e-11 	0 	6.66667e-11
2.61354 	6.66667e-11 	-6.00603e-28 	-3.83251e-27 	6.66667e-11 	0 	6.66667e-11
2.63822 	6.66667e-11 	-4.20508e-29 	3.26213e-27 	6.66667e-11 	0 	6.66667e-11
2.6615 	6.66667e-11 	6.33732e-28 	3.21155e-28 	6.66667e-11 	0 	6.66667e-11
2.68344 	6.66667e-11 	-6.40318e-29 	-1.69479e-27 	6.66667e-11 	0 	6.66667e-11
2.70414 	6.66667e-11 	-6.52174e-28 	-1.18073e-26 	6.66667e-11 	0 	6.66667e-11
2.72365 	6.66667e-11 	6.39698e-28 	1.30096e-26 	6.66667e-11 	0 	6.66667e-11
2.74206 	6.66667e-11 	-5.23562e-29 	1.46056e-27 	6.66667e-11 	0 	6.66667e-11
2.75941 	6.66667e-11 	7.85698e-28 	-2.57078e-31 	6.66667e-11 	0 	6.66667e-11
2.77578 	6.66667e-11 	9.59608e-29 	1.4976e-28 	6.66667e-11 	0 	6.66667e-11
2.79122 	6.66667e-11 	8.76837e-28 	4.66176e-28 	6.66667e-11 	0 	6.66667e-11
2.80577 	6.66667e-11 	-8.11262e-28 	-2.25324e-28 	6.66667e-11 	0 	6.66667e-11
2.8195 	6.66667e-11 	1.07747e-27 	-4.86401e-28 	6.66667e-11 	0 	6.66667e-11
2.83245 	6.66667e-11 	3.34657e-29 	-1.79655e-31 	6.66667e-11 	0 	6.66667e-11
2.84466 	6.66667e-11 	-1.15822e-27 	-3.79164e-31 	6.66667e-11 	0 	6.66667e-11
2.85618 	6.66667e-11 	1.26622e-27 	2.42395e-28 	6.66667e-11 	0 	6.66667e-11
2.86705 	6.66667e-11 	2.81972e-27 	2.10734e-28 	6.66667e-11 	0 	6.66667e-11
2.87729 	6.66667e-11 	2.60512e-28 	1.00244e-27 	6.66667e-11 	0 	6.66667e-11
2.88696 	6.66667e-11 	-2.79218e-27 	-9.91597e-28 	6.66667e-11 	0 	6.66667e-11
2.89607 	6.66667e-11 	-2.94755e-28 	-1.05524e-26 	6.66667e-11 	0 	6.66667e-11
2.90467 	6.66667e-11 	-1.66864e-29 	8.00852e-27 	6.66667e-11 	0 	6.66667e-11
2.91278 	6.66667e-11 	2.47404e-28 	-8.06994e-27 	6.66667e-11 	0 	6.66667e-11
2.92043 	6.66667e-11 	-1.3591e-28 	1.05344e-26 	6.66667e-11 	0 	6.66667e-11
2.92764 	6.66667e-11 	-3.2108e-28 	9.23066e-28 	6.66667e-11 	0 	6.66667e-11
2.93445 	6.66667e-11 	2.69333e-27 	-1.00433e-27 	6.66667e-11 	0 	6.66667e-11
2.94087 	6.66667e-11 	4.89939e-27 	-1.14621e-27 	6.66667e-11 	0 	6.66667e-11
2.94693 	6.66667e-11 	-2.24882e-27 	2.45652e-27 	6.66667e-11 	0 	6.66667e-11
2.95264 	6.66667e-11 	-6.27337e-28 	1.48197e-26 	6.66667e-11 	0 	6.66667e-11
2.95802 	6.66667e-11 	-2.4683e-27 	-1.75063e-26 	6.66667e-11 	0 	6.66667e-11
2.96311 	6.66667e-11 	2.63963e-27 	-1.95262e-26 	6.66667e-11 	0 	6.66667e-11
2.9679 	6.66667e-11 	2.33768e-28 	2.11624e-26 	6.66667e-11 	0 	6.66667e-11
2.97242 	6.66667e-11 	5.21687e-27 	2.64769e-26 	6.66667e-11 	0 	6.66667e-11
2.97669 	6.66667e-11 	-2.73481e-27 	-3.95464e-28 	6.66667e-11 	0 	6.66667e-11
2.98071 	6.66667e-11 	-6.76543e-28 	-2.23974e-26 	6.66667e-11 	0 	6.66667e-11
2.98451 	6.66667e-11 	-6.4758e-28 	-4.01741e-27 	6.66667e-11 	0 	6.66667e-11
2.98809 	6.66667e-11 	7.75548e-28 	-2.03905e-27 	6.66667e-11 	0 	6.66667e-11
2.99147 	6.66667e-11 	3.62412e-27 	-3.33684e-30 	6.66667e-11 	0 	6.66667e-11
2.99465 	6.66667e-11 	-3.86299e-27 	1.56296e-30 	6.66667e-11 	0 	6.66667e-11
2.99766 	6.66667e-11 	3.15572e-27 	-5.6218e-27 	6.66667e-11 	0 	6.66667e-11
3.00049 	6.66667e-11 	-4.78329e-27 	-2.48917e-26 	6.66667e-11 	0 	6.66667e-11
3.00317 	6.66667e-11 	6.44222e-29 	5.63986e-26 	6.66667e-11 	0 	6.66667e-11
3.00569 	6.66667e-11 	-6.44005e-28 	-1.87525e-26 	6.66667e-11 	0 	6.66667e-11
3.00807 	6.66667e-11 	-6.1647e-27 	3.73073e-27 	6.66667e-11 	0 	6.66667e-11
3.01032 	6.66667e-11 	1.40732e-27 	-3.97941e-28 	6.66667e-11 	0 	6.66667e-11
3.01243 	6.66667e-11 	7.51583e-27 	-7.89936e-27 	6.66667e-11 	0 	6.66667e-11
3.01443 	6.66667e-11 	6.71195e-28 	-3.98122e-27 	6.66667e-11 	0 	6.66667e-11
3.01632 	6.66667e-11 	7.31259e-30 	1.7564e-30 	6.66667e-11 	0 	6.66667e-11
3.01809 	6.66667e-11 	-8.3073e-27 	1.01149e-26 	6.66667e-11 	0 	6.66667e-11
3.01977 	6.66667e-11 	-1.03085e-26 	6.6865e-26 	6.66667e-11 	0 	6.66667e-11
3.02135 	6.66667e-11 	-9.07984e-27 	4.67051e-26 	6.66667e-11 	0 	6.66667e-11
3.02285 	6.66667e-11 	1.29135e-28 	-1.14559e-25 	6.66667e-11 	0 	6.66667e-11
3.02425 	6.66667e-11 	4.29758e-27 	-2.31502e-26 	6.66667e-11 	0 	6.66667e-11
3.02558 	6.66667e-11 	9.45634e-27 	-2.76836e-26 	6.66667e-11 	0 	6.66667e-11
3.02683 	6.66667e-11 	-1.15238e-26 	-1.19532e-25 	6.66667e-11 	0 	6.66667e-11
3.02802 	6.66667e-11 	2.91955e-28 	1.29658e-25 	6.66667e-11 	0 	6.66667e-11
3.02913 	6.66667e-11 	1.27327e-26 	2.96469e-26 	6.66667e-11 	0 	6.66667e-11
3.03018 	6.66667e-11 	-1.59089e-28 	-2.66243e-26 	6.66667e-11 	0 	6.66667e-11
3.03118 	6.66667e-11 	-1.28424e-26 	-9.24556e-26 	6.66667e-11 	0 	6.66667e-11
3.03211 	6.66667e-11 	-1.49548e-27 	2.12523e-26 	6.66667e-11 	0 	6.66667e-11
3.03299 	6.66667e-11 	3.62183e-27 	1.03845e-25 	6.66667e-11 	0 	6.66667e-11
3.03383 	6.66667e-11 	3.42413e-27 	-1.27446e-26 	6.66667e-11 	0 	6.66667e-11
3.03461 	6.66667e-11 	1.93047e-11 	-2.14522e-26 	6.66667e-11 	0 	6.66667e-11
3.03535 	6.66667e-11 	1.58296e-10 	4.97153e-26 	6.66667e-11 	0 	6.66667e-11
