0.448511 	0.000780962 	0 	0
0.449297 	0.001 	0 	0
0.45013 	0.001 	0 	0
0.451013 	0.001 	0 	0
0.451949 	0.001 	0 	0
0.452942 	0.001 	0 	0
0.453993 	0.001 	0 	0
0.455108 	0.001 	0 	0
0.45629 	0.001 	0 	0
0.457543 	0.001 	0 	0
0.458871 	0.001 	0 	0
0.460278 	0.001 	0 	0
0.46177 	0.001 	0 	0
0.463352 	0.001 	0 	0
0.465028 	0.001 	0 	0
0.466805 	0.001 	0 	0
0.468688 	0.001 	0 	0
0.470684 	0.001 	0 	0
0.4728 	0.001 	0 	0
0.475043 	0.001 	0 	0
0.47742 	0.001 	0 	0
0.47994 	0.001 	0 	0
0.482611 	0.001 	0 	0
0.485442 	0.001 	0 	0
0.488443 	0.001 	0 	0
0.491624 	0.001 	0 	0
0.494995 	0.001 	0 	0
0.498568 	0.001 	0 	0
0.502356 	0.001 	0 	0
0.50637 	0.001 	0 	0
0.510625 	0.001 	0 	0
0.515135 	0.001 	0 	0
0.519914 	0.001 	0 	0
0.52498 	0.001 	0 	0
0.53035 	0.001 	0 	0
0.53604 	0.001 	0 	0
0.542072 	0.001 	0 	0
0.548464 	0.001 	0 	0
0.555239 	0.001 	0 	0
0.562419 	0.001 	0 	0
0.570029 	0.001 	0 	0
0.578094 	0.001 	0 	0
0.586641 	0.001 	0 	0
0.595699 	0.001 	0 	0
0.605298 	0.001 	0 	0
0.615471 	0.001 	0 	0
0.626251 	0.001 	0 	0
0.637675 	0.001 	0 	0
0.649781 	0.001 	0 	0
0.66261 	0.001 	0 	0
0.676203 	0.001 	0 	0
0.690608 	0.001 	0 	0
0.705871 	0.001 	0 	0
0.722043 	0.001 	0 	0
0.739179 	0.001 	0 	0
0.757335 	0.001 	0 	0
0.776572 	0.001 	0 	0
0.796952 	0.001 	0 	0
0.818545 	0.001 	0 	0
0.84142 	0.001 	0 	0
0.865653 	0.001 	0 	0
0.891325 	0.001 	0 	0
0.91852 	0.001 	0 	0
0.947326 	0.001 	0 	0
0.977839 	0.001 	0 	0
1.00376 	0.001 	0 	0
1.02039 	0.001 	0 	0
1.04439 	0.001 	0 	0
1.08065 	0.001 	0 	0
1.11905 	0.001 	0 	0
1.15971 	0.001 	0 	0
1.20277 	0.001 	0 	0
1.24837 	0.001 	0 	0
1.29664 	0.001 	0 	0
1.34775 	0.001 	0 	0
1.40187 	0.001 	0 	0
1.45915 	0.001 	0 	0
1.51979 	0.001 	0 	0
1.58397 	0.001 	0 	0
1.65191 	0.001 	0 	0
1.7238 	0.001 	0 	0
1.79768 	0.001 	0 	0
1.86934 	0.001 	0 	0
1.93684 	0.001 	0 	0
2.00043 	0.001 	0 	0
2.06034 	0.001 	0 	0
2.09229 	0.001 	0 	0
2.11968 	0.001 	0 	0
2.16998 	0.001 	0 	0
2.2201 	0.001 	0 	0
2.26733 	0.001 	0 	0
2.31185 	0.001 	0 	0
2.35381 	0.001 	0 	0
2.39336 	0.001 	0 	0
2.43064 	0.001 	0 	0
2.46578 	0.001 	0 	0
2.49891 	0.001 	0 	0
2.53015 	0.001 	0 	0
2.5596 	0.001 	0 	0
2.58736 	0.001 	0 	0
2.61354 	0.001 	0 	0
2.63822 	0.001 	0 	0
2.6615 	0.001 	0 	0
2.68344 	0.001 	0 	0
2.70414 	0.001 	0 	0
2.72365 	0.001 	0 	0
2.74206 	0.001 	0 	0
2.75941 	0.001 	0 	0
2.77578 	0.001 	0 	0
2.79122 	0.001 	0 	0
2.80577 	0.001 	0 	0
2.8195 	0.001 	0 	0
2.83245 	0.001 	0 	0
2.84466 	0.001 	0 	0
2.85618 	0.001 	0 	0
2.86705 	0.001 	0 	0
2.87729 	0.001 	0 	0
2.88696 	0.001 	0 	0
2.89607 	0.001 	0 	0
2.90467 	0.001 	0 	0
2.91278 	0.001 	0 	0
2.92043 	0.001 	0 	0
2.92764 	0.001 	0 	0
2.93445 	0.001 	0 	0
2.94087 	0.001 	0 	0
2.94693 	0.001 	0 	0
2.95264 	0.001 	0 	0
2.95802 	0.001 	0 	0
2.96311 	0.001 	0 	0
2.9679 	0.001 	0 	0
2.97242 	0.001 	0 	0
2.97669 	0.001 	0 	0
2.98071 	0.001 	0 	0
2.98451 	0.001 	0 	0
2.98809 	0.001 	0 	0
2.99147 	0.001 	0 	0
2.99465 	0.001 	0 	0
2.99766 	0.001 	0 	0
3.00049 	0.001 	0 	0
3.00317 	0.001 	0 	0
3.00569 	0.001 	0 	0
3.00807 	0.001 	0 	0
3.01032 	0.001 	0 	0
3.01243 	0.001 	0 	0
3.01443 	0.001 	0 	0
3.01632 	0.001 	0 	0
3.01809 	0.001 	0 	0
3.01977 	0.001 	0 	0
3.02135 	0.001 	0 	0
3.02285 	0.001 	0 	0
3.02425 	0.001 	0 	0
3.02558 	0.001 	0 	0
3.02683 	0.001 	0 	0
3.02802 	0.001 	0 	0
3.02913 	0.001 	0 	0
3.03018 	0.001 	0 	0
3.03118 	0.001 	0 	0
3.03211 	0.001 	0 	0
3.03299 	0.001 	0 	0
3.03383 	0.001 	0 	0
3.03461 	0.001 	0 	0
3.03535 	0.000722072 	0 	0
