-1.0536585e-16 	0 	0 	0 	0 	0 	0
0.00071777728 	6.6666669e-16 	-1.5499996e-16 	-4.7488254e-38 	6.6666667e-16 	0 	6.6666667e-16
0.0014708259 	6.6666667e-16 	-4.907903e-31 	-5.0532308e-37 	6.6666667e-16 	0 	6.6666667e-16
0.0022608792 	6.6666667e-16 	-4.4628631e-31 	6.6209396e-38 	6.6666667e-16 	0 	6.6666667e-16
0.0030897555 	6.6666667e-16 	-2.0857024e-32 	4.4042647e-37 	6.6666667e-16 	0 	6.6666667e-16
0.0039593625 	6.6666667e-16 	4.2622657e-31 	-8.2734561e-38 	6.6666667e-16 	0 	6.6666667e-16
0.0048717018 	6.6666667e-16 	0 	8.3188315e-37 	6.6666667e-16 	0 	6.6666667e-16
0.0058288732 	6.6666667e-16 	-4.4244278e-31 	1.1937024e-36 	6.6666667e-16 	0 	6.6666667e-16
0.0068330797 	6.6666667e-16 	-8.642185e-31 	2.2754888e-37 	6.6666667e-16 	0 	6.6666667e-16
0.0078866327 	6.6666667e-16 	-3.5670831e-31 	-9.1842407e-37 	6.6666667e-16 	0 	6.6666667e-16
0.0089919569 	6.6666667e-16 	6.464418e-32 	-7.8776572e-37 	6.6666667e-16 	0 	6.6666667e-16
0.010151597 	6.6666667e-16 	-5.8308153e-32 	-1.8986388e-41 	6.6666667e-16 	0 	6.6666667e-16
0.011368221 	6.6666667e-16 	-2.7206028e-33 	5.7443801e-37 	6.6666667e-16 	0 	6.6666667e-16
0.012644629 	6.6666667e-16 	3.3444963e-31 	1.2859776e-37 	6.6666667e-16 	0 	6.6666667e-16
0.01398376 	6.6666667e-16 	-3.6258248e-32 	-4.4791883e-37 	6.6666667e-16 	0 	6.6666667e-16
0.015388695 	6.6666667e-16 	-5.7124095e-31 	9.0798972e-38 	6.6666667e-16 	0 	6.6666667e-16
0.016862669 	6.6666667e-16 	3.2099876e-32 	1.2147577e-36 	6.6666667e-16 	0 	6.6666667e-16
0.018409073 	6.6666667e-16 	5.1982525e-31 	2.1927474e-36 	6.6666667e-16 	0 	6.6666667e-16
0.020031468 	6.6666667e-16 	-2.8271402e-32 	9.1553638e-37 	6.6666667e-16 	0 	6.6666667e-16
0.021733586 	6.6666667e-16 	-2.242872e-31 	-4.3956971e-37 	6.6666667e-16 	0 	6.6666667e-16
0.023519345 	6.6666667e-16 	3.6538446e-32 	-1.0744879e-36 	6.6666667e-16 	0 	6.6666667e-16
0.025392857 	6.6666667e-16 	0 	-1.5498394e-36 	6.6666667e-16 	0 	6.6666667e-16
0.027358432 	6.6666667e-16 	3.0729825e-32 	-8.7581259e-37 	6.6666667e-16 	0 	6.6666667e-16
0.029420596 	6.6666667e-16 	-1.4611938e-31 	-1.1770405e-37 	6.6666667e-16 	0 	6.6666667e-16
0.031584093 	6.6666667e-16 	-2.0416172e-31 	3.4286872e-40 	6.6666667e-16 	0 	6.6666667e-16
0.033853904 	6.6666667e-16 	3.466131e-31 	-1.9852581e-37 	6.6666667e-16 	0 	6.6666667e-16
0.036235253 	6.6666667e-16 	2.1937842e-31 	-1.4014109e-36 	6.6666667e-16 	0 	6.6666667e-16
0.038733621 	6.6666667e-16 	-1.7683141e-31 	-2.3591657e-36 	6.6666667e-16 	0 	6.6666667e-16
0.041354758 	6.6666667e-16 	1.1884159e-31 	1.0866348e-37 	6.6666667e-16 	0 	6.6666667e-16
0.044104697 	6.6666667e-16 	2.7596348e-31 	6.1022374e-38 	6.6666667e-16 	0 	6.6666667e-16
0.046989767 	6.6666667e-16 	1.350015e-31 	-1.4862266e-36 	6.6666667e-16 	0 	6.6666667e-16
0.050016608 	6.6666667e-16 	1.0892595e-34 	1.3823193e-36 	6.6666667e-16 	0 	6.6666667e-16
0.053192188 	6.6666667e-16 	1.5628694e-32 	1.9184468e-36 	6.6666667e-16 	0 	6.6666667e-16
0.056523815 	6.6666667e-16 	-1.1202922e-31 	4.6374876e-37 	6.6666667e-16 	0 	6.6666667e-16
0.060019158 	6.6666667e-16 	-1.2723092e-31 	2.1153424e-36 	6.6666667e-16 	0 	6.6666667e-16
0.06368626 	6.6666667e-16 	0 	2.8403421e-37 	6.6666667e-16 	0 	6.6666667e-16
0.067533563 	6.6666667e-16 	-1.1019772e-31 	-1.7982481e-36 	6.6666667e-16 	0 	6.6666667e-16
0.071569921 	6.6666667e-16 	-1.2070689e-31 	-2.9676158e-36 	6.6666667e-16 	0 	6.6666667e-16
0.075804625 	6.6666667e-16 	1.8558029e-32 	-2.5155431e-36 	6.6666667e-16 	0 	6.6666667e-16
0.080247421 	6.6666667e-16 	1.8722665e-32 	2.9999422e-36 	6.6666667e-16 	0 	6.6666667e-16
0.084908535 	6.6666667e-16 	-8.2528857e-33 	2.4817434e-36 	6.6666667e-16 	0 	6.6666667e-16
0.089798694 	6.6666667e-16 	0 	-2.3343203e-37 	6.6666667e-16 	0 	6.6666667e-16
0.094929155 	6.6666667e-16 	-6.3299566e-33 	0 	6.6666667e-16 	0 	6.6666667e-16
0.10031173 	6.6666667e-16 	5.3368614e-33 	0 	6.6666667e-16 	0 	6.6666667e-16
0.10595879 	6.6666667e-16 	-6.4817904e-32 	-2.0404573e-36 	6.6666667e-16 	0 	6.6666667e-16
0.11188336 	6.6666667e-16 	6.3872666e-32 	2.1415822e-36 	6.6666667e-16 	0 	6.6666667e-16
0.11809905 	6.6666667e-16 	7.1173654e-32 	1.9335824e-37 	6.6666667e-16 	0 	6.6666667e-16
0.12462019 	6.6666667e-16 	5.8798935e-32 	-8.1281519e-36 	6.6666667e-16 	0 	6.6666667e-16
0.13146176 	6.6666667e-16 	5.9615587e-33 	-3.5618619e-37 	6.6666667e-16 	0 	6.6666667e-16
0.13863954 	6.6666667e-16 	-7.6916857e-33 	3.6315058e-36 	6.6666667e-16 	0 	6.6666667e-16
0.14617002 	6.6666667e-16 	5.8871106e-32 	3.5187204e-36 	6.6666667e-16 	0 	6.6666667e-16
0.15407056 	6.6666667e-16 	-3.6277216e-33 	1.0190527e-35 	6.6666667e-16 	0 	6.6666667e-16
0.16235932 	6.6666667e-16 	2.4176184e-33 	6.6207545e-36 	6.6666667e-16 	0 	6.6666667e-16
0.17105539 	6.6666667e-16 	-5.1146173e-32 	5.3585922e-39 	6.6666667e-16 	0 	6.6666667e-16
0.17278965 	6.6666667e-16 	-3.2644776e-32 	2.0240857e-39 	6.6666667e-16 	0 	6.6666667e-16
0.18017878 	6.6666667e-16 	4.5862305e-32 	-3.0423856e-37 	6.6666667e-16 	0 	6.6666667e-16
0.1897505 	6.6666667e-16 	8.949533e-32 	5.4597546e-36 	6.6666667e-16 	0 	6.6666667e-16
0.19979256 	6.6666667e-16 	4.4472313e-32 	6.2393451e-36 	6.6666667e-16 	0 	6.6666667e-16
0.21032809 	6.6666667e-16 	1.4998723e-33 	-4.9796903e-36 	6.6666667e-16 	0 	6.6666667e-16
0.22138133 	6.6666667e-16 	1.8442672e-33 	-6.7425491e-36 	6.6666667e-16 	0 	6.6666667e-16
0.23297773 	6.6666667e-16 	-3.4445318e-32 	9.198143e-36 	6.6666667e-16 	0 	6.6666667e-16
0.24514397 	6.6666667e-16 	-4.2165311e-33 	1.6481129e-36 	6.6666667e-16 	0 	6.6666667e-16
0.25790806 	6.6666667e-16 	1.5647632e-33 	3.5718944e-37 	6.6666667e-16 	0 	6.6666667e-16
0.27129936 	6.6666667e-16 	-3.0152251e-32 	-4.201413e-37 	6.6666667e-16 	0 	6.6666667e-16
0.28534872 	6.6666667e-16 	2.6920901e-32 	-4.5749583e-36 	6.6666667e-16 	0 	6.6666667e-16
0.30008846 	6.6666667e-16 	2.654844e-32 	1.7258443e-37 	6.6666667e-16 	0 	6.6666667e-16
0.3155525 	6.6666667e-16 	0 	-4.05973e-36 	6.6666667e-16 	0 	6.6666667e-16
0.33177644 	6.6666667e-16 	4.1839275e-33 	-4.1434381e-36 	6.6666667e-16 	0 	6.6666667e-16
0.34879762 	6.6666667e-16 	-2.4923709e-32 	-2.3156331e-37 	6.6666667e-16 	0 	6.6666667e-16
0.36665522 	6.6666667e-16 	-1.3480989e-33 	-4.8208993e-36 	6.6666667e-16 	0 	6.6666667e-16
0.38539033 	6.6666667e-16 	2.4111968e-32 	-4.7052487e-37 	6.6666667e-16 	0 	6.6666667e-16
0.40504609 	6.6666667e-16 	6.4740436e-33 	1.4666726e-35 	6.6666667e-16 	0 	6.6666667e-16
0.42566772 	6.6666667e-16 	-9.8487936e-33 	8.0211393e-36 	6.6666667e-16 	0 	6.6666667e-16
0.44730269 	6.6666667e-16 	-4.0486167e-32 	-4.3832064e-36 	6.6666667e-16 	0 	6.6666667e-16
0.4700008 	6.6666667e-16 	2.3471774e-32 	2.4735899e-36 	6.6666667e-16 	0 	6.6666667e-16
0.49381429 	6.6666667e-16 	2.0500423e-33 	2.7353578e-35 	6.6666667e-16 	0 	6.6666667e-16
0.51879797 	6.6666667e-16 	-7.8928522e-33 	2.3907698e-35 	6.6666667e-16 	0 	6.6666667e-16
0.54500934 	6.6666667e-16 	7.689854e-33 	2.6179205e-37 	6.6666667e-16 	0 	6.6666667e-16
0.57250873 	6.6666667e-16 	-7.4606881e-33 	9.1076771e-36 	6.6666667e-16 	0 	6.6666667e-16
0.60135943 	6.6666667e-16 	3.0712218e-33 	2.8286708e-35 	6.6666667e-16 	0 	6.6666667e-16
0.63162785 	6.6666667e-16 	-7.1758661e-33 	1.3543643e-35 	6.6666667e-16 	0 	6.6666667e-16
0.66338365 	6.6666667e-16 	7.2767803e-33 	6.9181637e-36 	6.6666667e-16 	0 	6.6666667e-16
0.69669992 	6.6666667e-16 	-6.1538697e-33 	1.3219997e-35 	6.6666667e-16 	0 	6.6666667e-16
0.73165334 	6.6666667e-16 	-3.0897554e-34 	2.7747419e-35 	6.6666667e-16 	0 	6.6666667e-16
0.76832436 	6.6666667e-16 	-6.707864e-33 	2.890096e-35 	6.6666667e-16 	0 	6.6666667e-16
0.80679739 	6.6666667e-16 	1.0606719e-32 	-7.697887e-37 	6.6666667e-16 	0 	6.6666667e-16
0.84716097 	6.6666667e-16 	2.2413633e-32 	1.4278353e-35 	6.6666667e-16 	0 	6.6666667e-16
0.88950801 	6.6666667e-16 	-7.2863666e-33 	8.3153721e-36 	6.6666667e-16 	0 	6.6666667e-16
0.93393597 	6.6666667e-16 	-7.7550198e-33 	-3.4839091e-36 	6.6666667e-16 	0 	6.6666667e-16
0.98054711 	6.6666667e-16 	5.7569761e-33 	2.6144939e-35 	6.6666667e-16 	0 	6.6666667e-16
1.0294487 	6.6666667e-16 	-9.2747063e-34 	5.7536391e-36 	6.6666667e-16 	0 	6.6666667e-16
1.0807533 	6.6666667e-16 	-1.5822011e-32 	-5.4772215e-36 	6.6666667e-16 	0 	6.6666667e-16
1.134579 	6.6666667e-16 	-3.5486563e-34 	2.9366073e-37 	6.6666667e-16 	0 	6.6666667e-16
1.1668613 	6.6666667e-16 	4.4458438e-33 	1.7845188e-35 	6.6666667e-16 	0 	6.6666667e-16
1.191067 	6.6666667e-16 	8.2542843e-33 	3.2546462e-35 	6.6666667e-16 	0 	6.6666667e-16
1.2503531 	6.6666667e-16 	0 	9.1695577e-36 	6.6666667e-16 	0 	6.6666667e-16
1.3125497 	6.6666667e-16 	0 	-4.89707e-35 	6.6666667e-16 	0 	6.6666667e-16
1.3777996 	6.6666667e-16 	0 	-2.4840829e-35 	6.6666667e-16 	0 	6.6666667e-16
1.4462523 	6.6666667e-16 	-1.8697921e-33 	-3.8726945e-36 	6.6666667e-16 	0 	6.6666667e-16
1.518065 	6.6666667e-16 	1.8054767e-33 	2.3542753e-35 	6.6666667e-16 	0 	6.6666667e-16
1.5891513 	6.6666667e-16 	-3.9919006e-33 	-2.4105512e-36 	6.6666667e-16 	0 	6.6666667e-16
1.6569379 	6.6666667e-16 	-1.0310707e-32 	-1.2047997e-35 	6.6666667e-16 	0 	6.6666667e-16
1.7215782 	6.6666667e-16 	-4.0935069e-33 	1.6385699e-35 	6.6666667e-16 	0 	6.6666667e-16
1.7832184 	6.6666667e-16 	-2.8106288e-33 	1.1250148e-35 	6.6666667e-16 	0 	6.6666667e-16
1.8419978 	6.6666667e-16 	1.0659491e-34 	-1.9482919e-35 	6.6666667e-16 	0 	6.6666667e-16
1.8980492 	6.6666667e-16 	6.5471844e-33 	-4.6517768e-35 	6.6666667e-16 	0 	6.6666667e-16
1.9514995 	6.6666667e-16 	1.4601924e-32 	2.8939582e-36 	6.6666667e-16 	0 	6.6666667e-16
2.0024694 	6.6666667e-16 	1.9836711e-32 	2.5150404e-35 	6.6666667e-16 	0 	6.6666667e-16
2.0510741 	6.6666667e-16 	-9.0534254e-33 	-1.0256498e-37 	6.6666667e-16 	0 	6.6666667e-16
2.0974234 	6.6666667e-16 	-2.004157e-32 	2.3352966e-37 	6.6666667e-16 	0 	6.6666667e-16
2.1205946 	6.6666667e-16 	-9.5296759e-33 	2.935583e-36 	6.6666667e-16 	0 	6.6666667e-16
2.1416436 	6.6666667e-16 	0 	5.2392196e-36 	6.6666667e-16 	0 	6.6666667e-16
2.1838316 	6.6666667e-16 	-7.9000237e-34 	3.45809e-35 	6.6666667e-16 	0 	6.6666667e-16
2.2240584 	6.6666667e-16 	-1.2080306e-32 	3.0714371e-35 	6.6666667e-16 	0 	6.6666667e-16
2.2624154 	6.6666667e-16 	-1.5239277e-33 	2.709708e-37 	6.6666667e-16 	0 	6.6666667e-16
2.2989898 	6.6666667e-16 	1.0536889e-32 	-1.1626645e-35 	6.6666667e-16 	0 	6.6666667e-16
2.3338645 	6.6666667e-16 	1.0579848e-32 	-1.8778132e-35 	6.6666667e-16 	0 	6.6666667e-16
2.3671187 	6.6666667e-16 	-4.1807834e-33 	1.0957578e-35 	6.6666667e-16 	0 	6.6666667e-16
2.3988279 	6.6666667e-16 	5.0211298e-34 	-8.4041537e-36 	6.6666667e-16 	0 	6.6666667e-16
2.4290639 	6.6666667e-16 	1.5743735e-32 	-2.0626909e-35 	6.6666667e-16 	0 	6.6666667e-16
2.4578954 	6.6666667e-16 	-4.9190323e-33 	-1.6390939e-36 	6.6666667e-16 	0 	6.6666667e-16
2.4853877 	6.6666667e-16 	-2.8216655e-32 	1.9179275e-35 	6.6666667e-16 	0 	6.6666667e-16
2.511603 	6.6666667e-16 	-1.7907356e-32 	1.2041112e-35 	6.6666667e-16 	0 	6.6666667e-16
2.5366008 	6.6666667e-16 	0 	-4.3596514e-35 	6.6666667e-16 	0 	6.6666667e-16
2.5604378 	6.6666667e-16 	0 	-6.9762306e-36 	6.6666667e-16 	0 	6.6666667e-16
2.5831679 	6.6666667e-16 	1.0891453e-32 	-9.488387e-36 	6.6666667e-16 	0 	6.6666667e-16
2.6048425 	6.6666667e-16 	-2.3343537e-32 	2.780696e-36 	6.6666667e-16 	0 	6.6666667e-16
2.6255108 	6.6666667e-16 	-1.1325425e-32 	2.4735114e-35 	6.6666667e-16 	0 	6.6666667e-16
2.6452196 	6.6666667e-16 	3.8140976e-32 	-2.3497454e-35 	6.6666667e-16 	0 	6.6666667e-16
2.6640133 	6.6666667e-16 	1.47601e-32 	7.4042003e-36 	6.6666667e-16 	0 	6.6666667e-16
2.6819347 	6.6666667e-16 	-3.3611114e-32 	-6.4478669e-36 	6.6666667e-16 	0 	6.6666667e-16
2.6990241 	6.6666667e-16 	1.2505038e-32 	-1.8969473e-35 	6.6666667e-16 	0 	6.6666667e-16
2.7153203 	6.6666667e-16 	4.757583e-32 	8.8940864e-36 	6.6666667e-16 	0 	6.6666667e-16
2.7308602 	6.6666667e-16 	-4.2516051e-32 	-1.3343647e-36 	6.6666667e-16 	0 	6.6666667e-16
2.7456787 	6.6666667e-16 	-4.203026e-32 	4.2109331e-35 	6.6666667e-16 	0 	6.6666667e-16
2.7598096 	6.6666667e-16 	0 	4.2356205e-35 	6.6666667e-16 	0 	6.6666667e-16
2.7732847 	6.6666667e-16 	0 	-3.6535852e-35 	6.6666667e-16 	0 	6.6666667e-16
2.7861344 	6.6666667e-16 	2.7931407e-32 	-6.5949095e-35 	6.6666667e-16 	0 	6.6666667e-16
2.7983879 	6.6666667e-16 	-1.4405477e-33 	-6.2237638e-36 	6.6666667e-16 	0 	6.6666667e-16
2.8100727 	6.6666667e-16 	3.3289358e-32 	2.6648037e-35 	6.6666667e-16 	0 	6.6666667e-16
2.8212154 	6.6666667e-16 	7.5166239e-32 	-8.3237147e-36 	6.6666667e-16 	0 	6.6666667e-16
2.831841 	6.6666667e-16 	1.0054848e-32 	2.5740319e-35 	6.6666667e-16 	0 	6.6666667e-16
2.8419737 	6.6666667e-16 	1.7474381e-32 	2.4569017e-35 	6.6666667e-16 	0 	6.6666667e-16
2.8516362 	6.6666667e-16 	-4.2751697e-32 	-1.0223075e-35 	6.6666667e-16 	0 	6.6666667e-16
2.8608504 	6.6666667e-16 	2.9399287e-33 	3.974809e-36 	6.6666667e-16 	0 	6.6666667e-16
2.8696372 	6.6666667e-16 	6.3703372e-32 	-4.5133247e-36 	6.6666667e-16 	0 	6.6666667e-16
2.8780163 	6.6666667e-16 	-1.4277622e-34 	-1.1274482e-35 	6.6666667e-16 	0 	6.6666667e-16
2.8860067 	6.6666667e-16 	-5.5326934e-35 	-4.2747864e-36 	6.6666667e-16 	0 	6.6666667e-16
2.8936264 	6.6666667e-16 	0 	-2.2123095e-36 	6.6666667e-16 	0 	6.6666667e-16
2.9008926 	6.6666667e-16 	6.8207153e-32 	8.5756634e-36 	6.6666667e-16 	0 	6.6666667e-16
2.9078218 	6.6666667e-16 	6.8252741e-32 	-6.368404e-37 	6.6666667e-16 	0 	6.6666667e-16
2.9144295 	6.6666667e-16 	-8.5135595e-32 	-9.0395719e-36 	6.6666667e-16 	0 	6.6666667e-16
2.9207308 	6.6666667e-16 	-6.4750577e-32 	1.2083439e-35 	6.6666667e-16 	0 	6.6666667e-16
2.9267397 	6.6666667e-16 	8.9951262e-33 	1.0654525e-35 	6.6666667e-16 	0 	6.6666667e-16
2.9324699 	6.6666667e-16 	7.7275468e-32 	-3.1032676e-35 	6.6666667e-16 	0 	6.6666667e-16
2.9379344 	6.6666667e-16 	8.6698495e-32 	-4.2624622e-35 	6.6666667e-16 	0 	6.6666667e-16
2.9431454 	6.6666667e-16 	-9.7985544e-33 	2.6863093e-35 	6.6666667e-16 	0 	6.6666667e-16
2.9481146 	6.6666667e-16 	4.4525532e-34 	3.5525436e-35 	6.6666667e-16 	0 	6.6666667e-16
2.9528534 	6.6666667e-16 	-4.4199311e-34 	3.1139975e-37 	6.6666667e-16 	0 	6.6666667e-16
2.9573725 	6.6666667e-16 	-1.8434607e-32 	2.8821411e-35 	6.6666667e-16 	0 	6.6666667e-16
2.9616819 	6.6666667e-16 	1.1572616e-31 	-4.0625909e-35 	6.6666667e-16 	0 	6.6666667e-16
2.9657914 	6.6666667e-16 	2.1913227e-32 	-3.7476475e-35 	6.6666667e-16 	0 	6.6666667e-16
2.9697104 	6.6666667e-16 	-3.5651455e-31 	2.7435855e-35 	6.6666667e-16 	0 	6.6666667e-16
2.9734476 	6.6666667e-16 	-1.2059209e-31 	1.4842208e-35 	6.6666667e-16 	0 	6.6666667e-16
2.9770115 	6.6666667e-16 	1.3319993e-31 	4.536182e-36 	6.6666667e-16 	0 	6.6666667e-16
2.9804101 	6.6666667e-16 	-1.3721412e-31 	-6.5443622e-36 	6.6666667e-16 	0 	6.6666667e-16
2.983651 	6.6666667e-16 	-1.2899508e-31 	3.3496743e-35 	6.6666667e-16 	0 	6.6666667e-16
2.9867417 	6.6666667e-16 	-4.0277618e-34 	8.9276585e-36 	6.6666667e-16 	0 	6.6666667e-16
2.989689 	6.6666667e-16 	-7.8430587e-33 	-1.6642194e-35 	6.6666667e-16 	0 	6.6666667e-16
2.9924997 	6.6666667e-16 	8.3497029e-33 	1.3852534e-36 	6.6666667e-16 	0 	6.6666667e-16
2.99518 	6.6666667e-16 	7.7011962e-33 	1.1817119e-36 	6.6666667e-16 	0 	6.6666667e-16
2.997736 	6.6666667e-16 	1.7829842e-31 	-1.1655073e-37 	6.6666667e-16 	0 	6.6666667e-16
3.0001735 	6.6666667e-16 	-3.2528973e-32 	1.6525752e-36 	6.6666667e-16 	0 	6.6666667e-16
3.002498 	6.6666667e-16 	-2.1134959e-31 	2.8924044e-35 	6.6666667e-16 	0 	6.6666667e-16
3.0047146 	6.6666667e-16 	7.7355355e-33 	-1.15131e-35 	6.6666667e-16 	0 	6.6666667e-16
3.0068285 	6.6666667e-16 	7.2107767e-33 	-1.0112406e-35 	6.6666667e-16 	0 	6.6666667e-16
3.0088443 	6.6666667e-16 	2.3903112e-31 	1.4500121e-35 	6.6666667e-16 	0 	6.6666667e-16
3.0107667 	6.6666667e-16 	-1.8772788e-32 	-2.2488162e-35 	6.6666667e-16 	0 	6.6666667e-16
3.0125999 	6.6666667e-16 	-2.6483856e-31 	3.5933e-37 	6.6666667e-16 	0 	6.6666667e-16
3.0143481 	6.6666667e-16 	-2.9014896e-31 	2.5771643e-35 	6.6666667e-16 	0 	6.6666667e-16
3.0160152 	6.6666667e-16 	-2.842331e-31 	9.2368703e-36 	6.6666667e-16 	0 	6.6666667e-16
3.017605 	6.6666667e-16 	3.1810351e-31 	-2.7001648e-35 	6.6666667e-16 	0 	6.6666667e-16
3.0191211 	6.6666667e-16 	3.1851831e-31 	-8.9764311e-36 	6.6666667e-16 	0 	6.6666667e-16
3.0205669 	6.6666667e-16 	-5.2199232e-33 	2.0012352e-35 	6.6666667e-16 	0 	6.6666667e-16
3.0219457 	6.6666667e-16 	-3.6563829e-31 	5.153247e-36 	6.6666667e-16 	0 	6.6666667e-16
3.0232605 	6.6666667e-16 	-3.6043784e-31 	-1.0084208e-35 	6.6666667e-16 	0 	6.6666667e-16
3.0245144 	6.6666667e-16 	0 	-1.1361687e-35 	6.6666667e-16 	0 	6.6666667e-16
3.0257101 	6.6666667e-16 	4.1556612e-31 	1.8970588e-36 	6.6666667e-16 	0 	6.6666667e-16
3.0268503 	6.6666667e-16 	4.1563958e-31 	5.8166448e-37 	6.6666667e-16 	0 	6.6666667e-16
3.0279377 	6.6666667e-16 	0 	8.0684997e-37 	6.6666667e-16 	0 	6.6666667e-16
3.0289747 	6.6666667e-16 	-6.1615799e-33 	1.1188881e-35 	6.6666667e-16 	0 	6.6666667e-16
3.0299636 	6.6666667e-16 	1.0012521e-34 	-1.1014423e-36 	6.6666667e-16 	0 	6.6666667e-16
3.0309066 	6.6666667e-16 	4.4510117e-33 	-1.2136902e-35 	6.6666667e-16 	0 	6.6666667e-16
3.0318059 	6.6666667e-16 	5.5020302e-31 	2.5511037e-36 	6.6666667e-16 	0 	6.6666667e-16
3.0326635 	6.6666667e-16 	1.1283263e-30 	1.1682529e-36 	6.6666667e-16 	0 	6.6666667e-16
3.0334814 	6.6666667e-16 	5.7791286e-31 	-1.3093609e-36 	6.6666667e-16 	0 	6.6666667e-16
3.0342613 	6.6666667e-16 	-1.2746419e-30 	8.3117293e-36 	6.6666667e-16 	0 	6.6666667e-16
3.035005 	6.6666667e-16 	1.5500014e-16 	-2.0836253e-38 	6.6666667e-16 	0 	6.6666667e-16
3.0357143 	0 	0 	0 	0 	0 	0
