/*--------------------------------*- C++ -*----------------------------------*\
| =========                 |                                                 |
| \\      /  F ield         | OpenFOAM: The Open Source CFD Toolbox           |
|  \\    /   O peration     | Version:  2.4.0                                 |
|   \\  /    A nd           | Web:      www.OpenFOAM.org                      |
|    \\/     M anipulation  |                                                 |
\*---------------------------------------------------------------------------*/
FoamFile
{
    version     2.0;
    format      ascii;
    class       labelList;
    note        "nPoints: 20098 nCells: 9820 nFaces: 39508 nInternalFaces: 19412";
    location    "constant/polyMesh";
    object      neighbour;
}
// * * * * * * * * * * * * * * * * * * * * * * * * * * * * * * * * * * * * * //


19412
(
1
7
2
8
3
9
4
10
5
11
6
12
13
8
14
9
15
10
16
11
17
12
18
13
19
20
15
29
16
30
17
31
18
32
19
33
20
34
35
22
36
23
37
24
38
25
39
26
40
27
41
28
42
29
43
30
44
31
45
32
46
33
47
34
48
35
49
50
37
51
38
52
39
53
40
54
41
55
42
56
43
57
44
58
45
59
46
60
47
61
48
62
49
63
50
64
65
52
70
53
71
54
72
55
73
56
74
57
75
58
76
59
77
60
78
61
79
62
80
63
81
64
82
65
83
84
67
85
68
86
69
87
70
88
71
89
72
90
73
91
74
92
75
93
76
94
77
95
78
96
79
97
80
98
81
99
82
100
83
101
84
102
103
86
104
87
105
88
106
89
107
90
108
91
109
92
110
93
111
94
112
95
113
96
114
97
115
98
116
99
117
100
118
101
119
102
120
103
121
122
105
126
106
127
107
128
108
129
109
130
110
131
111
132
112
133
113
134
114
135
115
136
116
137
117
138
118
139
119
140
120
141
121
142
122
143
144
124
145
125
146
126
147
127
148
128
149
129
150
130
151
131
152
132
153
133
154
134
155
135
156
136
157
137
158
138
159
139
160
140
161
141
162
142
163
143
164
144
165
166
146
179
147
180
148
181
149
182
150
183
151
184
152
185
153
186
154
187
155
188
156
189
157
190
158
191
159
192
160
193
161
194
162
195
163
196
164
197
165
198
166
199
167
200
168
201
169
202
203
171
204
172
205
173
206
174
207
175
208
176
209
177
210
178
211
179
212
180
213
181
214
182
215
183
216
184
217
185
218
186
219
187
220
188
221
189
222
190
223
191
224
192
225
193
226
194
227
195
228
196
229
197
230
198
231
199
232
200
233
201
234
202
235
203
236
237
205
238
206
239
207
240
208
241
209
242
210
243
211
244
212
245
213
246
214
247
215
248
216
249
217
250
218
251
219
252
220
253
221
254
222
255
223
256
224
257
225
258
226
259
227
260
228
261
229
262
230
263
231
264
232
265
233
266
234
267
235
268
236
269
237
270
271
239
272
240
273
241
274
242
275
243
276
244
277
245
278
246
279
247
280
248
281
249
282
250
283
251
284
252
285
253
286
254
287
255
288
256
289
257
290
258
291
259
292
260
293
261
294
262
295
263
296
264
297
265
298
266
299
267
300
268
301
269
302
270
303
271
304
305
273
312
274
313
275
314
276
315
277
316
278
317
279
318
280
319
281
320
282
321
283
322
284
323
285
324
286
325
287
326
288
327
289
328
290
329
291
330
292
331
293
332
294
333
295
334
296
335
297
336
298
337
299
338
300
339
301
340
302
341
303
342
304
343
305
344
345
307
346
308
347
309
348
310
349
311
350
312
351
313
352
314
353
315
354
316
355
317
356
318
357
319
358
320
359
321
360
322
361
323
362
324
363
325
364
326
365
327
366
328
367
329
368
330
369
331
370
332
371
333
372
334
373
335
374
336
375
337
376
338
377
339
378
340
379
341
380
342
381
343
382
344
383
345
384
385
347
386
348
387
349
388
350
389
351
390
352
391
353
392
354
393
355
394
356
395
357
396
358
397
359
398
360
399
361
400
362
401
363
402
364
403
365
404
366
405
367
406
368
407
369
408
370
409
371
410
372
411
373
412
374
413
375
414
376
415
377
416
378
417
379
418
380
419
381
420
382
421
383
422
384
423
385
424
425
387
437
388
438
389
439
390
440
391
441
392
442
393
443
394
444
395
445
396
446
397
447
398
448
399
449
400
450
401
451
402
452
403
453
404
454
405
455
406
456
407
457
408
458
409
459
410
460
411
461
412
462
413
463
414
464
415
465
416
466
417
467
418
468
419
469
420
470
421
471
422
472
423
473
424
474
425
475
476
427
477
428
478
429
479
430
480
431
481
432
482
433
483
434
484
435
485
436
486
437
487
438
488
439
489
440
490
441
491
442
492
443
493
444
494
445
495
446
496
447
497
448
498
449
499
450
500
451
501
452
502
453
503
454
504
455
505
456
506
457
507
458
508
459
509
460
510
461
511
462
512
463
513
464
514
465
515
466
516
467
517
468
518
469
519
470
520
471
521
472
522
473
523
474
524
475
525
476
526
527
478
534
479
535
480
536
481
537
482
538
483
539
484
540
485
541
486
542
487
543
488
544
489
545
490
546
491
547
492
548
493
549
494
550
495
551
496
552
497
553
498
554
499
555
500
556
501
557
502
558
503
559
504
560
505
561
506
562
507
563
508
564
509
565
510
566
511
567
512
568
513
569
514
570
515
571
516
572
517
573
518
574
519
575
520
576
521
577
522
578
523
579
524
580
525
581
526
582
527
583
584
529
590
530
591
531
592
532
593
533
594
534
595
535
596
536
597
537
598
538
599
539
600
540
601
541
602
542
603
543
604
544
605
545
606
546
607
547
608
548
609
549
610
550
611
551
612
552
613
553
614
554
615
555
616
556
617
557
618
558
619
559
620
560
621
561
622
562
623
563
624
564
625
565
626
566
627
567
628
568
629
569
630
570
631
571
632
572
633
573
634
574
635
575
636
576
637
577
638
578
639
579
640
580
641
581
642
582
643
583
644
584
645
585
646
586
647
648
588
649
589
650
590
651
591
652
592
653
593
654
594
655
595
656
596
657
597
658
598
659
599
660
600
661
601
662
602
663
603
664
604
665
605
666
606
667
607
668
608
669
609
670
610
671
611
672
612
673
613
674
614
675
615
676
616
677
617
678
618
679
619
680
620
681
621
682
622
683
623
684
624
685
625
686
626
687
627
688
628
689
629
690
630
691
631
692
632
693
633
694
634
695
635
696
636
697
637
698
638
699
639
700
640
701
641
702
642
703
643
704
644
705
645
706
646
707
647
708
648
709
710
650
716
651
717
652
718
653
719
654
720
655
721
656
722
657
723
658
724
659
725
660
726
661
727
662
728
663
729
664
730
665
731
666
732
667
733
668
734
669
735
670
736
671
737
672
738
673
739
674
740
675
741
676
742
677
743
678
744
679
745
680
746
681
747
682
748
683
749
684
750
685
751
686
752
687
753
688
754
689
755
690
756
691
757
692
758
693
759
694
760
695
761
696
762
697
763
698
764
699
765
700
766
701
767
702
768
703
769
704
770
705
771
706
772
707
773
708
774
709
775
710
776
777
712
778
713
779
714
780
715
781
716
782
717
783
718
784
719
785
720
786
721
787
722
788
723
789
724
790
725
791
726
792
727
793
728
794
729
795
730
796
731
797
732
798
733
799
734
800
735
801
736
802
737
803
738
804
739
805
740
806
741
807
742
808
743
809
744
810
745
811
746
812
747
813
748
814
749
815
750
816
751
817
752
818
753
819
754
820
755
821
756
822
757
823
758
824
759
825
760
826
761
827
762
828
763
829
764
830
765
831
766
832
767
833
768
834
769
835
770
836
771
837
772
838
773
839
774
840
775
841
776
842
777
843
844
779
845
780
846
781
847
782
848
783
849
784
850
785
851
786
852
787
853
788
854
789
855
790
856
791
857
792
858
793
859
794
860
795
861
796
862
797
863
798
864
799
865
800
866
801
867
802
868
803
869
804
870
805
871
806
872
807
873
808
874
809
875
810
876
811
877
812
878
813
879
814
880
815
881
816
882
817
883
818
884
819
885
820
886
821
887
822
888
823
889
824
890
825
891
826
892
827
893
828
894
829
895
830
896
831
897
832
898
833
899
834
900
835
901
836
902
837
903
838
904
839
905
840
906
841
907
842
908
843
909
844
910
911
846
912
847
913
848
914
849
915
850
916
851
917
852
918
853
919
854
920
855
921
856
922
857
923
858
924
859
925
860
926
861
927
862
928
863
929
864
930
865
931
866
932
867
933
868
934
869
935
870
936
871
937
872
938
873
939
874
940
875
941
876
942
877
943
878
944
879
945
880
946
881
947
882
948
883
949
884
950
885
951
886
952
887
953
888
954
889
955
890
956
891
957
892
958
893
959
894
960
895
961
896
962
897
963
898
964
899
965
900
966
901
967
902
968
903
969
904
970
905
971
906
972
907
973
908
974
909
975
910
976
911
977
978
913
981
914
982
915
983
916
984
917
985
918
986
919
987
920
988
921
989
922
990
923
991
924
992
925
993
926
994
927
995
928
996
929
997
930
998
931
999
932
1000
933
1001
934
1002
935
1003
936
1004
937
1005
938
1006
939
1007
940
1008
941
1009
942
1010
943
1011
944
1012
945
1013
946
1014
947
1015
948
1016
949
1017
950
1018
951
1019
952
1020
953
1021
954
1022
955
1023
956
1024
957
1025
958
1026
959
1027
960
1028
961
1029
962
1030
963
1031
964
1032
965
1033
966
1034
967
1035
968
1036
969
1037
970
1038
971
1039
972
1040
973
1041
974
1042
975
1043
976
1044
977
1045
978
1046
979
1047
980
1048
1049
982
1050
983
1051
984
1052
985
1053
986
1054
987
1055
988
1056
989
1057
990
1058
991
1059
992
1060
993
1061
994
1062
995
1063
996
1064
997
1065
998
1066
999
1067
1000
1068
1001
1069
1002
1070
1003
1071
1004
1072
1005
1073
1006
1074
1007
1075
1008
1076
1009
1077
1010
1078
1011
1079
1012
1080
1013
1081
1014
1082
1015
1083
1016
1084
1017
1085
1018
1086
1019
1087
1020
1088
1021
1089
1022
1090
1023
1091
1024
1092
1025
1093
1026
1094
1027
1095
1028
1096
1029
1097
1030
1098
1031
1099
1032
1100
1033
1101
1034
1102
1035
1103
1036
1104
1037
1105
1038
1106
1039
1107
1040
1108
1041
1109
1042
1110
1043
1111
1044
1112
1045
1113
1046
1114
1047
1115
1048
1116
1049
1117
1118
1051
1119
1052
1120
1053
1121
1054
1122
1055
1123
1056
1124
1057
1125
1058
1126
1059
1127
1060
1128
1061
1129
1062
1130
1063
1131
1064
1132
1065
1133
1066
1134
1067
1135
1068
1136
1069
1137
1070
1138
1071
1139
1072
1140
1073
1141
1074
1142
1075
1143
1076
1144
1077
1145
1078
1146
1079
1147
1080
1148
1081
1149
1082
1150
1083
1151
1084
1152
1085
1153
1086
1154
1087
1155
1088
1156
1089
1157
1090
1158
1091
1159
1092
1160
1093
1161
1094
1162
1095
1163
1096
1164
1097
1165
1098
1166
1099
1167
1100
1168
1101
1169
1102
1170
1103
1171
1104
1172
1105
1173
1106
1174
1107
1175
1108
1176
1109
1177
1110
1178
1111
1179
1112
1180
1113
1181
1114
1182
1115
1183
1116
1184
1117
1185
1118
1186
1187
1120
1189
1121
1190
1122
1191
1123
1192
1124
1193
1125
1194
1126
1195
1127
1196
1128
1197
1129
1198
1130
1199
1131
1200
1132
1201
1133
1202
1134
1203
1135
1204
1136
1205
1137
1206
1138
1207
1139
1208
1140
1209
1141
1210
1142
1211
1143
1212
1144
1213
1145
1214
1146
1215
1147
1216
1148
1217
1149
1218
1150
1219
1151
1220
1152
1221
1153
1222
1154
1223
1155
1224
1156
1225
1157
1226
1158
1227
1159
1228
1160
1229
1161
1230
1162
1231
1163
1232
1164
1233
1165
1234
1166
1235
1167
1236
1168
1237
1169
1238
1170
1239
1171
1240
1172
1241
1173
1242
1174
1243
1175
1244
1176
1245
1177
1246
1178
1247
1179
1248
1180
1249
1181
1250
1182
1251
1183
1252
1184
1253
1185
1254
1186
1255
1187
1256
1188
1257
1258
1190
1259
1191
1260
1192
1261
1193
1262
1194
1263
1195
1264
1196
1265
1197
1266
1198
1267
1199
1268
1200
1269
1201
1270
1202
1271
1203
1272
1204
1273
1205
1274
1206
1275
1207
1276
1208
1277
1209
1278
1210
1279
1211
1280
1212
1281
1213
1282
1214
1283
1215
1284
1216
1285
1217
1286
1218
1287
1219
1288
1220
1289
1221
1290
1222
1291
1223
1292
1224
1293
1225
1294
1226
1295
1227
1296
1228
1297
1229
1298
1230
1299
1231
1300
1232
1301
1233
1302
1234
1303
1235
1304
1236
1305
1237
1306
1238
1307
1239
1308
1240
1309
1241
1310
1242
1311
1243
1312
1244
1313
1245
1314
1246
1315
1247
1316
1248
1317
1249
1318
1250
1319
1251
1320
1252
1321
1253
1322
1254
1323
1255
1324
1256
1325
1257
1326
1258
1327
1328
1260
1329
1261
1330
1262
1331
1263
1332
1264
1333
1265
1334
1266
1335
1267
1336
1268
1337
1269
1338
1270
1339
1271
1340
1272
1341
1273
1342
1274
1343
1275
1344
1276
1345
1277
1346
1278
1347
1279
1348
1280
1349
1281
1350
1282
1351
1283
1352
1284
1353
1285
1354
1286
1355
1287
1356
1288
1357
1289
1358
1290
1359
1291
1360
1292
1361
1293
1362
1294
1363
1295
1364
1296
1365
1297
1366
1298
1367
1299
1368
1300
1369
1301
1370
1302
1371
1303
1372
1304
1373
1305
1374
1306
1375
1307
1376
1308
1377
1309
1378
1310
1379
1311
1380
1312
1381
1313
1382
1314
1383
1315
1384
1316
1385
1317
1386
1318
1387
1319
1388
1320
1389
1321
1390
1322
1391
1323
1392
1324
1393
1325
1394
1326
1395
1327
1396
1328
1397
1398
1330
1399
1331
1400
1332
1401
1333
1402
1334
1403
1335
1404
1336
1405
1337
1406
1338
1407
1339
1408
1340
1409
1341
1410
1342
1411
1343
1412
1344
1413
1345
1414
1346
1415
1347
1416
1348
1417
1349
1418
1350
1419
1351
1420
1352
1421
1353
1422
1354
1423
1355
1424
1356
1425
1357
1426
1358
1427
1359
1428
1360
1429
1361
1430
1362
1431
1363
1432
1364
1433
1365
1434
1366
1435
1367
1436
1368
1437
1369
1438
1370
1439
1371
1440
1372
1441
1373
1442
1374
1443
1375
1444
1376
1445
1377
1446
1378
1447
1379
1448
1380
1449
1381
1450
1382
1451
1383
1452
1384
1453
1385
1454
1386
1455
1387
1456
1388
1457
1389
1458
1390
1459
1391
1460
1392
1461
1393
1462
1394
1463
1395
1464
1396
1465
1397
1466
1398
1467
1468
1400
1469
1401
1470
1402
1471
1403
1472
1404
1473
1405
1474
1406
1475
1407
1476
1408
1477
1409
1478
1410
1479
1411
1480
1412
1481
1413
1482
1414
1483
1415
1484
1416
1485
1417
1486
1418
1487
1419
1488
1420
1489
1421
1490
1422
1491
1423
1492
1424
1493
1425
1494
1426
1495
1427
1496
1428
1497
1429
1498
1430
1499
1431
1500
1432
1501
1433
1502
1434
1503
1435
1504
1436
1505
1437
1506
1438
1507
1439
1508
1440
1509
1441
1510
1442
1511
1443
1512
1444
1513
1445
1514
1446
1515
1447
1516
1448
1517
1449
1518
1450
1519
1451
1520
1452
1521
1453
1522
1454
1523
1455
1524
1456
1525
1457
1526
1458
1527
1459
1528
1460
1529
1461
1530
1462
1531
1463
1532
1464
1533
1465
1534
1466
1535
1467
1536
1468
1537
1538
1470
1539
1471
1540
1472
1541
1473
1542
1474
1543
1475
1544
1476
1545
1477
1546
1478
1547
1479
1548
1480
1549
1481
1550
1482
1551
1483
1552
1484
1553
1485
1554
1486
1555
1487
1556
1488
1557
1489
1558
1490
1559
1491
1560
1492
1561
1493
1562
1494
1563
1495
1564
1496
1565
1497
1566
1498
1567
1499
1568
1500
1569
1501
1570
1502
1571
1503
1572
1504
1573
1505
1574
1506
1575
1507
1576
1508
1577
1509
1578
1510
1579
1511
1580
1512
1581
1513
1582
1514
1583
1515
1584
1516
1585
1517
1586
1518
1587
1519
1588
1520
1589
1521
1590
1522
1591
1523
1592
1524
1593
1525
1594
1526
1595
1527
1596
1528
1597
1529
1598
1530
1599
1531
1600
1532
1601
1533
1602
1534
1603
1535
1604
1536
1605
1537
1606
1538
1607
1608
1540
1609
1541
1610
1542
1611
1543
1612
1544
1613
1545
1614
1546
1615
1547
1616
1548
1617
1549
1618
1550
1619
1551
1620
1552
1621
1553
1622
1554
1623
1555
1624
1556
1625
1557
1626
1558
1627
1559
1628
1560
1629
1561
1630
1562
1631
1563
1632
1564
1633
1565
1634
1566
1635
1567
1636
1568
1637
1569
1638
1570
1639
1571
1640
1572
1641
1573
1642
1574
1643
1575
1644
1576
1645
1577
1646
1578
1647
1579
1648
1580
1649
1581
1650
1582
1651
1583
1652
1584
1653
1585
1654
1586
1655
1587
1656
1588
1657
1589
1658
1590
1659
1591
1660
1592
1661
1593
1662
1594
1663
1595
1664
1596
1665
1597
1666
1598
1667
1599
1668
1600
1669
1601
1670
1602
1671
1603
1672
1604
1673
1605
1674
1606
1675
1607
1676
1608
1677
1678
1610
1679
1611
1680
1612
1681
1613
1682
1614
1683
1615
1684
1616
1685
1617
1686
1618
1687
1619
1688
1620
1689
1621
1690
1622
1691
1623
1692
1624
1693
1625
1694
1626
1695
1627
1696
1628
1697
1629
1698
1630
1699
1631
1700
1632
1701
1633
1702
1634
1703
1635
1704
1636
1705
1637
1706
1638
1707
1639
1708
1640
1709
1641
1710
1642
1711
1643
1712
1644
1713
1645
1714
1646
1715
1647
1716
1648
1717
1649
1718
1650
1719
1651
1720
1652
1721
1653
1722
1654
1723
1655
1724
1656
1725
1657
1726
1658
1727
1659
1728
1660
1729
1661
1730
1662
1731
1663
1732
1664
1733
1665
1734
1666
1735
1667
1736
1668
1737
1669
1738
1670
1739
1671
1740
1672
1741
1673
1742
1674
1743
1675
1744
1676
1745
1677
1746
1678
1747
1748
1680
1749
1681
1750
1682
1751
1683
1752
1684
1753
1685
1754
1686
1755
1687
1756
1688
1757
1689
1758
1690
1759
1691
1760
1692
1761
1693
1762
1694
1763
1695
1764
1696
1765
1697
1766
1698
1767
1699
1768
1700
1769
1701
1770
1702
1771
1703
1772
1704
1773
1705
1774
1706
1775
1707
1776
1708
1777
1709
1778
1710
1779
1711
1780
1712
1781
1713
1782
1714
1783
1715
1784
1716
1785
1717
1786
1718
1787
1719
1788
1720
1789
1721
1790
1722
1791
1723
1792
1724
1793
1725
1794
1726
1795
1727
1796
1728
1797
1729
1798
1730
1799
1731
1800
1732
1801
1733
1802
1734
1803
1735
1804
1736
1805
1737
1806
1738
1807
1739
1808
1740
1809
1741
1810
1742
1811
1743
1812
1744
1813
1745
1814
1746
1815
1747
1816
1748
1817
1818
1750
1819
1751
1820
1752
1821
1753
1822
1754
1823
1755
1824
1756
1825
1757
1826
1758
1827
1759
1828
1760
1829
1761
1830
1762
1831
1763
1832
1764
1833
1765
1834
1766
1835
1767
1836
1768
1837
1769
1838
1770
1839
1771
1840
1772
1841
1773
1842
1774
1843
1775
1844
1776
1845
1777
1846
1778
1847
1779
1848
1780
1849
1781
1850
1782
1851
1783
1852
1784
1853
1785
1854
1786
1855
1787
1856
1788
1857
1789
1858
1790
1859
1791
1860
1792
1861
1793
1862
1794
1863
1795
1864
1796
1865
1797
1866
1798
1867
1799
1868
1800
1869
1801
1870
1802
1871
1803
1872
1804
1873
1805
1874
1806
1875
1807
1876
1808
1877
1809
1878
1810
1879
1811
1880
1812
1881
1813
1882
1814
1883
1815
1884
1816
1885
1817
1886
1818
1887
1888
1820
1889
1821
1890
1822
1891
1823
1892
1824
1893
1825
1894
1826
1895
1827
1896
1828
1897
1829
1898
1830
1899
1831
1900
1832
1901
1833
1902
1834
1903
1835
1904
1836
1905
1837
1906
1838
1907
1839
1908
1840
1909
1841
1910
1842
1911
1843
1912
1844
1913
1845
1914
1846
1915
1847
1916
1848
1917
1849
1918
1850
1919
1851
1920
1852
1921
1853
1922
1854
1923
1855
1924
1856
1925
1857
1926
1858
1927
1859
1928
1860
1929
1861
1930
1862
1931
1863
1932
1864
1933
1865
1934
1866
1935
1867
1936
1868
1937
1869
1938
1870
1939
1871
1940
1872
1941
1873
1942
1874
1943
1875
1944
1876
1945
1877
1946
1878
1947
1879
1948
1880
1949
1881
1950
1882
1951
1883
1952
1884
1953
1885
1954
1886
1955
1887
1956
1888
1957
1958
1890
1959
1891
1960
1892
1961
1893
1962
1894
1963
1895
1964
1896
1965
1897
1966
1898
1967
1899
1968
1900
1969
1901
1970
1902
1971
1903
1972
1904
1973
1905
1974
1906
1975
1907
1976
1908
1977
1909
1978
1910
1979
1911
1980
1912
1981
1913
1982
1914
1983
1915
1984
1916
1985
1917
1986
1918
1987
1919
1988
1920
1989
1921
1990
1922
1991
1923
1992
1924
1993
1925
1994
1926
1995
1927
1996
1928
1997
1929
1998
1930
1999
1931
2000
1932
2001
1933
2002
1934
2003
1935
2004
1936
2005
1937
2006
1938
2007
1939
2008
1940
2009
1941
2010
1942
2011
1943
2012
1944
2013
1945
2014
1946
2015
1947
2016
1948
2017
1949
2018
1950
2019
1951
2020
1952
2021
1953
2022
1954
2023
1955
2024
1956
2025
1957
2026
1958
2027
2028
1960
2029
1961
2030
1962
2031
1963
2032
1964
2033
1965
2034
1966
2035
1967
2036
1968
2037
1969
2038
1970
2039
1971
2040
1972
2041
1973
2042
1974
2043
1975
2044
1976
2045
1977
2046
1978
2047
1979
2048
1980
2049
1981
2050
1982
2051
1983
2052
1984
2053
1985
2054
1986
2055
1987
2056
1988
2057
1989
2058
1990
2059
1991
2060
1992
2061
1993
2062
1994
2063
1995
2064
1996
2065
1997
2066
1998
2067
1999
2068
2000
2069
2001
2070
2002
2071
2003
2072
2004
2073
2005
2074
2006
2075
2007
2076
2008
2077
2009
2078
2010
2079
2011
2080
2012
2081
2013
2082
2014
2083
2015
2084
2016
2085
2017
2086
2018
2087
2019
2088
2020
2089
2021
2090
2022
2091
2023
2092
2024
2093
2025
2094
2026
2095
2027
2096
2028
2097
2098
2030
2099
2031
2100
2032
2101
2033
2102
2034
2103
2035
2104
2036
2105
2037
2106
2038
2107
2039
2108
2040
2109
2041
2110
2042
2111
2043
2112
2044
2113
2045
2114
2046
2115
2047
2116
2048
2117
2049
2118
2050
2119
2051
2120
2052
2121
2053
2122
2054
2123
2055
2124
2056
2125
2057
2126
2058
2127
2059
2128
2060
2129
2061
2130
2062
2131
2063
2132
2064
2133
2065
2134
2066
2135
2067
2136
2068
2137
2069
2138
2070
2139
2071
2140
2072
2141
2073
2142
2074
2143
2075
2144
2076
2145
2077
2146
2078
2147
2079
2148
2080
2149
2081
2150
2082
2151
2083
2152
2084
2153
2085
2154
2086
2155
2087
2156
2088
2157
2089
2158
2090
2159
2091
2160
2092
2161
2093
2162
2094
2163
2095
2164
2096
2165
2097
2166
2098
2167
2168
2100
2169
2101
2170
2102
2171
2103
2172
2104
2173
2105
2174
2106
2175
2107
2176
2108
2177
2109
2178
2110
2179
2111
2180
2112
2181
2113
2182
2114
2183
2115
2184
2116
2185
2117
2186
2118
2187
2119
2188
2120
2189
2121
2190
2122
2191
2123
2192
2124
2193
2125
2194
2126
2195
2127
2196
2128
2197
2129
2198
2130
2199
2131
2200
2132
2201
2133
2202
2134
2203
2135
2204
2136
2205
2137
2206
2138
2207
2139
2208
2140
2209
2141
2210
2142
2211
2143
2212
2144
2213
2145
2214
2146
2215
2147
2216
2148
2217
2149
2218
2150
2219
2151
2220
2152
2221
2153
2222
2154
2223
2155
2224
2156
2225
2157
2226
2158
2227
2159
2228
2160
2229
2161
2230
2162
2231
2163
2232
2164
2233
2165
2234
2166
2235
2167
2236
2168
2237
2238
2170
2239
2171
2240
2172
2241
2173
2242
2174
2243
2175
2244
2176
2245
2177
2246
2178
2247
2179
2248
2180
2249
2181
2250
2182
2251
2183
2252
2184
2253
2185
2254
2186
2255
2187
2256
2188
2257
2189
2258
2190
2259
2191
2260
2192
2261
2193
2262
2194
2263
2195
2264
2196
2265
2197
2266
2198
2267
2199
2268
2200
2269
2201
2270
2202
2271
2203
2272
2204
2273
2205
2274
2206
2275
2207
2276
2208
2277
2209
2278
2210
2279
2211
2280
2212
2281
2213
2282
2214
2283
2215
2284
2216
2285
2217
2286
2218
2287
2219
2288
2220
2289
2221
2290
2222
2291
2223
2292
2224
2293
2225
2294
2226
2295
2227
2296
2228
2297
2229
2298
2230
2299
2231
2300
2232
2301
2233
2302
2234
2303
2235
2304
2236
2305
2237
2306
2238
2307
2308
2240
2309
2241
2310
2242
2311
2243
2312
2244
2313
2245
2314
2246
2315
2247
2316
2248
2317
2249
2318
2250
2319
2251
2320
2252
2321
2253
2322
2254
2323
2255
2324
2256
2325
2257
2326
2258
2327
2259
2328
2260
2329
2261
2330
2262
2331
2263
2332
2264
2333
2265
2334
2266
2335
2267
2336
2268
2337
2269
2338
2270
2339
2271
2340
2272
2341
2273
2342
2274
2343
2275
2344
2276
2345
2277
2346
2278
2347
2279
2348
2280
2349
2281
2350
2282
2351
2283
2352
2284
2353
2285
2354
2286
2355
2287
2356
2288
2357
2289
2358
2290
2359
2291
2360
2292
2361
2293
2362
2294
2363
2295
2364
2296
2365
2297
2366
2298
2367
2299
2368
2300
2369
2301
2370
2302
2371
2303
2372
2304
2373
2305
2374
2306
2375
2307
2376
2308
2377
2378
2310
2379
2311
2380
2312
2381
2313
2382
2314
2383
2315
2384
2316
2385
2317
2386
2318
2387
2319
2388
2320
2389
2321
2390
2322
2391
2323
2392
2324
2393
2325
2394
2326
2395
2327
2396
2328
2397
2329
2398
2330
2399
2331
2400
2332
2401
2333
2402
2334
2403
2335
2404
2336
2405
2337
2406
2338
2407
2339
2408
2340
2409
2341
2410
2342
2411
2343
2412
2344
2413
2345
2414
2346
2415
2347
2416
2348
2417
2349
2418
2350
2419
2351
2420
2352
2421
2353
2422
2354
2423
2355
2424
2356
2425
2357
2426
2358
2427
2359
2428
2360
2429
2361
2430
2362
2431
2363
2432
2364
2433
2365
2434
2366
2435
2367
2436
2368
2437
2369
2438
2370
2439
2371
2440
2372
2441
2373
2442
2374
2443
2375
2444
2376
2445
2377
2446
2378
2447
2448
2380
2449
2381
2450
2382
2451
2383
2452
2384
2453
2385
2454
2386
2455
2387
2456
2388
2457
2389
2458
2390
2459
2391
2460
2392
2461
2393
2462
2394
2463
2395
2464
2396
2465
2397
2466
2398
2467
2399
2468
2400
2469
2401
2470
2402
2471
2403
2472
2404
2473
2405
2474
2406
2475
2407
2476
2408
2477
2409
2478
2410
2479
2411
2480
2412
2481
2413
2482
2414
2483
2415
2484
2416
2485
2417
2486
2418
2487
2419
2488
2420
2489
2421
2490
2422
2491
2423
2492
2424
2493
2425
2494
2426
2495
2427
2496
2428
2497
2429
2498
2430
2499
2431
2500
2432
2501
2433
2502
2434
2503
2435
2504
2436
2505
2437
2506
2438
2507
2439
2508
2440
2509
2441
2510
2442
2511
2443
2512
2444
2513
2445
2514
2446
2515
2447
2516
2448
2517
2518
2450
2519
2451
2520
2452
2521
2453
2522
2454
2523
2455
2524
2456
2525
2457
2526
2458
2527
2459
2528
2460
2529
2461
2530
2462
2531
2463
2532
2464
2533
2465
2534
2466
2535
2467
2536
2468
2537
2469
2538
2470
2539
2471
2540
2472
2541
2473
2542
2474
2543
2475
2544
2476
2545
2477
2546
2478
2547
2479
2548
2480
2549
2481
2550
2482
2551
2483
2552
2484
2553
2485
2554
2486
2555
2487
2556
2488
2557
2489
2558
2490
2559
2491
2560
2492
2561
2493
2562
2494
2563
2495
2564
2496
2565
2497
2566
2498
2567
2499
2568
2500
2569
2501
2570
2502
2571
2503
2572
2504
2573
2505
2574
2506
2575
2507
2576
2508
2577
2509
2578
2510
2579
2511
2580
2512
2581
2513
2582
2514
2583
2515
2584
2516
2585
2517
2586
2518
2587
2588
2520
2589
2521
2590
2522
2591
2523
2592
2524
2593
2525
2594
2526
2595
2527
2596
2528
2597
2529
2598
2530
2599
2531
2600
2532
2601
2533
2602
2534
2603
2535
2604
2536
2605
2537
2606
2538
2607
2539
2608
2540
2609
2541
2610
2542
2611
2543
2612
2544
2613
2545
2614
2546
2615
2547
2616
2548
2617
2549
2618
2550
2619
2551
2620
2552
2621
2553
2622
2554
2623
2555
2624
2556
2625
2557
2626
2558
2627
2559
2628
2560
2629
2561
2630
2562
2631
2563
2632
2564
2633
2565
2634
2566
2635
2567
2636
2568
2637
2569
2638
2570
2639
2571
2640
2572
2641
2573
2642
2574
2643
2575
2644
2576
2645
2577
2646
2578
2647
2579
2648
2580
2649
2581
2650
2582
2651
2583
2652
2584
2653
2585
2654
2586
2655
2587
2656
2588
2657
2658
2590
2659
2591
2660
2592
2661
2593
2662
2594
2663
2595
2664
2596
2665
2597
2666
2598
2667
2599
2668
2600
2669
2601
2670
2602
2671
2603
2672
2604
2673
2605
2674
2606
2675
2607
2676
2608
2677
2609
2678
2610
2679
2611
2680
2612
2681
2613
2682
2614
2683
2615
2684
2616
2685
2617
2686
2618
2687
2619
2688
2620
2689
2621
2690
2622
2691
2623
2692
2624
2693
2625
2694
2626
2695
2627
2696
2628
2697
2629
2698
2630
2699
2631
2700
2632
2701
2633
2702
2634
2703
2635
2704
2636
2705
2637
2706
2638
2707
2639
2708
2640
2709
2641
2710
2642
2711
2643
2712
2644
2713
2645
2714
2646
2715
2647
2716
2648
2717
2649
2718
2650
2719
2651
2720
2652
2721
2653
2722
2654
2723
2655
2724
2656
2725
2657
2726
2658
2727
2728
2660
2729
2661
2730
2662
2731
2663
2732
2664
2733
2665
2734
2666
2735
2667
2736
2668
2737
2669
2738
2670
2739
2671
2740
2672
2741
2673
2742
2674
2743
2675
2744
2676
2745
2677
2746
2678
2747
2679
2748
2680
2749
2681
2750
2682
2751
2683
2752
2684
2753
2685
2754
2686
2755
2687
2756
2688
2757
2689
2758
2690
2759
2691
2760
2692
2761
2693
2762
2694
2763
2695
2764
2696
2765
2697
2766
2698
2767
2699
2768
2700
2769
2701
2770
2702
2771
2703
2772
2704
2773
2705
2774
2706
2775
2707
2776
2708
2777
2709
2778
2710
2779
2711
2780
2712
2781
2713
2782
2714
2783
2715
2784
2716
2785
2717
2786
2718
2787
2719
2788
2720
2789
2721
2790
2722
2791
2723
2792
2724
2793
2725
2794
2726
2795
2727
2796
2728
2797
2798
2730
2799
2731
2800
2732
2801
2733
2802
2734
2803
2735
2804
2736
2805
2737
2806
2738
2807
2739
2808
2740
2809
2741
2810
2742
2811
2743
2812
2744
2813
2745
2814
2746
2815
2747
2816
2748
2817
2749
2818
2750
2819
2751
2820
2752
2821
2753
2822
2754
2823
2755
2824
2756
2825
2757
2826
2758
2827
2759
2828
2760
2829
2761
2830
2762
2831
2763
2832
2764
2833
2765
2834
2766
2835
2767
2836
2768
2837
2769
2838
2770
2839
2771
2840
2772
2841
2773
2842
2774
2843
2775
2844
2776
2845
2777
2846
2778
2847
2779
2848
2780
2849
2781
2850
2782
2851
2783
2852
2784
2853
2785
2854
2786
2855
2787
2856
2788
2857
2789
2858
2790
2859
2791
2860
2792
2861
2793
2862
2794
2863
2795
2864
2796
2865
2797
2866
2798
2867
2868
2800
2869
2801
2870
2802
2871
2803
2872
2804
2873
2805
2874
2806
2875
2807
2876
2808
2877
2809
2878
2810
2879
2811
2880
2812
2881
2813
2882
2814
2883
2815
2884
2816
2885
2817
2886
2818
2887
2819
2888
2820
2889
2821
2890
2822
2891
2823
2892
2824
2893
2825
2894
2826
2895
2827
2896
2828
2897
2829
2898
2830
2899
2831
2900
2832
2901
2833
2902
2834
2903
2835
2904
2836
2905
2837
2906
2838
2907
2839
2908
2840
2909
2841
2910
2842
2911
2843
2912
2844
2913
2845
2914
2846
2915
2847
2916
2848
2917
2849
2918
2850
2919
2851
2920
2852
2921
2853
2922
2854
2923
2855
2924
2856
2925
2857
2926
2858
2927
2859
2928
2860
2929
2861
2930
2862
2931
2863
2932
2864
2933
2865
2934
2866
2935
2867
2936
2868
2937
2938
2870
2939
2871
2940
2872
2941
2873
2942
2874
2943
2875
2944
2876
2945
2877
2946
2878
2947
2879
2948
2880
2949
2881
2950
2882
2951
2883
2952
2884
2953
2885
2954
2886
2955
2887
2956
2888
2957
2889
2958
2890
2959
2891
2960
2892
2961
2893
2962
2894
2963
2895
2964
2896
2965
2897
2966
2898
2967
2899
2968
2900
2969
2901
2970
2902
2971
2903
2972
2904
2973
2905
2974
2906
2975
2907
2976
2908
2977
2909
2978
2910
2979
2911
2980
2912
2981
2913
2982
2914
2983
2915
2984
2916
2985
2917
2986
2918
2987
2919
2988
2920
2989
2921
2990
2922
2991
2923
2992
2924
2993
2925
2994
2926
2995
2927
2996
2928
2997
2929
2998
2930
2999
2931
3000
2932
3001
2933
3002
2934
3003
2935
3004
2936
3005
2937
3006
2938
3007
3008
2940
3009
2941
3010
2942
3011
2943
3012
2944
3013
2945
3014
2946
3015
2947
3016
2948
3017
2949
3018
2950
3019
2951
3020
2952
3021
2953
3022
2954
3023
2955
3024
2956
3025
2957
3026
2958
3027
2959
3028
2960
3029
2961
3030
2962
3031
2963
3032
2964
3033
2965
3034
2966
3035
2967
3036
2968
3037
2969
3038
2970
3039
2971
3040
2972
3041
2973
3042
2974
3043
2975
3044
2976
3045
2977
3046
2978
3047
2979
3048
2980
3049
2981
3050
2982
3051
2983
3052
2984
3053
2985
3054
2986
3055
2987
3056
2988
3057
2989
3058
2990
3059
2991
3060
2992
3061
2993
3062
2994
3063
2995
3064
2996
3065
2997
3066
2998
3067
2999
3068
3000
3069
3001
3070
3002
3071
3003
3072
3004
3073
3005
3074
3006
3075
3007
3076
3008
3077
3078
3010
3079
3011
3080
3012
3081
3013
3082
3014
3083
3015
3084
3016
3085
3017
3086
3018
3087
3019
3088
3020
3089
3021
3090
3022
3091
3023
3092
3024
3093
3025
3094
3026
3095
3027
3096
3028
3097
3029
3098
3030
3099
3031
3100
3032
3101
3033
3102
3034
3103
3035
3104
3036
3105
3037
3106
3038
3107
3039
3108
3040
3109
3041
3110
3042
3111
3043
3112
3044
3113
3045
3114
3046
3115
3047
3116
3048
3117
3049
3118
3050
3119
3051
3120
3052
3121
3053
3122
3054
3123
3055
3124
3056
3125
3057
3126
3058
3127
3059
3128
3060
3129
3061
3130
3062
3131
3063
3132
3064
3133
3065
3134
3066
3135
3067
3136
3068
3137
3069
3138
3070
3139
3071
3140
3072
3141
3073
3142
3074
3143
3075
3144
3076
3145
3077
3146
3078
3147
3148
3080
3149
3081
3150
3082
3151
3083
3152
3084
3153
3085
3154
3086
3155
3087
3156
3088
3157
3089
3158
3090
3159
3091
3160
3092
3161
3093
3162
3094
3163
3095
3164
3096
3165
3097
3166
3098
3167
3099
3168
3100
3169
3101
3170
3102
3171
3103
3172
3104
3173
3105
3174
3106
3175
3107
3176
3108
3177
3109
3178
3110
3179
3111
3180
3112
3181
3113
3182
3114
3183
3115
3184
3116
3185
3117
3186
3118
3187
3119
3188
3120
3189
3121
3190
3122
3191
3123
3192
3124
3193
3125
3194
3126
3195
3127
3196
3128
3197
3129
3198
3130
3199
3131
3200
3132
3201
3133
3202
3134
3203
3135
3204
3136
3205
3137
3206
3138
3207
3139
3208
3140
3209
3141
3210
3142
3211
3143
3212
3144
3213
3145
3214
3146
3215
3147
3216
3148
3217
3218
3150
3219
3151
3220
3152
3221
3153
3222
3154
3223
3155
3224
3156
3225
3157
3226
3158
3227
3159
3228
3160
3229
3161
3230
3162
3231
3163
3232
3164
3233
3165
3234
3166
3235
3167
3236
3168
3237
3169
3238
3170
3239
3171
3240
3172
3241
3173
3242
3174
3243
3175
3244
3176
3245
3177
3246
3178
3247
3179
3248
3180
3249
3181
3250
3182
3251
3183
3252
3184
3253
3185
3254
3186
3255
3187
3256
3188
3257
3189
3258
3190
3259
3191
3260
3192
3261
3193
3262
3194
3263
3195
3264
3196
3265
3197
3266
3198
3267
3199
3268
3200
3269
3201
3270
3202
3271
3203
3272
3204
3273
3205
3274
3206
3275
3207
3276
3208
3277
3209
3278
3210
3279
3211
3280
3212
3281
3213
3282
3214
3283
3215
3284
3216
3285
3217
3286
3218
3287
3288
3220
3289
3221
3290
3222
3291
3223
3292
3224
3293
3225
3294
3226
3295
3227
3296
3228
3297
3229
3298
3230
3299
3231
3300
3232
3301
3233
3302
3234
3303
3235
3304
3236
3305
3237
3306
3238
3307
3239
3308
3240
3309
3241
3310
3242
3311
3243
3312
3244
3313
3245
3314
3246
3315
3247
3316
3248
3317
3249
3318
3250
3319
3251
3320
3252
3321
3253
3322
3254
3323
3255
3324
3256
3325
3257
3326
3258
3327
3259
3328
3260
3329
3261
3330
3262
3331
3263
3332
3264
3333
3265
3334
3266
3335
3267
3336
3268
3337
3269
3338
3270
3339
3271
3340
3272
3341
3273
3342
3274
3343
3275
3344
3276
3345
3277
3346
3278
3347
3279
3348
3280
3349
3281
3350
3282
3351
3283
3352
3284
3353
3285
3354
3286
3355
3287
3356
3288
3357
3358
3290
3359
3291
3360
3292
3361
3293
3362
3294
3363
3295
3364
3296
3365
3297
3366
3298
3367
3299
3368
3300
3369
3301
3370
3302
3371
3303
3372
3304
3373
3305
3374
3306
3375
3307
3376
3308
3377
3309
3378
3310
3379
3311
3380
3312
3381
3313
3382
3314
3383
3315
3384
3316
3385
3317
3386
3318
3387
3319
3388
3320
3389
3321
3390
3322
3391
3323
3392
3324
3393
3325
3394
3326
3395
3327
3396
3328
3397
3329
3398
3330
3399
3331
3400
3332
3401
3333
3402
3334
3403
3335
3404
3336
3405
3337
3406
3338
3407
3339
3408
3340
3409
3341
3410
3342
3411
3343
3412
3344
3413
3345
3414
3346
3415
3347
3416
3348
3417
3349
3418
3350
3419
3351
3420
3352
3421
3353
3422
3354
3423
3355
3424
3356
3425
3357
3426
3358
3427
3428
3360
3429
3361
3430
3362
3431
3363
3432
3364
3433
3365
3434
3366
3435
3367
3436
3368
3437
3369
3438
3370
3439
3371
3440
3372
3441
3373
3442
3374
3443
3375
3444
3376
3445
3377
3446
3378
3447
3379
3448
3380
3449
3381
3450
3382
3451
3383
3452
3384
3453
3385
3454
3386
3455
3387
3456
3388
3457
3389
3458
3390
3459
3391
3460
3392
3461
3393
3462
3394
3463
3395
3464
3396
3465
3397
3466
3398
3467
3399
3468
3400
3469
3401
3470
3402
3471
3403
3472
3404
3473
3405
3474
3406
3475
3407
3476
3408
3477
3409
3478
3410
3479
3411
3480
3412
3481
3413
3482
3414
3483
3415
3484
3416
3485
3417
3486
3418
3487
3419
3488
3420
3489
3421
3490
3422
3491
3423
3492
3424
3493
3425
3494
3426
3495
3427
3496
3428
3497
3498
3430
3499
3431
3500
3432
3501
3433
3502
3434
3503
3435
3504
3436
3505
3437
3506
3438
3507
3439
3508
3440
3509
3441
3510
3442
3511
3443
3512
3444
3513
3445
3514
3446
3515
3447
3516
3448
3517
3449
3518
3450
3519
3451
3520
3452
3521
3453
3522
3454
3523
3455
3524
3456
3525
3457
3526
3458
3527
3459
3528
3460
3529
3461
3530
3462
3531
3463
3532
3464
3533
3465
3534
3466
3535
3467
3536
3468
3537
3469
3538
3470
3539
3471
3540
3472
3541
3473
3542
3474
3543
3475
3544
3476
3545
3477
3546
3478
3547
3479
3548
3480
3549
3481
3550
3482
3551
3483
3552
3484
3553
3485
3554
3486
3555
3487
3556
3488
3557
3489
3558
3490
3559
3491
3560
3492
3561
3493
3562
3494
3563
3495
3564
3496
3565
3497
3566
3498
3567
3568
3500
3569
3501
3570
3502
3571
3503
3572
3504
3573
3505
3574
3506
3575
3507
3576
3508
3577
3509
3578
3510
3579
3511
3580
3512
3581
3513
3582
3514
3583
3515
3584
3516
3585
3517
3586
3518
3587
3519
3588
3520
3589
3521
3590
3522
3591
3523
3592
3524
3593
3525
3594
3526
3595
3527
3596
3528
3597
3529
3598
3530
3599
3531
3600
3532
3601
3533
3602
3534
3603
3535
3604
3536
3605
3537
3606
3538
3607
3539
3608
3540
3609
3541
3610
3542
3611
3543
3612
3544
3613
3545
3614
3546
3615
3547
3616
3548
3617
3549
3618
3550
3619
3551
3620
3552
3621
3553
3622
3554
3623
3555
3624
3556
3625
3557
3626
3558
3627
3559
3628
3560
3629
3561
3630
3562
3631
3563
3632
3564
3633
3565
3634
3566
3635
3567
3636
3568
3637
3638
3570
3639
3571
3640
3572
3641
3573
3642
3574
3643
3575
3644
3576
3645
3577
3646
3578
3647
3579
3648
3580
3649
3581
3650
3582
3651
3583
3652
3584
3653
3585
3654
3586
3655
3587
3656
3588
3657
3589
3658
3590
3659
3591
3660
3592
3661
3593
3662
3594
3663
3595
3664
3596
3665
3597
3666
3598
3667
3599
3668
3600
3669
3601
3670
3602
3671
3603
3672
3604
3673
3605
3674
3606
3675
3607
3676
3608
3677
3609
3678
3610
3679
3611
3680
3612
3681
3613
3682
3614
3683
3615
3684
3616
3685
3617
3686
3618
3687
3619
3688
3620
3689
3621
3690
3622
3691
3623
3692
3624
3693
3625
3694
3626
3695
3627
3696
3628
3697
3629
3698
3630
3699
3631
3700
3632
3701
3633
3702
3634
3703
3635
3704
3636
3705
3637
3706
3638
3707
3708
3640
3712
3641
3713
3642
3714
3643
3715
3644
3716
3645
3717
3646
3718
3647
3719
3648
3720
3649
3721
3650
3722
3651
3723
3652
3724
3653
3725
3654
3726
3655
3727
3656
3728
3657
3729
3658
3730
3659
3731
3660
3732
3661
3733
3662
3734
3663
3735
3664
3736
3665
3737
3666
3738
3667
3739
3668
3740
3669
3741
3670
3742
3671
3743
3672
3744
3673
3745
3674
3746
3675
3747
3676
3748
3677
3749
3678
3750
3679
3751
3680
3752
3681
3753
3682
3754
3683
3755
3684
3756
3685
3757
3686
3758
3687
3759
3688
3760
3689
3761
3690
3762
3691
3763
3692
3764
3693
3765
3694
3766
3695
3767
3696
3768
3697
3769
3698
3770
3699
3771
3700
3772
3701
3773
3702
3774
3703
3775
3704
3776
3705
3777
3706
3778
3707
3779
3708
3780
3781
3710
3782
3711
3783
3712
3784
3713
3785
3714
3786
3715
3787
3716
3788
3717
3789
3718
3790
3719
3791
3720
3792
3721
3793
3722
3794
3723
3795
3724
3796
3725
3797
3726
3798
3727
3799
3728
3800
3729
3801
3730
3802
3731
3803
3732
3804
3733
3805
3734
3806
3735
3807
3736
3808
3737
3809
3738
3810
3739
3811
3740
3812
3741
3813
3742
3814
3743
3815
3744
3816
3745
3817
3746
3818
3747
3819
3748
3820
3749
3821
3750
3822
3751
3823
3752
3824
3753
3825
3754
3826
3755
3827
3756
3828
3757
3829
3758
3830
3759
3831
3760
3832
3761
3833
3762
3834
3763
3835
3764
3836
3765
3837
3766
3838
3767
3839
3768
3840
3769
3841
3770
3842
3771
3843
3772
3844
3773
3845
3774
3846
3775
3847
3776
3848
3777
3849
3778
3850
3779
3851
3780
3852
3781
3853
3854
3783
3855
3784
3856
3785
3857
3786
3858
3787
3859
3788
3860
3789
3861
3790
3862
3791
3863
3792
3864
3793
3865
3794
3866
3795
3867
3796
3868
3797
3869
3798
3870
3799
3871
3800
3872
3801
3873
3802
3874
3803
3875
3804
3876
3805
3877
3806
3878
3807
3879
3808
3880
3809
3881
3810
3882
3811
3883
3812
3884
3813
3885
3814
3886
3815
3887
3816
3888
3817
3889
3818
3890
3819
3891
3820
3892
3821
3893
3822
3894
3823
3895
3824
3896
3825
3897
3826
3898
3827
3899
3828
3900
3829
3901
3830
3902
3831
3903
3832
3904
3833
3905
3834
3906
3835
3907
3836
3908
3837
3909
3838
3910
3839
3911
3840
3912
3841
3913
3842
3914
3843
3915
3844
3916
3845
3917
3846
3918
3847
3919
3848
3920
3849
3921
3850
3922
3851
3923
3852
3924
3853
3925
3854
3926
3927
3856
3928
3857
3929
3858
3930
3859
3931
3860
3932
3861
3933
3862
3934
3863
3935
3864
3936
3865
3937
3866
3938
3867
3939
3868
3940
3869
3941
3870
3942
3871
3943
3872
3944
3873
3945
3874
3946
3875
3947
3876
3948
3877
3949
3878
3950
3879
3951
3880
3952
3881
3953
3882
3954
3883
3955
3884
3956
3885
3957
3886
3958
3887
3959
3888
3960
3889
3961
3890
3962
3891
3963
3892
3964
3893
3965
3894
3966
3895
3967
3896
3968
3897
3969
3898
3970
3899
3971
3900
3972
3901
3973
3902
3974
3903
3975
3904
3976
3905
3977
3906
3978
3907
3979
3908
3980
3909
3981
3910
3982
3911
3983
3912
3984
3913
3985
3914
3986
3915
3987
3916
3988
3917
3989
3918
3990
3919
3991
3920
3992
3921
3993
3922
3994
3923
3995
3924
3996
3925
3997
3926
3998
3927
3999
4000
3929
4001
3930
4002
3931
4003
3932
4004
3933
4005
3934
4006
3935
4007
3936
4008
3937
4009
3938
4010
3939
4011
3940
4012
3941
4013
3942
4014
3943
4015
3944
4016
3945
4017
3946
4018
3947
4019
3948
4020
3949
4021
3950
4022
3951
4023
3952
4024
3953
4025
3954
4026
3955
4027
3956
4028
3957
4029
3958
4030
3959
4031
3960
4032
3961
4033
3962
4034
3963
4035
3964
4036
3965
4037
3966
4038
3967
4039
3968
4040
3969
4041
3970
4042
3971
4043
3972
4044
3973
4045
3974
4046
3975
4047
3976
4048
3977
4049
3978
4050
3979
4051
3980
4052
3981
4053
3982
4054
3983
4055
3984
4056
3985
4057
3986
4058
3987
4059
3988
4060
3989
4061
3990
4062
3991
4063
3992
4064
3993
4065
3994
4066
3995
4067
3996
4068
3997
4069
3998
4070
3999
4071
4000
4072
4073
4002
4074
4003
4075
4004
4076
4005
4077
4006
4078
4007
4079
4008
4080
4009
4081
4010
4082
4011
4083
4012
4084
4013
4085
4014
4086
4015
4087
4016
4088
4017
4089
4018
4090
4019
4091
4020
4092
4021
4093
4022
4094
4023
4095
4024
4096
4025
4097
4026
4098
4027
4099
4028
4100
4029
4101
4030
4102
4031
4103
4032
4104
4033
4105
4034
4106
4035
4107
4036
4108
4037
4109
4038
4110
4039
4111
4040
4112
4041
4113
4042
4114
4043
4115
4044
4116
4045
4117
4046
4118
4047
4119
4048
4120
4049
4121
4050
4122
4051
4123
4052
4124
4053
4125
4054
4126
4055
4127
4056
4128
4057
4129
4058
4130
4059
4131
4060
4132
4061
4133
4062
4134
4063
4135
4064
4136
4065
4137
4066
4138
4067
4139
4068
4140
4069
4141
4070
4142
4071
4143
4072
4144
4073
4145
4146
4075
4151
4076
4152
4077
4153
4078
4154
4079
4155
4080
4156
4081
4157
4082
4158
4083
4159
4084
4160
4085
4161
4086
4162
4087
4163
4088
4164
4089
4165
4090
4166
4091
4167
4092
4168
4093
4169
4094
4170
4095
4171
4096
4172
4097
4173
4098
4174
4099
4175
4100
4176
4101
4177
4102
4178
4103
4179
4104
4180
4105
4181
4106
4182
4107
4183
4108
4184
4109
4185
4110
4186
4111
4187
4112
4188
4113
4189
4114
4190
4115
4191
4116
4192
4117
4193
4118
4194
4119
4195
4120
4196
4121
4197
4122
4198
4123
4199
4124
4200
4125
4201
4126
4202
4127
4203
4128
4204
4129
4205
4130
4206
4131
4207
4132
4208
4133
4209
4134
4210
4135
4211
4136
4212
4137
4213
4138
4214
4139
4215
4140
4216
4141
4217
4142
4218
4143
4219
4144
4220
4145
4221
4146
4222
4223
4148
4224
4149
4225
4150
4226
4151
4227
4152
4228
4153
4229
4154
4230
4155
4231
4156
4232
4157
4233
4158
4234
4159
4235
4160
4236
4161
4237
4162
4238
4163
4239
4164
4240
4165
4241
4166
4242
4167
4243
4168
4244
4169
4245
4170
4246
4171
4247
4172
4248
4173
4249
4174
4250
4175
4251
4176
4252
4177
4253
4178
4254
4179
4255
4180
4256
4181
4257
4182
4258
4183
4259
4184
4260
4185
4261
4186
4262
4187
4263
4188
4264
4189
4265
4190
4266
4191
4267
4192
4268
4193
4269
4194
4270
4195
4271
4196
4272
4197
4273
4198
4274
4199
4275
4200
4276
4201
4277
4202
4278
4203
4279
4204
4280
4205
4281
4206
4282
4207
4283
4208
4284
4209
4285
4210
4286
4211
4287
4212
4288
4213
4289
4214
4290
4215
4291
4216
4292
4217
4293
4218
4294
4219
4295
4220
4296
4221
4297
4222
4298
4223
4299
4300
4225
4301
4226
4302
4227
4303
4228
4304
4229
4305
4230
4306
4231
4307
4232
4308
4233
4309
4234
4310
4235
4311
4236
4312
4237
4313
4238
4314
4239
4315
4240
4316
4241
4317
4242
4318
4243
4319
4244
4320
4245
4321
4246
4322
4247
4323
4248
4324
4249
4325
4250
4326
4251
4327
4252
4328
4253
4329
4254
4330
4255
4331
4256
4332
4257
4333
4258
4334
4259
4335
4260
4336
4261
4337
4262
4338
4263
4339
4264
4340
4265
4341
4266
4342
4267
4343
4268
4344
4269
4345
4270
4346
4271
4347
4272
4348
4273
4349
4274
4350
4275
4351
4276
4352
4277
4353
4278
4354
4279
4355
4280
4356
4281
4357
4282
4358
4283
4359
4284
4360
4285
4361
4286
4362
4287
4363
4288
4364
4289
4365
4290
4366
4291
4367
4292
4368
4293
4369
4294
4370
4295
4371
4296
4372
4297
4373
4298
4374
4299
4375
4300
4376
4377
4302
4378
4303
4379
4304
4380
4305
4381
4306
4382
4307
4383
4308
4384
4309
4385
4310
4386
4311
4387
4312
4388
4313
4389
4314
4390
4315
4391
4316
4392
4317
4393
4318
4394
4319
4395
4320
4396
4321
4397
4322
4398
4323
4399
4324
4400
4325
4401
4326
4402
4327
4403
4328
4404
4329
4405
4330
4406
4331
4407
4332
4408
4333
4409
4334
4410
4335
4411
4336
4412
4337
4413
4338
4414
4339
4415
4340
4416
4341
4417
4342
4418
4343
4419
4344
4420
4345
4421
4346
4422
4347
4423
4348
4424
4349
4425
4350
4426
4351
4427
4352
4428
4353
4429
4354
4430
4355
4431
4356
4432
4357
4433
4358
4434
4359
4435
4360
4436
4361
4437
4362
4438
4363
4439
4364
4440
4365
4441
4366
4442
4367
4443
4368
4444
4369
4445
4370
4446
4371
4447
4372
4448
4373
4449
4374
4450
4375
4451
4376
4452
4377
4453
4454
4379
4455
4380
4456
4381
4457
4382
4458
4383
4459
4384
4460
4385
4461
4386
4462
4387
4463
4388
4464
4389
4465
4390
4466
4391
4467
4392
4468
4393
4469
4394
4470
4395
4471
4396
4472
4397
4473
4398
4474
4399
4475
4400
4476
4401
4477
4402
4478
4403
4479
4404
4480
4405
4481
4406
4482
4407
4483
4408
4484
4409
4485
4410
4486
4411
4487
4412
4488
4413
4489
4414
4490
4415
4491
4416
4492
4417
4493
4418
4494
4419
4495
4420
4496
4421
4497
4422
4498
4423
4499
4424
4500
4425
4501
4426
4502
4427
4503
4428
4504
4429
4505
4430
4506
4431
4507
4432
4508
4433
4509
4434
4510
4435
4511
4436
4512
4437
4513
4438
4514
4439
4515
4440
4516
4441
4517
4442
4518
4443
4519
4444
4520
4445
4521
4446
4522
4447
4523
4448
4524
4449
4525
4450
4526
4451
4527
4452
4528
4453
4529
4454
4530
4531
4456
4533
4457
4534
4458
4535
4459
4536
4460
4537
4461
4538
4462
4539
4463
4540
4464
4541
4465
4542
4466
4543
4467
4544
4468
4545
4469
4546
4470
4547
4471
4548
4472
4549
4473
4550
4474
4551
4475
4552
4476
4553
4477
4554
4478
4555
4479
4556
4480
4557
4481
4558
4482
4559
4483
4560
4484
4561
4485
4562
4486
4563
4487
4564
4488
4565
4489
4566
4490
4567
4491
4568
4492
4569
4493
4570
4494
4571
4495
4572
4496
4573
4497
4574
4498
4575
4499
4576
4500
4577
4501
4578
4502
4579
4503
4580
4504
4581
4505
4582
4506
4583
4507
4584
4508
4585
4509
4586
4510
4587
4511
4588
4512
4589
4513
4590
4514
4591
4515
4592
4516
4593
4517
4594
4518
4595
4519
4596
4520
4597
4521
4598
4522
4599
4523
4600
4524
4601
4525
4602
4526
4603
4527
4604
4528
4605
4529
4606
4530
4607
4531
4608
4609
4533
4610
4534
4611
4535
4612
4536
4613
4537
4614
4538
4615
4539
4616
4540
4617
4541
4618
4542
4619
4543
4620
4544
4621
4545
4622
4546
4623
4547
4624
4548
4625
4549
4626
4550
4627
4551
4628
4552
4629
4553
4630
4554
4631
4555
4632
4556
4633
4557
4634
4558
4635
4559
4636
4560
4637
4561
4638
4562
4639
4563
4640
4564
4641
4565
4642
4566
4643
4567
4644
4568
4645
4569
4646
4570
4647
4571
4648
4572
4649
4573
4650
4574
4651
4575
4652
4576
4653
4577
4654
4578
4655
4579
4656
4580
4657
4581
4658
4582
4659
4583
4660
4584
4661
4585
4662
4586
4663
4587
4664
4588
4665
4589
4666
4590
4667
4591
4668
4592
4669
4593
4670
4594
4671
4595
4672
4596
4673
4597
4674
4598
4675
4599
4676
4600
4677
4601
4678
4602
4679
4603
4680
4604
4681
4605
4682
4606
4683
4607
4684
4608
4685
4609
4686
4687
4611
4688
4612
4689
4613
4690
4614
4691
4615
4692
4616
4693
4617
4694
4618
4695
4619
4696
4620
4697
4621
4698
4622
4699
4623
4700
4624
4701
4625
4702
4626
4703
4627
4704
4628
4705
4629
4706
4630
4707
4631
4708
4632
4709
4633
4710
4634
4711
4635
4712
4636
4713
4637
4714
4638
4715
4639
4716
4640
4717
4641
4718
4642
4719
4643
4720
4644
4721
4645
4722
4646
4723
4647
4724
4648
4725
4649
4726
4650
4727
4651
4728
4652
4729
4653
4730
4654
4731
4655
4732
4656
4733
4657
4734
4658
4735
4659
4736
4660
4737
4661
4738
4662
4739
4663
4740
4664
4741
4665
4742
4666
4743
4667
4744
4668
4745
4669
4746
4670
4747
4671
4748
4672
4749
4673
4750
4674
4751
4675
4752
4676
4753
4677
4754
4678
4755
4679
4756
4680
4757
4681
4758
4682
4759
4683
4760
4684
4761
4685
4762
4686
4763
4687
4764
4765
4689
4766
4690
4767
4691
4768
4692
4769
4693
4770
4694
4771
4695
4772
4696
4773
4697
4774
4698
4775
4699
4776
4700
4777
4701
4778
4702
4779
4703
4780
4704
4781
4705
4782
4706
4783
4707
4784
4708
4785
4709
4786
4710
4787
4711
4788
4712
4789
4713
4790
4714
4791
4715
4792
4716
4793
4717
4794
4718
4795
4719
4796
4720
4797
4721
4798
4722
4799
4723
4800
4724
4801
4725
4802
4726
4803
4727
4804
4728
4805
4729
4806
4730
4807
4731
4808
4732
4809
4733
4810
4734
4811
4735
4812
4736
4813
4737
4814
4738
4815
4739
4816
4740
4817
4741
4818
4742
4819
4743
4820
4744
4821
4745
4822
4746
4823
4747
4824
4748
4825
4749
4826
4750
4827
4751
4828
4752
4829
4753
4830
4754
4831
4755
4832
4756
4833
4757
4834
4758
4835
4759
4836
4760
4837
4761
4838
4762
4839
4763
4840
4764
4841
4765
4842
4843
4767
4844
4768
4845
4769
4846
4770
4847
4771
4848
4772
4849
4773
4850
4774
4851
4775
4852
4776
4853
4777
4854
4778
4855
4779
4856
4780
4857
4781
4858
4782
4859
4783
4860
4784
4861
4785
4862
4786
4863
4787
4864
4788
4865
4789
4866
4790
4867
4791
4868
4792
4869
4793
4870
4794
4871
4795
4872
4796
4873
4797
4874
4798
4875
4799
4876
4800
4877
4801
4878
4802
4879
4803
4880
4804
4881
4805
4882
4806
4883
4807
4884
4808
4885
4809
4886
4810
4887
4811
4888
4812
4889
4813
4890
4814
4891
4815
4892
4816
4893
4817
4894
4818
4895
4819
4896
4820
4897
4821
4898
4822
4899
4823
4900
4824
4901
4825
4902
4826
4903
4827
4904
4828
4905
4829
4906
4830
4907
4831
4908
4832
4909
4833
4910
4834
4911
4835
4912
4836
4913
4837
4914
4838
4915
4839
4916
4840
4917
4841
4918
4842
4919
4843
4920
4921
4845
4922
4846
4923
4847
4924
4848
4925
4849
4926
4850
4927
4851
4928
4852
4929
4853
4930
4854
4931
4855
4932
4856
4933
4857
4934
4858
4935
4859
4936
4860
4937
4861
4938
4862
4939
4863
4940
4864
4941
4865
4942
4866
4943
4867
4944
4868
4945
4869
4946
4870
4947
4871
4948
4872
4949
4873
4950
4874
4951
4875
4952
4876
4953
4877
4954
4878
4955
4879
4956
4880
4957
4881
4958
4882
4959
4883
4960
4884
4961
4885
4962
4886
4963
4887
4964
4888
4965
4889
4966
4890
4967
4891
4968
4892
4969
4893
4970
4894
4971
4895
4972
4896
4973
4897
4974
4898
4975
4899
4976
4900
4977
4901
4978
4902
4979
4903
4980
4904
4981
4905
4982
4906
4983
4907
4984
4908
4985
4909
4986
4910
4987
4911
4988
4912
4989
4913
4990
4914
4991
4915
4992
4916
4993
4917
4994
4918
4995
4919
4996
4920
4997
4921
4998
4999
4923
5000
4924
5001
4925
5002
4926
5003
4927
5004
4928
5005
4929
5006
4930
5007
4931
5008
4932
5009
4933
5010
4934
5011
4935
5012
4936
5013
4937
5014
4938
5015
4939
5016
4940
5017
4941
5018
4942
5019
4943
5020
4944
5021
4945
5022
4946
5023
4947
5024
4948
5025
4949
5026
4950
5027
4951
5028
4952
5029
4953
5030
4954
5031
4955
5032
4956
5033
4957
5034
4958
5035
4959
5036
4960
5037
4961
5038
4962
5039
4963
5040
4964
5041
4965
5042
4966
5043
4967
5044
4968
5045
4969
5046
4970
5047
4971
5048
4972
5049
4973
5050
4974
5051
4975
5052
4976
5053
4977
5054
4978
5055
4979
5056
4980
5057
4981
5058
4982
5059
4983
5060
4984
5061
4985
5062
4986
5063
4987
5064
4988
5065
4989
5066
4990
5067
4991
5068
4992
5069
4993
5070
4994
5071
4995
5072
4996
5073
4997
5074
4998
5075
4999
5076
5077
5001
5078
5002
5079
5003
5080
5004
5081
5005
5082
5006
5083
5007
5084
5008
5085
5009
5086
5010
5087
5011
5088
5012
5089
5013
5090
5014
5091
5015
5092
5016
5093
5017
5094
5018
5095
5019
5096
5020
5097
5021
5098
5022
5099
5023
5100
5024
5101
5025
5102
5026
5103
5027
5104
5028
5105
5029
5106
5030
5107
5031
5108
5032
5109
5033
5110
5034
5111
5035
5112
5036
5113
5037
5114
5038
5115
5039
5116
5040
5117
5041
5118
5042
5119
5043
5120
5044
5121
5045
5122
5046
5123
5047
5124
5048
5125
5049
5126
5050
5127
5051
5128
5052
5129
5053
5130
5054
5131
5055
5132
5056
5133
5057
5134
5058
5135
5059
5136
5060
5137
5061
5138
5062
5139
5063
5140
5064
5141
5065
5142
5066
5143
5067
5144
5068
5145
5069
5146
5070
5147
5071
5148
5072
5149
5073
5150
5074
5151
5075
5152
5076
5153
5077
5154
5155
5079
5156
5080
5157
5081
5158
5082
5159
5083
5160
5084
5161
5085
5162
5086
5163
5087
5164
5088
5165
5089
5166
5090
5167
5091
5168
5092
5169
5093
5170
5094
5171
5095
5172
5096
5173
5097
5174
5098
5175
5099
5176
5100
5177
5101
5178
5102
5179
5103
5180
5104
5181
5105
5182
5106
5183
5107
5184
5108
5185
5109
5186
5110
5187
5111
5188
5112
5189
5113
5190
5114
5191
5115
5192
5116
5193
5117
5194
5118
5195
5119
5196
5120
5197
5121
5198
5122
5199
5123
5200
5124
5201
5125
5202
5126
5203
5127
5204
5128
5205
5129
5206
5130
5207
5131
5208
5132
5209
5133
5210
5134
5211
5135
5212
5136
5213
5137
5214
5138
5215
5139
5216
5140
5217
5141
5218
5142
5219
5143
5220
5144
5221
5145
5222
5146
5223
5147
5224
5148
5225
5149
5226
5150
5227
5151
5228
5152
5229
5153
5230
5154
5231
5155
5232
5233
5157
5234
5158
5235
5159
5236
5160
5237
5161
5238
5162
5239
5163
5240
5164
5241
5165
5242
5166
5243
5167
5244
5168
5245
5169
5246
5170
5247
5171
5248
5172
5249
5173
5250
5174
5251
5175
5252
5176
5253
5177
5254
5178
5255
5179
5256
5180
5257
5181
5258
5182
5259
5183
5260
5184
5261
5185
5262
5186
5263
5187
5264
5188
5265
5189
5266
5190
5267
5191
5268
5192
5269
5193
5270
5194
5271
5195
5272
5196
5273
5197
5274
5198
5275
5199
5276
5200
5277
5201
5278
5202
5279
5203
5280
5204
5281
5205
5282
5206
5283
5207
5284
5208
5285
5209
5286
5210
5287
5211
5288
5212
5289
5213
5290
5214
5291
5215
5292
5216
5293
5217
5294
5218
5295
5219
5296
5220
5297
5221
5298
5222
5299
5223
5300
5224
5301
5225
5302
5226
5303
5227
5304
5228
5305
5229
5306
5230
5307
5231
5308
5232
5309
5233
5310
5311
5235
5312
5236
5313
5237
5314
5238
5315
5239
5316
5240
5317
5241
5318
5242
5319
5243
5320
5244
5321
5245
5322
5246
5323
5247
5324
5248
5325
5249
5326
5250
5327
5251
5328
5252
5329
5253
5330
5254
5331
5255
5332
5256
5333
5257
5334
5258
5335
5259
5336
5260
5337
5261
5338
5262
5339
5263
5340
5264
5341
5265
5342
5266
5343
5267
5344
5268
5345
5269
5346
5270
5347
5271
5348
5272
5349
5273
5350
5274
5351
5275
5352
5276
5353
5277
5354
5278
5355
5279
5356
5280
5357
5281
5358
5282
5359
5283
5360
5284
5361
5285
5362
5286
5363
5287
5364
5288
5365
5289
5366
5290
5367
5291
5368
5292
5369
5293
5370
5294
5371
5295
5372
5296
5373
5297
5374
5298
5375
5299
5376
5300
5377
5301
5378
5302
5379
5303
5380
5304
5381
5305
5382
5306
5383
5307
5384
5308
5385
5309
5386
5310
5387
5311
5388
5389
5313
5390
5314
5391
5315
5392
5316
5393
5317
5394
5318
5395
5319
5396
5320
5397
5321
5398
5322
5399
5323
5400
5324
5401
5325
5402
5326
5403
5327
5404
5328
5405
5329
5406
5330
5407
5331
5408
5332
5409
5333
5410
5334
5411
5335
5412
5336
5413
5337
5414
5338
5415
5339
5416
5340
5417
5341
5418
5342
5419
5343
5420
5344
5421
5345
5422
5346
5423
5347
5424
5348
5425
5349
5426
5350
5427
5351
5428
5352
5429
5353
5430
5354
5431
5355
5432
5356
5433
5357
5434
5358
5435
5359
5436
5360
5437
5361
5438
5362
5439
5363
5440
5364
5441
5365
5442
5366
5443
5367
5444
5368
5445
5369
5446
5370
5447
5371
5448
5372
5449
5373
5450
5374
5451
5375
5452
5376
5453
5377
5454
5378
5455
5379
5456
5380
5457
5381
5458
5382
5459
5383
5460
5384
5461
5385
5462
5386
5463
5387
5464
5388
5465
5389
5466
5467
5391
5468
5392
5469
5393
5470
5394
5471
5395
5472
5396
5473
5397
5474
5398
5475
5399
5476
5400
5477
5401
5478
5402
5479
5403
5480
5404
5481
5405
5482
5406
5483
5407
5484
5408
5485
5409
5486
5410
5487
5411
5488
5412
5489
5413
5490
5414
5491
5415
5492
5416
5493
5417
5494
5418
5495
5419
5496
5420
5497
5421
5498
5422
5499
5423
5500
5424
5501
5425
5502
5426
5503
5427
5504
5428
5505
5429
5506
5430
5507
5431
5508
5432
5509
5433
5510
5434
5511
5435
5512
5436
5513
5437
5514
5438
5515
5439
5516
5440
5517
5441
5518
5442
5519
5443
5520
5444
5521
5445
5522
5446
5523
5447
5524
5448
5525
5449
5526
5450
5527
5451
5528
5452
5529
5453
5530
5454
5531
5455
5532
5456
5533
5457
5534
5458
5535
5459
5536
5460
5537
5461
5538
5462
5539
5463
5540
5464
5541
5465
5542
5466
5543
5467
5544
5545
5469
5546
5470
5547
5471
5548
5472
5549
5473
5550
5474
5551
5475
5552
5476
5553
5477
5554
5478
5555
5479
5556
5480
5557
5481
5558
5482
5559
5483
5560
5484
5561
5485
5562
5486
5563
5487
5564
5488
5565
5489
5566
5490
5567
5491
5568
5492
5569
5493
5570
5494
5571
5495
5572
5496
5573
5497
5574
5498
5575
5499
5576
5500
5577
5501
5578
5502
5579
5503
5580
5504
5581
5505
5582
5506
5583
5507
5584
5508
5585
5509
5586
5510
5587
5511
5588
5512
5589
5513
5590
5514
5591
5515
5592
5516
5593
5517
5594
5518
5595
5519
5596
5520
5597
5521
5598
5522
5599
5523
5600
5524
5601
5525
5602
5526
5603
5527
5604
5528
5605
5529
5606
5530
5607
5531
5608
5532
5609
5533
5610
5534
5611
5535
5612
5536
5613
5537
5614
5538
5615
5539
5616
5540
5617
5541
5618
5542
5619
5543
5620
5544
5621
5545
5622
5623
5547
5624
5548
5625
5549
5626
5550
5627
5551
5628
5552
5629
5553
5630
5554
5631
5555
5632
5556
5633
5557
5634
5558
5635
5559
5636
5560
5637
5561
5638
5562
5639
5563
5640
5564
5641
5565
5642
5566
5643
5567
5644
5568
5645
5569
5646
5570
5647
5571
5648
5572
5649
5573
5650
5574
5651
5575
5652
5576
5653
5577
5654
5578
5655
5579
5656
5580
5657
5581
5658
5582
5659
5583
5660
5584
5661
5585
5662
5586
5663
5587
5664
5588
5665
5589
5666
5590
5667
5591
5668
5592
5669
5593
5670
5594
5671
5595
5672
5596
5673
5597
5674
5598
5675
5599
5676
5600
5677
5601
5678
5602
5679
5603
5680
5604
5681
5605
5682
5606
5683
5607
5684
5608
5685
5609
5686
5610
5687
5611
5688
5612
5689
5613
5690
5614
5691
5615
5692
5616
5693
5617
5694
5618
5695
5619
5696
5620
5697
5621
5698
5622
5699
5623
5700
5701
5625
5702
5626
5703
5627
5704
5628
5705
5629
5706
5630
5707
5631
5708
5632
5709
5633
5710
5634
5711
5635
5712
5636
5713
5637
5714
5638
5715
5639
5716
5640
5717
5641
5718
5642
5719
5643
5720
5644
5721
5645
5722
5646
5723
5647
5724
5648
5725
5649
5726
5650
5727
5651
5728
5652
5729
5653
5730
5654
5731
5655
5732
5656
5733
5657
5734
5658
5735
5659
5736
5660
5737
5661
5738
5662
5739
5663
5740
5664
5741
5665
5742
5666
5743
5667
5744
5668
5745
5669
5746
5670
5747
5671
5748
5672
5749
5673
5750
5674
5751
5675
5752
5676
5753
5677
5754
5678
5755
5679
5756
5680
5757
5681
5758
5682
5759
5683
5760
5684
5761
5685
5762
5686
5763
5687
5764
5688
5765
5689
5766
5690
5767
5691
5768
5692
5769
5693
5770
5694
5771
5695
5772
5696
5773
5697
5774
5698
5775
5699
5776
5700
5777
5701
5778
5779
5703
5780
5704
5781
5705
5782
5706
5783
5707
5784
5708
5785
5709
5786
5710
5787
5711
5788
5712
5789
5713
5790
5714
5791
5715
5792
5716
5793
5717
5794
5718
5795
5719
5796
5720
5797
5721
5798
5722
5799
5723
5800
5724
5801
5725
5802
5726
5803
5727
5804
5728
5805
5729
5806
5730
5807
5731
5808
5732
5809
5733
5810
5734
5811
5735
5812
5736
5813
5737
5814
5738
5815
5739
5816
5740
5817
5741
5818
5742
5819
5743
5820
5744
5821
5745
5822
5746
5823
5747
5824
5748
5825
5749
5826
5750
5827
5751
5828
5752
5829
5753
5830
5754
5831
5755
5832
5756
5833
5757
5834
5758
5835
5759
5836
5760
5837
5761
5838
5762
5839
5763
5840
5764
5841
5765
5842
5766
5843
5767
5844
5768
5845
5769
5846
5770
5847
5771
5848
5772
5849
5773
5850
5774
5851
5775
5852
5776
5853
5777
5854
5778
5855
5779
5856
5857
5781
5858
5782
5859
5783
5860
5784
5861
5785
5862
5786
5863
5787
5864
5788
5865
5789
5866
5790
5867
5791
5868
5792
5869
5793
5870
5794
5871
5795
5872
5796
5873
5797
5874
5798
5875
5799
5876
5800
5877
5801
5878
5802
5879
5803
5880
5804
5881
5805
5882
5806
5883
5807
5884
5808
5885
5809
5886
5810
5887
5811
5888
5812
5889
5813
5890
5814
5891
5815
5892
5816
5893
5817
5894
5818
5895
5819
5896
5820
5897
5821
5898
5822
5899
5823
5900
5824
5901
5825
5902
5826
5903
5827
5904
5828
5905
5829
5906
5830
5907
5831
5908
5832
5909
5833
5910
5834
5911
5835
5912
5836
5913
5837
5914
5838
5915
5839
5916
5840
5917
5841
5918
5842
5919
5843
5920
5844
5921
5845
5922
5846
5923
5847
5924
5848
5925
5849
5926
5850
5927
5851
5928
5852
5929
5853
5930
5854
5931
5855
5932
5856
5933
5857
5934
5935
5859
5936
5860
5937
5861
5938
5862
5939
5863
5940
5864
5941
5865
5942
5866
5943
5867
5944
5868
5945
5869
5946
5870
5947
5871
5948
5872
5949
5873
5950
5874
5951
5875
5952
5876
5953
5877
5954
5878
5955
5879
5956
5880
5957
5881
5958
5882
5959
5883
5960
5884
5961
5885
5962
5886
5963
5887
5964
5888
5965
5889
5966
5890
5967
5891
5968
5892
5969
5893
5970
5894
5971
5895
5972
5896
5973
5897
5974
5898
5975
5899
5976
5900
5977
5901
5978
5902
5979
5903
5980
5904
5981
5905
5982
5906
5983
5907
5984
5908
5985
5909
5986
5910
5987
5911
5988
5912
5989
5913
5990
5914
5991
5915
5992
5916
5993
5917
5994
5918
5995
5919
5996
5920
5997
5921
5998
5922
5999
5923
6000
5924
6001
5925
6002
5926
6003
5927
6004
5928
6005
5929
6006
5930
6007
5931
6008
5932
6009
5933
6010
5934
6011
5935
6012
6013
5937
6014
5938
6015
5939
6016
5940
6017
5941
6018
5942
6019
5943
6020
5944
6021
5945
6022
5946
6023
5947
6024
5948
6025
5949
6026
5950
6027
5951
6028
5952
6029
5953
6030
5954
6031
5955
6032
5956
6033
5957
6034
5958
6035
5959
6036
5960
6037
5961
6038
5962
6039
5963
6040
5964
6041
5965
6042
5966
6043
5967
6044
5968
6045
5969
6046
5970
6047
5971
6048
5972
6049
5973
6050
5974
6051
5975
6052
5976
6053
5977
6054
5978
6055
5979
6056
5980
6057
5981
6058
5982
6059
5983
6060
5984
6061
5985
6062
5986
6063
5987
6064
5988
6065
5989
6066
5990
6067
5991
6068
5992
6069
5993
6070
5994
6071
5995
6072
5996
6073
5997
6074
5998
6075
5999
6076
6000
6077
6001
6078
6002
6079
6003
6080
6004
6081
6005
6082
6006
6083
6007
6084
6008
6085
6009
6086
6010
6087
6011
6088
6012
6089
6013
6090
6091
6015
6092
6016
6093
6017
6094
6018
6095
6019
6096
6020
6097
6021
6098
6022
6099
6023
6100
6024
6101
6025
6102
6026
6103
6027
6104
6028
6105
6029
6106
6030
6107
6031
6108
6032
6109
6033
6110
6034
6111
6035
6112
6036
6113
6037
6114
6038
6115
6039
6116
6040
6117
6041
6118
6042
6119
6043
6120
6044
6121
6045
6122
6046
6123
6047
6124
6048
6125
6049
6126
6050
6127
6051
6128
6052
6129
6053
6130
6054
6131
6055
6132
6056
6133
6057
6134
6058
6135
6059
6136
6060
6137
6061
6138
6062
6139
6063
6140
6064
6141
6065
6142
6066
6143
6067
6144
6068
6145
6069
6146
6070
6147
6071
6148
6072
6149
6073
6150
6074
6151
6075
6152
6076
6153
6077
6154
6078
6155
6079
6156
6080
6157
6081
6158
6082
6159
6083
6160
6084
6161
6085
6162
6086
6163
6087
6164
6088
6165
6089
6166
6090
6167
6091
6168
6169
6093
6170
6094
6171
6095
6172
6096
6173
6097
6174
6098
6175
6099
6176
6100
6177
6101
6178
6102
6179
6103
6180
6104
6181
6105
6182
6106
6183
6107
6184
6108
6185
6109
6186
6110
6187
6111
6188
6112
6189
6113
6190
6114
6191
6115
6192
6116
6193
6117
6194
6118
6195
6119
6196
6120
6197
6121
6198
6122
6199
6123
6200
6124
6201
6125
6202
6126
6203
6127
6204
6128
6205
6129
6206
6130
6207
6131
6208
6132
6209
6133
6210
6134
6211
6135
6212
6136
6213
6137
6214
6138
6215
6139
6216
6140
6217
6141
6218
6142
6219
6143
6220
6144
6221
6145
6222
6146
6223
6147
6224
6148
6225
6149
6226
6150
6227
6151
6228
6152
6229
6153
6230
6154
6231
6155
6232
6156
6233
6157
6234
6158
6235
6159
6236
6160
6237
6161
6238
6162
6239
6163
6240
6164
6241
6165
6242
6166
6243
6167
6244
6168
6245
6169
6246
6247
6171
6248
6172
6249
6173
6250
6174
6251
6175
6252
6176
6253
6177
6254
6178
6255
6179
6256
6180
6257
6181
6258
6182
6259
6183
6260
6184
6261
6185
6262
6186
6263
6187
6264
6188
6265
6189
6266
6190
6267
6191
6268
6192
6269
6193
6270
6194
6271
6195
6272
6196
6273
6197
6274
6198
6275
6199
6276
6200
6277
6201
6278
6202
6279
6203
6280
6204
6281
6205
6282
6206
6283
6207
6284
6208
6285
6209
6286
6210
6287
6211
6288
6212
6289
6213
6290
6214
6291
6215
6292
6216
6293
6217
6294
6218
6295
6219
6296
6220
6297
6221
6298
6222
6299
6223
6300
6224
6301
6225
6302
6226
6303
6227
6304
6228
6305
6229
6306
6230
6307
6231
6308
6232
6309
6233
6310
6234
6311
6235
6312
6236
6313
6237
6314
6238
6315
6239
6316
6240
6317
6241
6318
6242
6319
6243
6320
6244
6321
6245
6322
6246
6323
6247
6324
6325
6249
6328
6250
6329
6251
6330
6252
6331
6253
6332
6254
6333
6255
6334
6256
6335
6257
6336
6258
6337
6259
6338
6260
6339
6261
6340
6262
6341
6263
6342
6264
6343
6265
6344
6266
6345
6267
6346
6268
6347
6269
6348
6270
6349
6271
6350
6272
6351
6273
6352
6274
6353
6275
6354
6276
6355
6277
6356
6278
6357
6279
6358
6280
6359
6281
6360
6282
6361
6283
6362
6284
6363
6285
6364
6286
6365
6287
6366
6288
6367
6289
6368
6290
6369
6291
6370
6292
6371
6293
6372
6294
6373
6295
6374
6296
6375
6297
6376
6298
6377
6299
6378
6300
6379
6301
6380
6302
6381
6303
6382
6304
6383
6305
6384
6306
6385
6307
6386
6308
6387
6309
6388
6310
6389
6311
6390
6312
6391
6313
6392
6314
6393
6315
6394
6316
6395
6317
6396
6318
6397
6319
6398
6320
6399
6321
6400
6322
6401
6323
6402
6324
6403
6325
6404
6405
6327
6406
6328
6407
6329
6408
6330
6409
6331
6410
6332
6411
6333
6412
6334
6413
6335
6414
6336
6415
6337
6416
6338
6417
6339
6418
6340
6419
6341
6420
6342
6421
6343
6422
6344
6423
6345
6424
6346
6425
6347
6426
6348
6427
6349
6428
6350
6429
6351
6430
6352
6431
6353
6432
6354
6433
6355
6434
6356
6435
6357
6436
6358
6437
6359
6438
6360
6439
6361
6440
6362
6441
6363
6442
6364
6443
6365
6444
6366
6445
6367
6446
6368
6447
6369
6448
6370
6449
6371
6450
6372
6451
6373
6452
6374
6453
6375
6454
6376
6455
6377
6456
6378
6457
6379
6458
6380
6459
6381
6460
6382
6461
6383
6462
6384
6463
6385
6464
6386
6465
6387
6466
6388
6467
6389
6468
6390
6469
6391
6470
6392
6471
6393
6472
6394
6473
6395
6474
6396
6475
6397
6476
6398
6477
6399
6478
6400
6479
6401
6480
6402
6481
6403
6482
6404
6483
6405
6484
6485
6407
6486
6408
6487
6409
6488
6410
6489
6411
6490
6412
6491
6413
6492
6414
6493
6415
6494
6416
6495
6417
6496
6418
6497
6419
6498
6420
6499
6421
6500
6422
6501
6423
6502
6424
6503
6425
6504
6426
6505
6427
6506
6428
6507
6429
6508
6430
6509
6431
6510
6432
6511
6433
6512
6434
6513
6435
6514
6436
6515
6437
6516
6438
6517
6439
6518
6440
6519
6441
6520
6442
6521
6443
6522
6444
6523
6445
6524
6446
6525
6447
6526
6448
6527
6449
6528
6450
6529
6451
6530
6452
6531
6453
6532
6454
6533
6455
6534
6456
6535
6457
6536
6458
6537
6459
6538
6460
6539
6461
6540
6462
6541
6463
6542
6464
6543
6465
6544
6466
6545
6467
6546
6468
6547
6469
6548
6470
6549
6471
6550
6472
6551
6473
6552
6474
6553
6475
6554
6476
6555
6477
6556
6478
6557
6479
6558
6480
6559
6481
6560
6482
6561
6483
6562
6484
6563
6485
6564
6565
6487
6566
6488
6567
6489
6568
6490
6569
6491
6570
6492
6571
6493
6572
6494
6573
6495
6574
6496
6575
6497
6576
6498
6577
6499
6578
6500
6579
6501
6580
6502
6581
6503
6582
6504
6583
6505
6584
6506
6585
6507
6586
6508
6587
6509
6588
6510
6589
6511
6590
6512
6591
6513
6592
6514
6593
6515
6594
6516
6595
6517
6596
6518
6597
6519
6598
6520
6599
6521
6600
6522
6601
6523
6602
6524
6603
6525
6604
6526
6605
6527
6606
6528
6607
6529
6608
6530
6609
6531
6610
6532
6611
6533
6612
6534
6613
6535
6614
6536
6615
6537
6616
6538
6617
6539
6618
6540
6619
6541
6620
6542
6621
6543
6622
6544
6623
6545
6624
6546
6625
6547
6626
6548
6627
6549
6628
6550
6629
6551
6630
6552
6631
6553
6632
6554
6633
6555
6634
6556
6635
6557
6636
6558
6637
6559
6638
6560
6639
6561
6640
6562
6641
6563
6642
6564
6643
6565
6644
6645
6567
6646
6568
6647
6569
6648
6570
6649
6571
6650
6572
6651
6573
6652
6574
6653
6575
6654
6576
6655
6577
6656
6578
6657
6579
6658
6580
6659
6581
6660
6582
6661
6583
6662
6584
6663
6585
6664
6586
6665
6587
6666
6588
6667
6589
6668
6590
6669
6591
6670
6592
6671
6593
6672
6594
6673
6595
6674
6596
6675
6597
6676
6598
6677
6599
6678
6600
6679
6601
6680
6602
6681
6603
6682
6604
6683
6605
6684
6606
6685
6607
6686
6608
6687
6609
6688
6610
6689
6611
6690
6612
6691
6613
6692
6614
6693
6615
6694
6616
6695
6617
6696
6618
6697
6619
6698
6620
6699
6621
6700
6622
6701
6623
6702
6624
6703
6625
6704
6626
6705
6627
6706
6628
6707
6629
6708
6630
6709
6631
6710
6632
6711
6633
6712
6634
6713
6635
6714
6636
6715
6637
6716
6638
6717
6639
6718
6640
6719
6641
6720
6642
6721
6643
6722
6644
6723
6645
6724
6725
6647
6726
6648
6727
6649
6728
6650
6729
6651
6730
6652
6731
6653
6732
6654
6733
6655
6734
6656
6735
6657
6736
6658
6737
6659
6738
6660
6739
6661
6740
6662
6741
6663
6742
6664
6743
6665
6744
6666
6745
6667
6746
6668
6747
6669
6748
6670
6749
6671
6750
6672
6751
6673
6752
6674
6753
6675
6754
6676
6755
6677
6756
6678
6757
6679
6758
6680
6759
6681
6760
6682
6761
6683
6762
6684
6763
6685
6764
6686
6765
6687
6766
6688
6767
6689
6768
6690
6769
6691
6770
6692
6771
6693
6772
6694
6773
6695
6774
6696
6775
6697
6776
6698
6777
6699
6778
6700
6779
6701
6780
6702
6781
6703
6782
6704
6783
6705
6784
6706
6785
6707
6786
6708
6787
6709
6788
6710
6789
6711
6790
6712
6791
6713
6792
6714
6793
6715
6794
6716
6795
6717
6796
6718
6797
6719
6798
6720
6799
6721
6800
6722
6801
6723
6802
6724
6803
6725
6804
6805
6727
6806
6728
6807
6729
6808
6730
6809
6731
6810
6732
6811
6733
6812
6734
6813
6735
6814
6736
6815
6737
6816
6738
6817
6739
6818
6740
6819
6741
6820
6742
6821
6743
6822
6744
6823
6745
6824
6746
6825
6747
6826
6748
6827
6749
6828
6750
6829
6751
6830
6752
6831
6753
6832
6754
6833
6755
6834
6756
6835
6757
6836
6758
6837
6759
6838
6760
6839
6761
6840
6762
6841
6763
6842
6764
6843
6765
6844
6766
6845
6767
6846
6768
6847
6769
6848
6770
6849
6771
6850
6772
6851
6773
6852
6774
6853
6775
6854
6776
6855
6777
6856
6778
6857
6779
6858
6780
6859
6781
6860
6782
6861
6783
6862
6784
6863
6785
6864
6786
6865
6787
6866
6788
6867
6789
6868
6790
6869
6791
6870
6792
6871
6793
6872
6794
6873
6795
6874
6796
6875
6797
6876
6798
6877
6799
6878
6800
6879
6801
6880
6802
6881
6803
6882
6804
6883
6805
6884
6885
6807
6886
6808
6887
6809
6888
6810
6889
6811
6890
6812
6891
6813
6892
6814
6893
6815
6894
6816
6895
6817
6896
6818
6897
6819
6898
6820
6899
6821
6900
6822
6901
6823
6902
6824
6903
6825
6904
6826
6905
6827
6906
6828
6907
6829
6908
6830
6909
6831
6910
6832
6911
6833
6912
6834
6913
6835
6914
6836
6915
6837
6916
6838
6917
6839
6918
6840
6919
6841
6920
6842
6921
6843
6922
6844
6923
6845
6924
6846
6925
6847
6926
6848
6927
6849
6928
6850
6929
6851
6930
6852
6931
6853
6932
6854
6933
6855
6934
6856
6935
6857
6936
6858
6937
6859
6938
6860
6939
6861
6940
6862
6941
6863
6942
6864
6943
6865
6944
6866
6945
6867
6946
6868
6947
6869
6948
6870
6949
6871
6950
6872
6951
6873
6952
6874
6953
6875
6954
6876
6955
6877
6956
6878
6957
6879
6958
6880
6959
6881
6960
6882
6961
6883
6962
6884
6963
6885
6964
6965
6887
6966
6888
6967
6889
6968
6890
6969
6891
6970
6892
6971
6893
6972
6894
6973
6895
6974
6896
6975
6897
6976
6898
6977
6899
6978
6900
6979
6901
6980
6902
6981
6903
6982
6904
6983
6905
6984
6906
6985
6907
6986
6908
6987
6909
6988
6910
6989
6911
6990
6912
6991
6913
6992
6914
6993
6915
6994
6916
6995
6917
6996
6918
6997
6919
6998
6920
6999
6921
7000
6922
7001
6923
7002
6924
7003
6925
7004
6926
7005
6927
7006
6928
7007
6929
7008
6930
7009
6931
7010
6932
7011
6933
7012
6934
7013
6935
7014
6936
7015
6937
7016
6938
7017
6939
7018
6940
7019
6941
7020
6942
7021
6943
7022
6944
7023
6945
7024
6946
7025
6947
7026
6948
7027
6949
7028
6950
7029
6951
7030
6952
7031
6953
7032
6954
7033
6955
7034
6956
7035
6957
7036
6958
7037
6959
7038
6960
7039
6961
7040
6962
7041
6963
7042
6964
7043
6965
7044
7045
6967
7046
6968
7047
6969
7048
6970
7049
6971
7050
6972
7051
6973
7052
6974
7053
6975
7054
6976
7055
6977
7056
6978
7057
6979
7058
6980
7059
6981
7060
6982
7061
6983
7062
6984
7063
6985
7064
6986
7065
6987
7066
6988
7067
6989
7068
6990
7069
6991
7070
6992
7071
6993
7072
6994
7073
6995
7074
6996
7075
6997
7076
6998
7077
6999
7078
7000
7079
7001
7080
7002
7081
7003
7082
7004
7083
7005
7084
7006
7085
7007
7086
7008
7087
7009
7088
7010
7089
7011
7090
7012
7091
7013
7092
7014
7093
7015
7094
7016
7095
7017
7096
7018
7097
7019
7098
7020
7099
7021
7100
7022
7101
7023
7102
7024
7103
7025
7104
7026
7105
7027
7106
7028
7107
7029
7108
7030
7109
7031
7110
7032
7111
7033
7112
7034
7113
7035
7114
7036
7115
7037
7116
7038
7117
7039
7118
7040
7119
7041
7120
7042
7121
7043
7122
7044
7123
7045
7124
7125
7047
7126
7048
7127
7049
7128
7050
7129
7051
7130
7052
7131
7053
7132
7054
7133
7055
7134
7056
7135
7057
7136
7058
7137
7059
7138
7060
7139
7061
7140
7062
7141
7063
7142
7064
7143
7065
7144
7066
7145
7067
7146
7068
7147
7069
7148
7070
7149
7071
7150
7072
7151
7073
7152
7074
7153
7075
7154
7076
7155
7077
7156
7078
7157
7079
7158
7080
7159
7081
7160
7082
7161
7083
7162
7084
7163
7085
7164
7086
7165
7087
7166
7088
7167
7089
7168
7090
7169
7091
7170
7092
7171
7093
7172
7094
7173
7095
7174
7096
7175
7097
7176
7098
7177
7099
7178
7100
7179
7101
7180
7102
7181
7103
7182
7104
7183
7105
7184
7106
7185
7107
7186
7108
7187
7109
7188
7110
7189
7111
7190
7112
7191
7113
7192
7114
7193
7115
7194
7116
7195
7117
7196
7118
7197
7119
7198
7120
7199
7121
7200
7122
7201
7123
7202
7124
7203
7125
7204
7205
7127
7206
7128
7207
7129
7208
7130
7209
7131
7210
7132
7211
7133
7212
7134
7213
7135
7214
7136
7215
7137
7216
7138
7217
7139
7218
7140
7219
7141
7220
7142
7221
7143
7222
7144
7223
7145
7224
7146
7225
7147
7226
7148
7227
7149
7228
7150
7229
7151
7230
7152
7231
7153
7232
7154
7233
7155
7234
7156
7235
7157
7236
7158
7237
7159
7238
7160
7239
7161
7240
7162
7241
7163
7242
7164
7243
7165
7244
7166
7245
7167
7246
7168
7247
7169
7248
7170
7249
7171
7250
7172
7251
7173
7252
7174
7253
7175
7254
7176
7255
7177
7256
7178
7257
7179
7258
7180
7259
7181
7260
7182
7261
7183
7262
7184
7263
7185
7264
7186
7265
7187
7266
7188
7267
7189
7268
7190
7269
7191
7270
7192
7271
7193
7272
7194
7273
7195
7274
7196
7275
7197
7276
7198
7277
7199
7278
7200
7279
7201
7280
7202
7281
7203
7282
7204
7283
7205
7284
7285
7207
7286
7208
7287
7209
7288
7210
7289
7211
7290
7212
7291
7213
7292
7214
7293
7215
7294
7216
7295
7217
7296
7218
7297
7219
7298
7220
7299
7221
7300
7222
7301
7223
7302
7224
7303
7225
7304
7226
7305
7227
7306
7228
7307
7229
7308
7230
7309
7231
7310
7232
7311
7233
7312
7234
7313
7235
7314
7236
7315
7237
7316
7238
7317
7239
7318
7240
7319
7241
7320
7242
7321
7243
7322
7244
7323
7245
7324
7246
7325
7247
7326
7248
7327
7249
7328
7250
7329
7251
7330
7252
7331
7253
7332
7254
7333
7255
7334
7256
7335
7257
7336
7258
7337
7259
7338
7260
7339
7261
7340
7262
7341
7263
7342
7264
7343
7265
7344
7266
7345
7267
7346
7268
7347
7269
7348
7270
7349
7271
7350
7272
7351
7273
7352
7274
7353
7275
7354
7276
7355
7277
7356
7278
7357
7279
7358
7280
7359
7281
7360
7282
7361
7283
7362
7284
7363
7285
7364
7365
7287
7366
7288
7367
7289
7368
7290
7369
7291
7370
7292
7371
7293
7372
7294
7373
7295
7374
7296
7375
7297
7376
7298
7377
7299
7378
7300
7379
7301
7380
7302
7381
7303
7382
7304
7383
7305
7384
7306
7385
7307
7386
7308
7387
7309
7388
7310
7389
7311
7390
7312
7391
7313
7392
7314
7393
7315
7394
7316
7395
7317
7396
7318
7397
7319
7398
7320
7399
7321
7400
7322
7401
7323
7402
7324
7403
7325
7404
7326
7405
7327
7406
7328
7407
7329
7408
7330
7409
7331
7410
7332
7411
7333
7412
7334
7413
7335
7414
7336
7415
7337
7416
7338
7417
7339
7418
7340
7419
7341
7420
7342
7421
7343
7422
7344
7423
7345
7424
7346
7425
7347
7426
7348
7427
7349
7428
7350
7429
7351
7430
7352
7431
7353
7432
7354
7433
7355
7434
7356
7435
7357
7436
7358
7437
7359
7438
7360
7439
7361
7440
7362
7441
7363
7442
7364
7443
7365
7444
7445
7367
7446
7368
7447
7369
7448
7370
7449
7371
7450
7372
7451
7373
7452
7374
7453
7375
7454
7376
7455
7377
7456
7378
7457
7379
7458
7380
7459
7381
7460
7382
7461
7383
7462
7384
7463
7385
7464
7386
7465
7387
7466
7388
7467
7389
7468
7390
7469
7391
7470
7392
7471
7393
7472
7394
7473
7395
7474
7396
7475
7397
7476
7398
7477
7399
7478
7400
7479
7401
7480
7402
7481
7403
7482
7404
7483
7405
7484
7406
7485
7407
7486
7408
7487
7409
7488
7410
7489
7411
7490
7412
7491
7413
7492
7414
7493
7415
7494
7416
7495
7417
7496
7418
7497
7419
7498
7420
7499
7421
7500
7422
7501
7423
7502
7424
7503
7425
7504
7426
7505
7427
7506
7428
7507
7429
7508
7430
7509
7431
7510
7432
7511
7433
7512
7434
7513
7435
7514
7436
7515
7437
7516
7438
7517
7439
7518
7440
7519
7441
7520
7442
7521
7443
7522
7444
7523
7445
7524
7525
7447
7526
7448
7527
7449
7528
7450
7529
7451
7530
7452
7531
7453
7532
7454
7533
7455
7534
7456
7535
7457
7536
7458
7537
7459
7538
7460
7539
7461
7540
7462
7541
7463
7542
7464
7543
7465
7544
7466
7545
7467
7546
7468
7547
7469
7548
7470
7549
7471
7550
7472
7551
7473
7552
7474
7553
7475
7554
7476
7555
7477
7556
7478
7557
7479
7558
7480
7559
7481
7560
7482
7561
7483
7562
7484
7563
7485
7564
7486
7565
7487
7566
7488
7567
7489
7568
7490
7569
7491
7570
7492
7571
7493
7572
7494
7573
7495
7574
7496
7575
7497
7576
7498
7577
7499
7578
7500
7579
7501
7580
7502
7581
7503
7582
7504
7583
7505
7584
7506
7585
7507
7586
7508
7587
7509
7588
7510
7589
7511
7590
7512
7591
7513
7592
7514
7593
7515
7594
7516
7595
7517
7596
7518
7597
7519
7598
7520
7599
7521
7600
7522
7601
7523
7602
7524
7603
7525
7604
7605
7527
7606
7528
7607
7529
7608
7530
7609
7531
7610
7532
7611
7533
7612
7534
7613
7535
7614
7536
7615
7537
7616
7538
7617
7539
7618
7540
7619
7541
7620
7542
7621
7543
7622
7544
7623
7545
7624
7546
7625
7547
7626
7548
7627
7549
7628
7550
7629
7551
7630
7552
7631
7553
7632
7554
7633
7555
7634
7556
7635
7557
7636
7558
7637
7559
7638
7560
7639
7561
7640
7562
7641
7563
7642
7564
7643
7565
7644
7566
7645
7567
7646
7568
7647
7569
7648
7570
7649
7571
7650
7572
7651
7573
7652
7574
7653
7575
7654
7576
7655
7577
7656
7578
7657
7579
7658
7580
7659
7581
7660
7582
7661
7583
7662
7584
7663
7585
7664
7586
7665
7587
7666
7588
7667
7589
7668
7590
7669
7591
7670
7592
7671
7593
7672
7594
7673
7595
7674
7596
7675
7597
7676
7598
7677
7599
7678
7600
7679
7601
7680
7602
7681
7603
7682
7604
7683
7605
7684
7685
7607
7686
7608
7687
7609
7688
7610
7689
7611
7690
7612
7691
7613
7692
7614
7693
7615
7694
7616
7695
7617
7696
7618
7697
7619
7698
7620
7699
7621
7700
7622
7701
7623
7702
7624
7703
7625
7704
7626
7705
7627
7706
7628
7707
7629
7708
7630
7709
7631
7710
7632
7711
7633
7712
7634
7713
7635
7714
7636
7715
7637
7716
7638
7717
7639
7718
7640
7719
7641
7720
7642
7721
7643
7722
7644
7723
7645
7724
7646
7725
7647
7726
7648
7727
7649
7728
7650
7729
7651
7730
7652
7731
7653
7732
7654
7733
7655
7734
7656
7735
7657
7736
7658
7737
7659
7738
7660
7739
7661
7740
7662
7741
7663
7742
7664
7743
7665
7744
7666
7745
7667
7746
7668
7747
7669
7748
7670
7749
7671
7750
7672
7751
7673
7752
7674
7753
7675
7754
7676
7755
7677
7756
7678
7757
7679
7758
7680
7759
7681
7760
7682
7761
7683
7762
7684
7763
7685
7764
7765
7687
7766
7688
7767
7689
7768
7690
7769
7691
7770
7692
7771
7693
7772
7694
7773
7695
7774
7696
7775
7697
7776
7698
7777
7699
7778
7700
7779
7701
7780
7702
7781
7703
7782
7704
7783
7705
7784
7706
7785
7707
7786
7708
7787
7709
7788
7710
7789
7711
7790
7712
7791
7713
7792
7714
7793
7715
7794
7716
7795
7717
7796
7718
7797
7719
7798
7720
7799
7721
7800
7722
7801
7723
7802
7724
7803
7725
7804
7726
7805
7727
7806
7728
7807
7729
7808
7730
7809
7731
7810
7732
7811
7733
7812
7734
7813
7735
7814
7736
7815
7737
7816
7738
7817
7739
7818
7740
7819
7741
7820
7742
7821
7743
7822
7744
7823
7745
7824
7746
7825
7747
7826
7748
7827
7749
7828
7750
7829
7751
7830
7752
7831
7753
7832
7754
7833
7755
7834
7756
7835
7757
7836
7758
7837
7759
7838
7760
7839
7761
7840
7762
7841
7763
7842
7764
7843
7765
7844
7845
7767
7846
7768
7847
7769
7848
7770
7849
7771
7850
7772
7851
7773
7852
7774
7853
7775
7854
7776
7855
7777
7856
7778
7857
7779
7858
7780
7859
7781
7860
7782
7861
7783
7862
7784
7863
7785
7864
7786
7865
7787
7866
7788
7867
7789
7868
7790
7869
7791
7870
7792
7871
7793
7872
7794
7873
7795
7874
7796
7875
7797
7876
7798
7877
7799
7878
7800
7879
7801
7880
7802
7881
7803
7882
7804
7883
7805
7884
7806
7885
7807
7886
7808
7887
7809
7888
7810
7889
7811
7890
7812
7891
7813
7892
7814
7893
7815
7894
7816
7895
7817
7896
7818
7897
7819
7898
7820
7899
7821
7900
7822
7901
7823
7902
7824
7903
7825
7904
7826
7905
7827
7906
7828
7907
7829
7908
7830
7909
7831
7910
7832
7911
7833
7912
7834
7913
7835
7914
7836
7915
7837
7916
7838
7917
7839
7918
7840
7919
7841
7920
7842
7921
7843
7922
7844
7923
7845
7924
7925
7847
7926
7848
7927
7849
7928
7850
7929
7851
7930
7852
7931
7853
7932
7854
7933
7855
7934
7856
7935
7857
7936
7858
7937
7859
7938
7860
7939
7861
7940
7862
7941
7863
7942
7864
7943
7865
7944
7866
7945
7867
7946
7868
7947
7869
7948
7870
7949
7871
7950
7872
7951
7873
7952
7874
7953
7875
7954
7876
7955
7877
7956
7878
7957
7879
7958
7880
7959
7881
7960
7882
7961
7883
7962
7884
7963
7885
7964
7886
7965
7887
7966
7888
7967
7889
7968
7890
7969
7891
7970
7892
7971
7893
7972
7894
7973
7895
7974
7896
7975
7897
7976
7898
7977
7899
7978
7900
7979
7901
7980
7902
7981
7903
7982
7904
7983
7905
7984
7906
7985
7907
7986
7908
7987
7909
7988
7910
7989
7911
7990
7912
7991
7913
7992
7914
7993
7915
7994
7916
7995
7917
7996
7918
7997
7919
7998
7920
7999
7921
8000
7922
8001
7923
8002
7924
8003
7925
8004
8005
7927
8006
7928
8007
7929
8008
7930
8009
7931
8010
7932
8011
7933
8012
7934
8013
7935
8014
7936
8015
7937
8016
7938
8017
7939
8018
7940
8019
7941
8020
7942
8021
7943
8022
7944
8023
7945
8024
7946
8025
7947
8026
7948
8027
7949
8028
7950
8029
7951
8030
7952
8031
7953
8032
7954
8033
7955
8034
7956
8035
7957
8036
7958
8037
7959
8038
7960
8039
7961
8040
7962
8041
7963
8042
7964
8043
7965
8044
7966
8045
7967
8046
7968
8047
7969
8048
7970
8049
7971
8050
7972
8051
7973
8052
7974
8053
7975
8054
7976
8055
7977
8056
7978
8057
7979
8058
7980
8059
7981
8060
7982
8061
7983
8062
7984
8063
7985
8064
7986
8065
7987
8066
7988
8067
7989
8068
7990
8069
7991
8070
7992
8071
7993
8072
7994
8073
7995
8074
7996
8075
7997
8076
7998
8077
7999
8078
8000
8079
8001
8080
8002
8081
8003
8082
8004
8083
8005
8084
8085
8007
8086
8008
8087
8009
8088
8010
8089
8011
8090
8012
8091
8013
8092
8014
8093
8015
8094
8016
8095
8017
8096
8018
8097
8019
8098
8020
8099
8021
8100
8022
8101
8023
8102
8024
8103
8025
8104
8026
8105
8027
8106
8028
8107
8029
8108
8030
8109
8031
8110
8032
8111
8033
8112
8034
8113
8035
8114
8036
8115
8037
8116
8038
8117
8039
8118
8040
8119
8041
8120
8042
8121
8043
8122
8044
8123
8045
8124
8046
8125
8047
8126
8048
8127
8049
8128
8050
8129
8051
8130
8052
8131
8053
8132
8054
8133
8055
8134
8056
8135
8057
8136
8058
8137
8059
8138
8060
8139
8061
8140
8062
8141
8063
8142
8064
8143
8065
8144
8066
8145
8067
8146
8068
8147
8069
8148
8070
8149
8071
8150
8072
8151
8073
8152
8074
8153
8075
8154
8076
8155
8077
8156
8078
8157
8079
8158
8080
8159
8081
8160
8082
8161
8083
8162
8084
8163
8085
8164
8165
8087
8166
8088
8167
8089
8168
8090
8169
8091
8170
8092
8171
8093
8172
8094
8173
8095
8174
8096
8175
8097
8176
8098
8177
8099
8178
8100
8179
8101
8180
8102
8181
8103
8182
8104
8183
8105
8184
8106
8185
8107
8186
8108
8187
8109
8188
8110
8189
8111
8190
8112
8191
8113
8192
8114
8193
8115
8194
8116
8195
8117
8196
8118
8197
8119
8198
8120
8199
8121
8200
8122
8201
8123
8202
8124
8203
8125
8204
8126
8205
8127
8206
8128
8207
8129
8208
8130
8209
8131
8210
8132
8211
8133
8212
8134
8213
8135
8214
8136
8215
8137
8216
8138
8217
8139
8218
8140
8219
8141
8220
8142
8221
8143
8222
8144
8223
8145
8224
8146
8225
8147
8226
8148
8227
8149
8228
8150
8229
8151
8230
8152
8231
8153
8232
8154
8233
8155
8234
8156
8235
8157
8236
8158
8237
8159
8238
8160
8239
8161
8240
8162
8241
8163
8242
8164
8243
8165
8244
8245
8167
8246
8168
8247
8169
8248
8170
8249
8171
8250
8172
8251
8173
8252
8174
8253
8175
8254
8176
8255
8177
8256
8178
8257
8179
8258
8180
8259
8181
8260
8182
8261
8183
8262
8184
8263
8185
8264
8186
8265
8187
8266
8188
8267
8189
8268
8190
8269
8191
8270
8192
8271
8193
8272
8194
8273
8195
8274
8196
8275
8197
8276
8198
8277
8199
8278
8200
8279
8201
8280
8202
8281
8203
8282
8204
8283
8205
8284
8206
8285
8207
8286
8208
8287
8209
8288
8210
8289
8211
8290
8212
8291
8213
8292
8214
8293
8215
8294
8216
8295
8217
8296
8218
8297
8219
8298
8220
8299
8221
8300
8222
8301
8223
8302
8224
8303
8225
8304
8226
8305
8227
8306
8228
8307
8229
8308
8230
8309
8231
8310
8232
8311
8233
8312
8234
8313
8235
8314
8236
8315
8237
8316
8238
8317
8239
8318
8240
8319
8241
8320
8242
8321
8243
8322
8244
8323
8245
8324
8325
8247
8326
8248
8327
8249
8328
8250
8329
8251
8330
8252
8331
8253
8332
8254
8333
8255
8334
8256
8335
8257
8336
8258
8337
8259
8338
8260
8339
8261
8340
8262
8341
8263
8342
8264
8343
8265
8344
8266
8345
8267
8346
8268
8347
8269
8348
8270
8349
8271
8350
8272
8351
8273
8352
8274
8353
8275
8354
8276
8355
8277
8356
8278
8357
8279
8358
8280
8359
8281
8360
8282
8361
8283
8362
8284
8363
8285
8364
8286
8365
8287
8366
8288
8367
8289
8368
8290
8369
8291
8370
8292
8371
8293
8372
8294
8373
8295
8374
8296
8375
8297
8376
8298
8377
8299
8378
8300
8379
8301
8380
8302
8381
8303
8382
8304
8383
8305
8384
8306
8385
8307
8386
8308
8387
8309
8388
8310
8389
8311
8390
8312
8391
8313
8392
8314
8393
8315
8394
8316
8395
8317
8396
8318
8397
8319
8398
8320
8399
8321
8400
8322
8401
8323
8402
8324
8403
8325
8404
8405
8327
8406
8328
8407
8329
8408
8330
8409
8331
8410
8332
8411
8333
8412
8334
8413
8335
8414
8336
8415
8337
8416
8338
8417
8339
8418
8340
8419
8341
8420
8342
8421
8343
8422
8344
8423
8345
8424
8346
8425
8347
8426
8348
8427
8349
8428
8350
8429
8351
8430
8352
8431
8353
8432
8354
8433
8355
8434
8356
8435
8357
8436
8358
8437
8359
8438
8360
8439
8361
8440
8362
8441
8363
8442
8364
8443
8365
8444
8366
8445
8367
8446
8368
8447
8369
8448
8370
8449
8371
8450
8372
8451
8373
8452
8374
8453
8375
8454
8376
8455
8377
8456
8378
8457
8379
8458
8380
8459
8381
8460
8382
8461
8383
8462
8384
8463
8385
8464
8386
8465
8387
8466
8388
8467
8389
8468
8390
8469
8391
8470
8392
8471
8393
8472
8394
8473
8395
8474
8396
8475
8397
8476
8398
8477
8399
8478
8400
8479
8401
8480
8402
8481
8403
8482
8404
8483
8405
8484
8485
8407
8486
8408
8487
8409
8488
8410
8489
8411
8490
8412
8491
8413
8492
8414
8493
8415
8494
8416
8495
8417
8496
8418
8497
8419
8498
8420
8499
8421
8500
8422
8501
8423
8502
8424
8503
8425
8504
8426
8505
8427
8506
8428
8507
8429
8508
8430
8509
8431
8510
8432
8511
8433
8512
8434
8513
8435
8514
8436
8515
8437
8516
8438
8517
8439
8518
8440
8519
8441
8520
8442
8521
8443
8522
8444
8523
8445
8524
8446
8525
8447
8526
8448
8527
8449
8528
8450
8529
8451
8530
8452
8531
8453
8532
8454
8533
8455
8534
8456
8535
8457
8536
8458
8537
8459
8538
8460
8539
8461
8540
8462
8541
8463
8542
8464
8543
8465
8544
8466
8545
8467
8546
8468
8547
8469
8548
8470
8549
8471
8550
8472
8551
8473
8552
8474
8553
8475
8554
8476
8555
8477
8556
8478
8557
8479
8558
8480
8559
8481
8560
8482
8561
8483
8562
8484
8563
8485
8564
8565
8487
8566
8488
8567
8489
8568
8490
8569
8491
8570
8492
8571
8493
8572
8494
8573
8495
8574
8496
8575
8497
8576
8498
8577
8499
8578
8500
8579
8501
8580
8502
8581
8503
8582
8504
8583
8505
8584
8506
8585
8507
8586
8508
8587
8509
8588
8510
8589
8511
8590
8512
8591
8513
8592
8514
8593
8515
8594
8516
8595
8517
8596
8518
8597
8519
8598
8520
8599
8521
8600
8522
8601
8523
8602
8524
8603
8525
8604
8526
8605
8527
8606
8528
8607
8529
8608
8530
8609
8531
8610
8532
8611
8533
8612
8534
8613
8535
8614
8536
8615
8537
8616
8538
8617
8539
8618
8540
8619
8541
8620
8542
8621
8543
8622
8544
8623
8545
8624
8546
8625
8547
8626
8548
8627
8549
8628
8550
8629
8551
8630
8552
8631
8553
8632
8554
8633
8555
8634
8556
8635
8557
8636
8558
8637
8559
8638
8560
8639
8561
8640
8562
8641
8563
8642
8564
8643
8565
8644
8645
8567
8649
8568
8650
8569
8651
8570
8652
8571
8653
8572
8654
8573
8655
8574
8656
8575
8657
8576
8658
8577
8659
8578
8660
8579
8661
8580
8662
8581
8663
8582
8664
8583
8665
8584
8666
8585
8667
8586
8668
8587
8669
8588
8670
8589
8671
8590
8672
8591
8673
8592
8674
8593
8675
8594
8676
8595
8677
8596
8678
8597
8679
8598
8680
8599
8681
8600
8682
8601
8683
8602
8684
8603
8685
8604
8686
8605
8687
8606
8688
8607
8689
8608
8690
8609
8691
8610
8692
8611
8693
8612
8694
8613
8695
8614
8696
8615
8697
8616
8698
8617
8699
8618
8700
8619
8701
8620
8702
8621
8703
8622
8704
8623
8705
8624
8706
8625
8707
8626
8708
8627
8709
8628
8710
8629
8711
8630
8712
8631
8713
8632
8714
8633
8715
8634
8716
8635
8717
8636
8718
8637
8719
8638
8720
8639
8721
8640
8722
8641
8723
8642
8724
8643
8725
8644
8726
8645
8727
8728
8647
8729
8648
8730
8649
8731
8650
8732
8651
8733
8652
8734
8653
8735
8654
8736
8655
8737
8656
8738
8657
8739
8658
8740
8659
8741
8660
8742
8661
8743
8662
8744
8663
8745
8664
8746
8665
8747
8666
8748
8667
8749
8668
8750
8669
8751
8670
8752
8671
8753
8672
8754
8673
8755
8674
8756
8675
8757
8676
8758
8677
8759
8678
8760
8679
8761
8680
8762
8681
8763
8682
8764
8683
8765
8684
8766
8685
8767
8686
8768
8687
8769
8688
8770
8689
8771
8690
8772
8691
8773
8692
8774
8693
8775
8694
8776
8695
8777
8696
8778
8697
8779
8698
8780
8699
8781
8700
8782
8701
8783
8702
8784
8703
8785
8704
8786
8705
8787
8706
8788
8707
8789
8708
8790
8709
8791
8710
8792
8711
8793
8712
8794
8713
8795
8714
8796
8715
8797
8716
8798
8717
8799
8718
8800
8719
8801
8720
8802
8721
8803
8722
8804
8723
8805
8724
8806
8725
8807
8726
8808
8727
8809
8728
8810
8811
8730
8812
8731
8813
8732
8814
8733
8815
8734
8816
8735
8817
8736
8818
8737
8819
8738
8820
8739
8821
8740
8822
8741
8823
8742
8824
8743
8825
8744
8826
8745
8827
8746
8828
8747
8829
8748
8830
8749
8831
8750
8832
8751
8833
8752
8834
8753
8835
8754
8836
8755
8837
8756
8838
8757
8839
8758
8840
8759
8841
8760
8842
8761
8843
8762
8844
8763
8845
8764
8846
8765
8847
8766
8848
8767
8849
8768
8850
8769
8851
8770
8852
8771
8853
8772
8854
8773
8855
8774
8856
8775
8857
8776
8858
8777
8859
8778
8860
8779
8861
8780
8862
8781
8863
8782
8864
8783
8865
8784
8866
8785
8867
8786
8868
8787
8869
8788
8870
8789
8871
8790
8872
8791
8873
8792
8874
8793
8875
8794
8876
8795
8877
8796
8878
8797
8879
8798
8880
8799
8881
8800
8882
8801
8883
8802
8884
8803
8885
8804
8886
8805
8887
8806
8888
8807
8889
8808
8890
8809
8891
8810
8892
8811
8893
8894
8813
8895
8814
8896
8815
8897
8816
8898
8817
8899
8818
8900
8819
8901
8820
8902
8821
8903
8822
8904
8823
8905
8824
8906
8825
8907
8826
8908
8827
8909
8828
8910
8829
8911
8830
8912
8831
8913
8832
8914
8833
8915
8834
8916
8835
8917
8836
8918
8837
8919
8838
8920
8839
8921
8840
8922
8841
8923
8842
8924
8843
8925
8844
8926
8845
8927
8846
8928
8847
8929
8848
8930
8849
8931
8850
8932
8851
8933
8852
8934
8853
8935
8854
8936
8855
8937
8856
8938
8857
8939
8858
8940
8859
8941
8860
8942
8861
8943
8862
8944
8863
8945
8864
8946
8865
8947
8866
8948
8867
8949
8868
8950
8869
8951
8870
8952
8871
8953
8872
8954
8873
8955
8874
8956
8875
8957
8876
8958
8877
8959
8878
8960
8879
8961
8880
8962
8881
8963
8882
8964
8883
8965
8884
8966
8885
8967
8886
8968
8887
8969
8888
8970
8889
8971
8890
8972
8891
8973
8892
8974
8893
8975
8894
8976
8977
8896
8978
8897
8979
8898
8980
8899
8981
8900
8982
8901
8983
8902
8984
8903
8985
8904
8986
8905
8987
8906
8988
8907
8989
8908
8990
8909
8991
8910
8992
8911
8993
8912
8994
8913
8995
8914
8996
8915
8997
8916
8998
8917
8999
8918
9000
8919
9001
8920
9002
8921
9003
8922
9004
8923
9005
8924
9006
8925
9007
8926
9008
8927
9009
8928
9010
8929
9011
8930
9012
8931
9013
8932
9014
8933
9015
8934
9016
8935
9017
8936
9018
8937
9019
8938
9020
8939
9021
8940
9022
8941
9023
8942
9024
8943
9025
8944
9026
8945
9027
8946
9028
8947
9029
8948
9030
8949
9031
8950
9032
8951
9033
8952
9034
8953
9035
8954
9036
8955
9037
8956
9038
8957
9039
8958
9040
8959
9041
8960
9042
8961
9043
8962
9044
8963
9045
8964
9046
8965
9047
8966
9048
8967
9049
8968
9050
8969
9051
8970
9052
8971
9053
8972
9054
8973
9055
8974
9056
8975
9057
8976
9058
8977
9059
9060
8979
9061
8980
9062
8981
9063
8982
9064
8983
9065
8984
9066
8985
9067
8986
9068
8987
9069
8988
9070
8989
9071
8990
9072
8991
9073
8992
9074
8993
9075
8994
9076
8995
9077
8996
9078
8997
9079
8998
9080
8999
9081
9000
9082
9001
9083
9002
9084
9003
9085
9004
9086
9005
9087
9006
9088
9007
9089
9008
9090
9009
9091
9010
9092
9011
9093
9012
9094
9013
9095
9014
9096
9015
9097
9016
9098
9017
9099
9018
9100
9019
9101
9020
9102
9021
9103
9022
9104
9023
9105
9024
9106
9025
9107
9026
9108
9027
9109
9028
9110
9029
9111
9030
9112
9031
9113
9032
9114
9033
9115
9034
9116
9035
9117
9036
9118
9037
9119
9038
9120
9039
9121
9040
9122
9041
9123
9042
9124
9043
9125
9044
9126
9045
9127
9046
9128
9047
9129
9048
9130
9049
9131
9050
9132
9051
9133
9052
9134
9053
9135
9054
9136
9055
9137
9056
9138
9057
9139
9058
9140
9059
9141
9060
9142
9143
9062
9144
9063
9145
9064
9146
9065
9147
9066
9148
9067
9149
9068
9150
9069
9151
9070
9152
9071
9153
9072
9154
9073
9155
9074
9156
9075
9157
9076
9158
9077
9159
9078
9160
9079
9161
9080
9162
9081
9163
9082
9164
9083
9165
9084
9166
9085
9167
9086
9168
9087
9169
9088
9170
9089
9171
9090
9172
9091
9173
9092
9174
9093
9175
9094
9176
9095
9177
9096
9178
9097
9179
9098
9180
9099
9181
9100
9182
9101
9183
9102
9184
9103
9185
9104
9186
9105
9187
9106
9188
9107
9189
9108
9190
9109
9191
9110
9192
9111
9193
9112
9194
9113
9195
9114
9196
9115
9197
9116
9198
9117
9199
9118
9200
9119
9201
9120
9202
9121
9203
9122
9204
9123
9205
9124
9206
9125
9207
9126
9208
9127
9209
9128
9210
9129
9211
9130
9212
9131
9213
9132
9214
9133
9215
9134
9216
9135
9217
9136
9218
9137
9219
9138
9220
9139
9221
9140
9222
9141
9223
9142
9224
9143
9225
9226
9145
9227
9146
9228
9147
9229
9148
9230
9149
9231
9150
9232
9151
9233
9152
9234
9153
9235
9154
9236
9155
9237
9156
9238
9157
9239
9158
9240
9159
9241
9160
9242
9161
9243
9162
9244
9163
9245
9164
9246
9165
9247
9166
9248
9167
9249
9168
9250
9169
9251
9170
9252
9171
9253
9172
9254
9173
9255
9174
9256
9175
9257
9176
9258
9177
9259
9178
9260
9179
9261
9180
9262
9181
9263
9182
9264
9183
9265
9184
9266
9185
9267
9186
9268
9187
9269
9188
9270
9189
9271
9190
9272
9191
9273
9192
9274
9193
9275
9194
9276
9195
9277
9196
9278
9197
9279
9198
9280
9199
9281
9200
9282
9201
9283
9202
9284
9203
9285
9204
9286
9205
9287
9206
9288
9207
9289
9208
9290
9209
9291
9210
9292
9211
9293
9212
9294
9213
9295
9214
9296
9215
9297
9216
9298
9217
9299
9218
9300
9219
9301
9220
9302
9221
9303
9222
9304
9223
9305
9224
9306
9225
9307
9226
9308
9309
9228
9312
9229
9313
9230
9314
9231
9315
9232
9316
9233
9317
9234
9318
9235
9319
9236
9320
9237
9321
9238
9322
9239
9323
9240
9324
9241
9325
9242
9326
9243
9327
9244
9328
9245
9329
9246
9330
9247
9331
9248
9332
9249
9333
9250
9334
9251
9335
9252
9336
9253
9337
9254
9338
9255
9339
9256
9340
9257
9341
9258
9342
9259
9343
9260
9344
9261
9345
9262
9346
9263
9347
9264
9348
9265
9349
9266
9350
9267
9351
9268
9352
9269
9353
9270
9354
9271
9355
9272
9356
9273
9357
9274
9358
9275
9359
9276
9360
9277
9361
9278
9362
9279
9363
9280
9364
9281
9365
9282
9366
9283
9367
9284
9368
9285
9369
9286
9370
9287
9371
9288
9372
9289
9373
9290
9374
9291
9375
9292
9376
9293
9377
9294
9378
9295
9379
9296
9380
9297
9381
9298
9382
9299
9383
9300
9384
9301
9385
9302
9386
9303
9387
9304
9388
9305
9389
9306
9390
9307
9391
9308
9392
9309
9393
9394
9311
9395
9312
9396
9313
9397
9314
9398
9315
9399
9316
9400
9317
9401
9318
9402
9319
9403
9320
9404
9321
9405
9322
9406
9323
9407
9324
9408
9325
9409
9326
9410
9327
9411
9328
9412
9329
9413
9330
9414
9331
9415
9332
9416
9333
9417
9334
9418
9335
9419
9336
9420
9337
9421
9338
9422
9339
9423
9340
9424
9341
9425
9342
9426
9343
9427
9344
9428
9345
9429
9346
9430
9347
9431
9348
9432
9349
9433
9350
9434
9351
9435
9352
9436
9353
9437
9354
9438
9355
9439
9356
9440
9357
9441
9358
9442
9359
9443
9360
9444
9361
9445
9362
9446
9363
9447
9364
9448
9365
9449
9366
9450
9367
9451
9368
9452
9369
9453
9370
9454
9371
9455
9372
9456
9373
9457
9374
9458
9375
9459
9376
9460
9377
9461
9378
9462
9379
9463
9380
9464
9381
9465
9382
9466
9383
9467
9384
9468
9385
9469
9386
9470
9387
9471
9388
9472
9389
9473
9390
9474
9391
9475
9392
9476
9393
9477
9394
9478
9479
9396
9480
9397
9481
9398
9482
9399
9483
9400
9484
9401
9485
9402
9486
9403
9487
9404
9488
9405
9489
9406
9490
9407
9491
9408
9492
9409
9493
9410
9494
9411
9495
9412
9496
9413
9497
9414
9498
9415
9499
9416
9500
9417
9501
9418
9502
9419
9503
9420
9504
9421
9505
9422
9506
9423
9507
9424
9508
9425
9509
9426
9510
9427
9511
9428
9512
9429
9513
9430
9514
9431
9515
9432
9516
9433
9517
9434
9518
9435
9519
9436
9520
9437
9521
9438
9522
9439
9523
9440
9524
9441
9525
9442
9526
9443
9527
9444
9528
9445
9529
9446
9530
9447
9531
9448
9532
9449
9533
9450
9534
9451
9535
9452
9536
9453
9537
9454
9538
9455
9539
9456
9540
9457
9541
9458
9542
9459
9543
9460
9544
9461
9545
9462
9546
9463
9547
9464
9548
9465
9549
9466
9550
9467
9551
9468
9552
9469
9553
9470
9554
9471
9555
9472
9556
9473
9557
9474
9558
9475
9559
9476
9560
9477
9561
9478
9562
9479
9563
9564
9481
9565
9482
9566
9483
9567
9484
9568
9485
9569
9486
9570
9487
9571
9488
9572
9489
9573
9490
9574
9491
9575
9492
9576
9493
9577
9494
9578
9495
9579
9496
9580
9497
9581
9498
9582
9499
9583
9500
9584
9501
9585
9502
9586
9503
9587
9504
9588
9505
9589
9506
9590
9507
9591
9508
9592
9509
9593
9510
9594
9511
9595
9512
9596
9513
9597
9514
9598
9515
9599
9516
9600
9517
9601
9518
9602
9519
9603
9520
9604
9521
9605
9522
9606
9523
9607
9524
9608
9525
9609
9526
9610
9527
9611
9528
9612
9529
9613
9530
9614
9531
9615
9532
9616
9533
9617
9534
9618
9535
9619
9536
9620
9537
9621
9538
9622
9539
9623
9540
9624
9541
9625
9542
9626
9543
9627
9544
9628
9545
9629
9546
9630
9547
9631
9548
9632
9549
9633
9550
9634
9551
9635
9552
9636
9553
9637
9554
9638
9555
9639
9556
9640
9557
9641
9558
9642
9559
9643
9560
9644
9561
9645
9562
9646
9563
9647
9564
9648
9649
9566
9650
9567
9651
9568
9652
9569
9653
9570
9654
9571
9655
9572
9656
9573
9657
9574
9658
9575
9659
9576
9660
9577
9661
9578
9662
9579
9663
9580
9664
9581
9665
9582
9666
9583
9667
9584
9668
9585
9669
9586
9670
9587
9671
9588
9672
9589
9673
9590
9674
9591
9675
9592
9676
9593
9677
9594
9678
9595
9679
9596
9680
9597
9681
9598
9682
9599
9683
9600
9684
9601
9685
9602
9686
9603
9687
9604
9688
9605
9689
9606
9690
9607
9691
9608
9692
9609
9693
9610
9694
9611
9695
9612
9696
9613
9697
9614
9698
9615
9699
9616
9700
9617
9701
9618
9702
9619
9703
9620
9704
9621
9705
9622
9706
9623
9707
9624
9708
9625
9709
9626
9710
9627
9711
9628
9712
9629
9713
9630
9714
9631
9715
9632
9716
9633
9717
9634
9718
9635
9719
9636
9720
9637
9721
9638
9722
9639
9723
9640
9724
9641
9725
9642
9726
9643
9727
9644
9728
9645
9729
9646
9730
9647
9731
9648
9732
9649
9733
9734
9651
9735
9652
9736
9653
9737
9654
9738
9655
9739
9656
9740
9657
9741
9658
9742
9659
9743
9660
9744
9661
9745
9662
9746
9663
9747
9664
9748
9665
9749
9666
9750
9667
9751
9668
9752
9669
9753
9670
9754
9671
9755
9672
9756
9673
9757
9674
9758
9675
9759
9676
9760
9677
9761
9678
9762
9679
9763
9680
9764
9681
9765
9682
9766
9683
9767
9684
9768
9685
9769
9686
9770
9687
9771
9688
9772
9689
9773
9690
9774
9691
9775
9692
9776
9693
9777
9694
9778
9695
9779
9696
9780
9697
9781
9698
9782
9699
9783
9700
9784
9701
9785
9702
9786
9703
9787
9704
9788
9705
9789
9706
9790
9707
9791
9708
9792
9709
9793
9710
9794
9711
9795
9712
9796
9713
9797
9714
9798
9715
9799
9716
9800
9717
9801
9718
9802
9719
9803
9720
9804
9721
9805
9722
9806
9723
9807
9724
9808
9725
9809
9726
9810
9727
9811
9728
9812
9729
9813
9730
9814
9731
9815
9732
9816
9733
9817
9734
9818
9819
9736
9737
9738
9739
9740
9741
9742
9743
9744
9745
9746
9747
9748
9749
9750
9751
9752
9753
9754
9755
9756
9757
9758
9759
9760
9761
9762
9763
9764
9765
9766
9767
9768
9769
9770
9771
9772
9773
9774
9775
9776
9777
9778
9779
9780
9781
9782
9783
9784
9785
9786
9787
9788
9789
9790
9791
9792
9793
9794
9795
9796
9797
9798
9799
9800
9801
9802
9803
9804
9805
9806
9807
9808
9809
9810
9811
9812
9813
9814
9815
9816
9817
9818
9819
)


// ************************************************************************* //
