0.448113 	2.17557e-07 	-1.55821e-07 	0 	1.16737e-07 	0 	2.90192e-07
0.449383 	3.35058e-07 	-2.40117e-07 	0 	1.79997e-07 	0 	4.47643e-07
0.452176 	7.08189e-07 	-5.08559e-07 	0 	3.82022e-07 	0 	9.55915e-07
0.455479 	1.29662e-06 	-9.32562e-07 	0 	7.04852e-07 	0 	1.73167e-06
0.459224 	2.09599e-06 	-1.51062e-06 	0 	1.15969e-06 	0 	2.67184e-06
0.463359 	3.06777e-06 	-2.22127e-06 	0 	1.74491e-06 	0 	3.73191e-06
0.467844 	4.08092e-06 	-2.97354e-06 	0 	2.40086e-06 	0 	4.82041e-06
0.472646 	5.10737e-06 	-3.72451e-06 	0 	3.08492e-06 	0 	5.8959e-06
0.477744 	6.09353e-06 	-4.40332e-06 	0 	3.7359e-06 	0 	6.88508e-06
0.483125 	6.96726e-06 	-4.96691e-06 	0 	4.32396e-06 	0 	7.77451e-06
0.488779 	7.72557e-06 	-5.42155e-06 	0 	4.84994e-06 	0 	8.58442e-06
0.494703 	8.32167e-06 	-5.75019e-06 	0 	5.3152e-06 	0 	9.26567e-06
0.500897 	8.76235e-06 	-5.93761e-06 	0 	5.69584e-06 	0 	9.81758e-06
0.507363 	9.12931e-06 	-6.05624e-06 	0 	6.04191e-06 	0 	1.03117e-05
0.514105 	9.40233e-06 	-6.10953e-06 	0 	6.36382e-06 	0 	1.07236e-05
0.521128 	9.60262e-06 	-6.09309e-06 	0 	6.64801e-06 	0 	1.10573e-05
0.52844 	9.7472e-06 	-6.0265e-06 	0 	6.9103e-06 	0 	1.13266e-05
0.536045 	9.86443e-06 	-5.93309e-06 	0 	7.16876e-06 	0 	1.15529e-05
0.543953 	9.96204e-06 	-5.81698e-06 	0 	7.42658e-06 	0 	1.17381e-05
0.552171 	1.00517e-05 	-5.68877e-06 	0 	7.69257e-06 	0 	1.18913e-05
0.560708 	1.0147e-05 	-5.55829e-06 	0 	7.97511e-06 	0 	1.20283e-05
0.56957 	1.02554e-05 	-5.43025e-06 	0 	8.28205e-06 	0 	1.21578e-05
0.578767 	1.0382e-05 	-5.31077e-06 	0 	8.62069e-06 	0 	1.22914e-05
0.588306 	1.05376e-05 	-5.2103e-06 	0 	9.00031e-06 	0 	1.24375e-05
0.598196 	1.07313e-05 	-5.13613e-06 	0 	9.43029e-06 	0 	1.2606e-05
0.608446 	1.0971e-05 	-5.09126e-06 	0 	9.91559e-06 	0 	1.28035e-05
0.619062 	1.12757e-05 	-5.09493e-06 	0 	1.04688e-05 	0 	1.30394e-05
0.630053 	1.16564e-05 	-5.15136e-06 	0 	1.10942e-05 	0 	1.33243e-05
0.641426 	1.21287e-05 	-5.26915e-06 	0 	1.17987e-05 	0 	1.36677e-05
0.653189 	1.27109e-05 	-5.4586e-06 	0 	1.25926e-05 	0 	1.4084e-05
0.665349 	1.3409e-05 	-5.7206e-06 	0 	1.34777e-05 	0 	1.45839e-05
0.677913 	1.42556e-05 	-6.07317e-06 	0 	1.44689e-05 	0 	1.51927e-05
0.690887 	1.52552e-05 	-6.51367e-06 	0 	1.55695e-05 	0 	1.59053e-05
0.704278 	1.64337e-05 	-7.06152e-06 	0 	1.67993e-05 	0 	1.67331e-05
0.718091 	1.77886e-05 	-7.71677e-06 	0 	1.81596e-05 	0 	1.76741e-05
0.732332 	1.93535e-05 	-8.49773e-06 	0 	1.96549e-05 	0 	1.87319e-05
0.747006 	2.11685e-05 	-9.42058e-06 	0 	2.12945e-05 	0 	1.99233e-05
0.762118 	2.32274e-05 	-1.04871e-05 	0 	2.3067e-05 	0 	2.12801e-05
0.777673 	2.55404e-05 	-1.1701e-05 	0 	2.49572e-05 	0 	2.28402e-05
0.793673 	2.81409e-05 	-1.30722e-05 	0 	2.69481e-05 	0 	2.46304e-05
0.810125 	3.10625e-05 	-1.4595e-05 	0 	2.90239e-05 	0 	2.66143e-05
0.827029 	3.43039e-05 	-1.62538e-05 	0 	3.11481e-05 	0 	2.87262e-05
0.84439 	3.78985e-05 	-1.80535e-05 	0 	3.32758e-05 	0 	3.09136e-05
0.862209 	4.18122e-05 	-1.9977e-05 	0 	3.53554e-05 	0 	3.31321e-05
0.88049 	4.60268e-05 	-2.19871e-05 	0 	3.73403e-05 	0 	3.5365e-05
0.899233 	5.04626e-05 	-2.40052e-05 	0 	3.91502e-05 	0 	3.75303e-05
0.918439 	5.49546e-05 	-2.59073e-05 	0 	4.06754e-05 	0 	3.95873e-05
0.938111 	5.93265e-05 	-2.75637e-05 	0 	4.18117e-05 	0 	4.1412e-05
0.958248 	6.34058e-05 	-2.88964e-05 	0 	4.2484e-05 	0 	4.29472e-05
0.97885 	6.68758e-05 	-2.97918e-05 	0 	4.26314e-05 	0 	4.40997e-05
0.999917 	6.94809e-05 	-3.01521e-05 	0 	4.2175e-05 	0 	4.48146e-05
1.02145 	7.10083e-05 	-2.99161e-05 	0 	4.11128e-05 	0 	4.51376e-05
1.04344 	7.12378e-05 	-2.90354e-05 	0 	3.94812e-05 	0 	4.50047e-05
1.06589 	6.99309e-05 	-2.75237e-05 	0 	3.73802e-05 	0 	4.43788e-05
1.08881 	6.71778e-05 	-2.54947e-05 	0 	3.49446e-05 	0 	4.33457e-05
1.11217 	6.31431e-05 	-2.30913e-05 	0 	3.23469e-05 	0 	4.19706e-05
1.13599 	5.82524e-05 	-2.0476e-05 	0 	2.97459e-05 	0 	4.03572e-05
1.16025 	5.2876e-05 	-1.78593e-05 	0 	2.73129e-05 	0 	3.8581e-05
1.18495 	4.74334e-05 	-1.54097e-05 	0 	2.51724e-05 	0 	3.66981e-05
1.21008 	4.2359e-05 	-1.32379e-05 	0 	2.34133e-05 	0 	3.47587e-05
1.23564 	3.78951e-05 	-1.14133e-05 	0 	2.20409e-05 	0 	3.27774e-05
1.26161 	3.42196e-05 	-9.96148e-06 	0 	2.104e-05 	0 	3.0836e-05
1.288 	3.12526e-05 	-8.8639e-06 	0 	2.03827e-05 	0 	2.89075e-05
1.31477 	2.89394e-05 	-8.07804e-06 	0 	1.9987e-05 	0 	2.70773e-05
1.34193 	2.71702e-05 	-7.54969e-06 	0 	1.97964e-05 	0 	2.54005e-05
1.36946 	2.5852e-05 	-7.23763e-06 	0 	1.97579e-05 	0 	2.38467e-05
1.39735 	2.48985e-05 	-7.08688e-06 	0 	1.98064e-05 	0 	2.24295e-05
1.42558 	2.42161e-05 	-7.03423e-06 	0 	1.98873e-05 	0 	2.11757e-05
1.45413 	2.3722e-05 	-7.04242e-06 	0 	1.99582e-05 	0 	2.00892e-05
1.48298 	2.33713e-05 	-7.09134e-06 	0 	1.99961e-05 	0 	1.91609e-05
1.51211 	2.30899e-05 	-7.14059e-06 	0 	1.99982e-05 	0 	1.84039e-05
1.54151 	2.28434e-05 	-7.18654e-06 	0 	1.99511e-05 	0 	1.77861e-05
1.57115 	2.26323e-05 	-7.22273e-06 	0 	1.98533e-05 	0 	1.72853e-05
1.60101 	2.24775e-05 	-7.25619e-06 	0 	1.96935e-05 	0 	1.6891e-05
1.63106 	2.23732e-05 	-7.29268e-06 	0 	1.94687e-05 	0 	1.65707e-05
1.66127 	2.22865e-05 	-7.32877e-06 	0 	1.91854e-05 	0 	1.62801e-05
1.69162 	2.2194e-05 	-7.35112e-06 	0 	1.88475e-05 	0 	1.60169e-05
1.72209 	2.20716e-05 	-7.35548e-06 	0 	1.84685e-05 	0 	1.57435e-05
1.75264 	2.19299e-05 	-7.33281e-06 	0 	1.80561e-05 	0 	1.54568e-05
1.78325 	2.17531e-05 	-7.27921e-06 	0 	1.76169e-05 	0 	1.51718e-05
1.81388 	2.1534e-05 	-7.19745e-06 	0 	1.71523e-05 	0 	1.48985e-05
1.84451 	2.12489e-05 	-7.09572e-06 	0 	1.66675e-05 	0 	1.46037e-05
1.8751 	2.09152e-05 	-6.96977e-06 	0 	1.61786e-05 	0 	1.42832e-05
1.90563 	2.05825e-05 	-6.82603e-06 	0 	1.56856e-05 	0 	1.3955e-05
1.93607 	2.02145e-05 	-6.66575e-06 	0 	1.52e-05 	0 	1.36303e-05
1.96638 	1.98212e-05 	-6.48919e-06 	0 	1.4724e-05 	0 	1.33172e-05
1.99654 	1.94279e-05 	-6.29911e-06 	0 	1.4252e-05 	0 	1.30119e-05
2.02651 	1.90213e-05 	-6.09256e-06 	0 	1.37832e-05 	0 	1.26842e-05
2.05627 	1.85903e-05 	-5.87266e-06 	0 	1.33268e-05 	0 	1.23374e-05
2.08579 	1.81294e-05 	-5.63935e-06 	0 	1.28864e-05 	0 	1.19936e-05
2.11504 	1.76276e-05 	-5.39528e-06 	0 	1.24596e-05 	0 	1.16669e-05
2.144 	1.71012e-05 	-5.149e-06 	0 	1.20366e-05 	0 	1.13435e-05
2.17264 	1.6554e-05 	-4.89836e-06 	0 	1.16185e-05 	0 	1.10091e-05
2.20093 	1.59969e-05 	-4.64693e-06 	0 	1.12073e-05 	0 	1.0676e-05
2.22885 	1.54362e-05 	-4.39144e-06 	0 	1.08064e-05 	0 	1.03535e-05
2.25639 	1.48882e-05 	-4.13215e-06 	0 	1.04137e-05 	0 	1.00519e-05
2.28351 	1.43554e-05 	-3.87521e-06 	0 	1.00285e-05 	0 	9.7747e-06
2.3102 	1.38353e-05 	-3.62361e-06 	0 	9.65334e-06 	0 	9.52492e-06
2.33644 	1.33277e-05 	-3.37572e-06 	0 	9.28892e-06 	0 	9.29395e-06
2.36222 	1.2836e-05 	-3.12818e-06 	0 	8.93801e-06 	0 	9.07917e-06
2.38752 	1.2377e-05 	-2.88479e-06 	0 	8.60052e-06 	0 	8.87085e-06
2.41232 	1.19614e-05 	-2.64771e-06 	0 	8.27615e-06 	0 	8.67278e-06
2.43662 	1.15816e-05 	-2.41504e-06 	0 	7.96572e-06 	0 	8.48917e-06
2.4604 	1.12224e-05 	-2.18611e-06 	0 	7.66959e-06 	0 	8.3217e-06
2.48366 	1.08791e-05 	-1.96045e-06 	0 	7.3882e-06 	0 	8.16607e-06
2.50638 	1.05563e-05 	-1.73983e-06 	0 	7.11977e-06 	0 	8.02508e-06
2.52857 	1.02582e-05 	-1.5241e-06 	0 	6.86267e-06 	0 	7.90569e-06
2.55021 	9.98335e-06 	-1.3126e-06 	0 	6.61641e-06 	0 	7.80669e-06
2.5713 	9.72876e-06 	-1.1056e-06 	0 	6.38069e-06 	0 	7.72185e-06
2.59184 	9.49548e-06 	-9.03902e-07 	0 	6.15516e-06 	0 	7.64666e-06
2.61184 	9.28967e-06 	-7.08033e-07 	0 	5.93913e-06 	0 	7.58423e-06
2.63128 	9.11254e-06 	-5.19741e-07 	0 	5.73193e-06 	0 	7.53668e-06
2.65017 	8.95884e-06 	-3.40701e-07 	0 	5.53343e-06 	0 	7.50273e-06
2.66852 	8.82545e-06 	-1.72441e-07 	0 	5.34385e-06 	0 	7.47988e-06
2.68633 	8.71116e-06 	-1.51615e-08 	0 	5.16326e-06 	0 	7.46427e-06
2.7036 	8.61607e-06 	1.3214e-07 	0 	4.99131e-06 	0 	7.45641e-06
2.72034 	8.53887e-06 	2.6978e-07 	0 	4.82797e-06 	0 	7.45751e-06
2.73655 	8.47833e-06 	3.98304e-07 	0 	4.6722e-06 	0 	7.46859e-06
2.75225 	8.43482e-06 	5.18205e-07 	0 	4.52149e-06 	0 	7.49036e-06
2.76743 	8.4096e-06 	6.29809e-07 	0 	4.37291e-06 	0 	7.52196e-06
2.78211 	8.40557e-06 	7.32743e-07 	0 	4.22444e-06 	0 	7.56035e-06
2.79629 	8.42408e-06 	8.26118e-07 	0 	4.07533e-06 	0 	7.60194e-06
2.80999 	8.46328e-06 	9.10137e-07 	0 	3.92558e-06 	0 	7.64578e-06
2.82322 	8.52231e-06 	9.85138e-07 	0 	3.77525e-06 	0 	7.69299e-06
2.83598 	8.60246e-06 	1.05164e-06 	0 	3.62393e-06 	0 	7.74334e-06
2.84828 	8.70722e-06 	1.1108e-06 	0 	3.4708e-06 	0 	7.79556e-06
2.86014 	8.84092e-06 	1.16414e-06 	0 	3.315e-06 	0 	7.8484e-06
2.87157 	9.00963e-06 	1.21318e-06 	0 	3.15557e-06 	0 	7.90087e-06
2.88258 	9.22095e-06 	1.25907e-06 	0 	2.99151e-06 	0 	7.95252e-06
2.89317 	9.48227e-06 	1.3026e-06 	0 	2.82192e-06 	0 	8.00185e-06
2.90336 	9.80269e-06 	1.34448e-06 	0 	2.64619e-06 	0 	8.04482e-06
2.91317 	1.0193e-05 	1.3854e-06 	0 	2.46442e-06 	0 	8.07462e-06
2.9226 	1.06652e-05 	1.42579e-06 	0 	2.27719e-06 	0 	8.0837e-06
2.93166 	1.12356e-05 	1.46564e-06 	0 	2.08469e-06 	0 	8.0645e-06
2.94037 	1.19149e-05 	1.50428e-06 	0 	1.88794e-06 	0 	8.01103e-06
2.94873 	1.27145e-05 	1.5401e-06 	0 	1.68813e-06 	0 	7.91589e-06
2.95675 	1.3642e-05 	1.56995e-06 	0 	1.48682e-06 	0 	7.7704e-06
2.96446 	1.46853e-05 	1.58917e-06 	0 	1.28653e-06 	0 	7.56736e-06
2.97185 	1.58128e-05 	1.59153e-06 	0 	1.09016e-06 	0 	7.29787e-06
2.97893 	1.69637e-05 	1.56889e-06 	0 	9.00773e-07 	0 	6.94977e-06
2.98571 	1.80226e-05 	1.51097e-06 	0 	7.21747e-07 	0 	6.51005e-06
2.99221 	1.87912e-05 	1.40651e-06 	0 	5.56943e-07 	0 	5.96936e-06
2.99843 	1.89738e-05 	1.24649e-06 	0 	4.10257e-07 	0 	5.32686e-06
3.00436 	1.82099e-05 	1.0306e-06 	0 	2.84948e-07 	0 	4.5922e-06
3.01002 	1.62101e-05 	7.74864e-07 	0 	1.83273e-07 	0 	3.7859e-06
3.01541 	1.30049e-05 	5.13787e-07 	0 	1.06224e-07 	0 	2.9383e-06
3.02051 	9.09847e-06 	2.88312e-07 	0 	5.30391e-08 	0 	2.08987e-06
3.02532 	5.2211e-06 	1.25274e-07 	0 	2.05805e-08 	0 	1.28567e-06
3.02915 	2.60111e-06 	4.35343e-08 	0 	6.20334e-09 	0 	7.11579e-07
3.03133 	1.47494e-06 	1.79114e-08 	0 	2.17656e-09 	0 	4.38778e-07
