0.00324548 	-0.0009006 	-1.26152e-06 	-1.34885e-06
0.00588241 	-0.00155718 	-2.95485e-06 	-2.45679e-06
0.00889253 	-0.00219132 	-6.35577e-06 	-3.8007e-06
0.0122355 	-0.00277086 	-1.16142e-05 	-5.21041e-06
0.0158787 	-0.00326632 	-1.88505e-05 	-6.442e-06
0.019798 	-0.00367746 	-2.80217e-05 	-7.30202e-06
0.023977 	-0.00400705 	-3.91276e-05 	-7.49495e-06
0.0284056 	-0.00425595 	-5.21927e-05 	-6.84388e-06
0.0330792 	-0.00444606 	-6.69997e-05 	-5.40601e-06
0.0379968 	-0.00458575 	-8.35282e-05 	-3.26895e-06
0.0431607 	-0.00467867 	-0.000101822 	-5.71118e-07
0.0485753 	-0.00473319 	-0.000121803 	2.51455e-06
0.054247 	-0.00475761 	-0.000143374 	5.91695e-06
0.0601834 	-0.00475682 	-0.000166497 	9.71664e-06
0.0663932 	-0.0047341 	-0.000191153 	1.40752e-05
0.0728862 	-0.0046925 	-0.000217337 	1.91198e-05
0.0796726 	-0.00463482 	-0.000245023 	2.4848e-05
0.0867635 	-0.00456328 	-0.000274201 	3.11185e-05
0.0941703 	-0.00447964 	-0.000304868 	3.78028e-05
0.101905 	-0.00438599 	-0.000336992 	4.49041e-05
0.10998 	-0.0042839 	-0.0003706 	5.25286e-05
0.118408 	-0.00417417 	-0.000405704 	6.06671e-05
0.127202 	-0.00405753 	-0.000442298 	6.89106e-05
0.136376 	-0.00393437 	-0.00048037 	7.66501e-05
0.145943 	-0.00380482 	-0.00051993 	8.3347e-05
0.155918 	-0.00366902 	-0.000560992 	8.86253e-05
0.166314 	-0.00352689 	-0.00060352 	9.20913e-05
0.177147 	-0.00337816 	-0.000647499 	9.36134e-05
0.18843 	-0.0032223 	-0.000692985 	9.36208e-05
0.200179 	-0.00305912 	-0.00073989 	9.32375e-05
0.212409 	-0.00288811 	-0.000788164 	9.35737e-05
0.225135 	-0.00270761 	-0.000837919 	9.4829e-05
0.238371 	-0.00251538 	-0.000889266 	9.63879e-05
0.252133 	-0.0023096 	-0.00094223 	9.75108e-05
0.266436 	-0.00208988 	-0.000996933 	9.73668e-05
0.281294 	-0.00185614 	-0.0010538 	9.52735e-05
0.296723 	-0.00160746 	-0.00111312 	9.18338e-05
0.312736 	-0.00134273 	-0.00117479 	8.79863e-05
0.329348 	-0.00106115 	-0.00123879 	8.37456e-05
0.346572 	-0.000762391 	-0.00130531 	7.96086e-05
0.364422 	-0.000446284 	-0.00137351 	7.59083e-05
0.382911 	-0.000112194 	-0.00144196 	7.18521e-05
0.402049 	0.000241108 	-0.00150998 	6.67186e-05
0.421849 	0.00061487 	-0.00157766 	6.15311e-05
0.44232 	0.00101243 	-0.00164574 	5.738e-05
0.463472 	0.00143701 	-0.00171499 	5.36997e-05
0.485314 	0.00189172 	-0.00178523 	4.98512e-05
0.507853 	0.00237901 	-0.00185606 	4.53309e-05
0.531093 	0.00290089 	-0.00192728 	4.18903e-05
0.555041 	0.00345927 	-0.00199892 	3.76535e-05
0.5797 	0.00405202 	-0.00207096 	2.81153e-05
0.60507 	0.00467814 	-0.00214289 	1.08374e-05
0.631151 	0.00533863 	-0.00221294 	-8.4326e-06
0.657943 	0.00603263 	-0.00228007 	-1.97602e-05
0.685441 	0.00676109 	-0.00234301 	-2.02347e-05
0.71364 	0.00752431 	-0.00240185 	-1.64426e-05
0.742532 	0.00832373 	-0.0024558 	-1.73934e-05
0.772108 	0.00915802 	-0.00250398 	-1.96136e-05
0.802357 	0.0100249 	-0.00254669 	-2.13075e-05
0.833265 	0.0109229 	-0.00258536 	-2.1348e-05
0.864816 	0.0118519 	-0.00261999 	-1.75122e-05
0.896992 	0.0128075 	-0.00264955 	-9.84388e-06
0.929775 	0.0137841 	-0.00267228 	-2.14709e-06
0.96314 	0.0147808 	-0.00268768 	4.40029e-06
0.997066 	0.0157887 	-0.00269406 	7.09772e-06
1.03153 	0.0167904 	-0.00268952 	4.91649e-06
1.06649 	0.0177792 	-0.00267335 	2.74628e-06
1.10193 	0.0187417 	-0.00264509 	9.01064e-07
1.13782 	0.0196706 	-0.00260583 	1.07081e-06
1.17411 	0.0205586 	-0.00255707 	5.30899e-06
1.21079 	0.0213942 	-0.00250134 	1.4339e-05
1.2478 	0.0221735 	-0.00243926 	2.66436e-05
1.28512 	0.022891 	-0.0023724 	3.30877e-05
1.3227 	0.0235405 	-0.00230195 	2.91011e-05
1.3605 	0.0241226 	-0.00222897 	2.19784e-05
1.39849 	0.0246439 	-0.00215557 	1.39726e-05
1.43662 	0.0251043 	-0.00208404 	5.79711e-06
1.47486 	0.0255034 	-0.00201549 	1.39362e-06
1.51315 	0.0258503 	-0.00194923 	-8.75506e-07
1.55146 	0.026154 	-0.00188532 	-9.01622e-07
1.58975 	0.0264178 	-0.00182377 	-5.68569e-07
1.62797 	0.0266486 	-0.00176451 	1.31761e-06
1.66608 	0.0268549 	-0.00170763 	3.51155e-06
1.70405 	0.027043 	-0.00165294 	5.96003e-06
1.74183 	0.0272165 	-0.00160076 	8.68119e-06
1.77937 	0.0273797 	-0.00155095 	1.45989e-05
1.81666 	0.0275381 	-0.00150302 	2.29455e-05
1.85364 	0.0276915 	-0.00145659 	3.38386e-05
1.89027 	0.0278377 	-0.00141187 	4.77064e-05
1.92654 	0.0279797 	-0.00136854 	6.23789e-05
1.9624 	0.0281192 	-0.00132601 	7.63565e-05
1.99782 	0.0282562 	-0.00128427 	8.96707e-05
2.03277 	0.028391 	-0.0012436 	0.000102187
2.06723 	0.028523 	-0.00120413 	0.000113118
2.10116 	0.0286511 	-0.00116606 	0.000122691
2.13455 	0.0287746 	-0.00112897 	0.000131097
2.16737 	0.0288921 	-0.00109267 	0.000138406
2.1996 	0.0290022 	-0.00105726 	0.000144547
2.23122 	0.0291041 	-0.00102258 	0.000147885
2.26222 	0.0291984 	-0.000988467 	0.000148052
2.29257 	0.0292865 	-0.000954927 	0.000145143
2.32228 	0.0293689 	-0.000921974 	0.00014175
2.35132 	0.0294442 	-0.00088973 	0.000139011
2.3797 	0.0295103 	-0.000858201 	0.000137239
2.40739 	0.0295659 	-0.000827389 	0.000137447
2.4344 	0.0296115 	-0.000797395 	0.000138601
2.46072 	0.0296476 	-0.00076832 	0.000139063
2.48635 	0.0296748 	-0.000740092 	0.000138294
2.51129 	0.029693 	-0.000712641 	0.000136444
2.53554 	0.0297013 	-0.000685928 	0.00013347
2.55911 	0.0296995 	-0.000660047 	0.000129271
2.58199 	0.029688 	-0.000635028 	0.000124243
2.60419 	0.0296673 	-0.000610736 	0.000119405
2.62572 	0.0296371 	-0.000587136 	0.000115264
2.64658 	0.0295971 	-0.000564274 	0.000111576
2.66679 	0.0295472 	-0.000542155 	0.000107919
2.68634 	0.0294871 	-0.00052082 	0.000103859
2.70526 	0.0294173 	-0.000500149 	9.91396e-05
2.72355 	0.0293373 	-0.000480016 	9.39457e-05
2.74123 	0.0292465 	-0.000460333 	8.85095e-05
2.7583 	0.0291436 	-0.000441076 	8.29183e-05
2.77477 	0.0290275 	-0.000422179 	7.69276e-05
2.79067 	0.0288967 	-0.0004035 	7.03268e-05
2.80599 	0.0287491 	-0.000384956 	6.3576e-05
2.82077 	0.0285827 	-0.00036652 	5.74951e-05
2.835 	0.0283945 	-0.000348166 	5.26266e-05
2.84871 	0.0281812 	-0.000329813 	4.93069e-05
2.8619 	0.0279394 	-0.000311389 	4.76674e-05
2.8746 	0.027665 	-0.000292807 	4.74276e-05
2.88681 	0.0273525 	-0.000274007 	4.8151e-05
2.89855 	0.0269943 	-0.000254929 	4.96314e-05
2.90983 	0.0265806 	-0.000235533 	5.17398e-05
2.92067 	0.0261021 	-0.00021584 	5.41637e-05
2.93107 	0.0255466 	-0.000195896 	5.64331e-05
2.94105 	0.0248959 	-0.000175715 	5.80534e-05
2.95063 	0.0241303 	-0.000155382 	5.86736e-05
2.9598 	0.0232278 	-0.000135101 	5.81607e-05
2.96859 	0.0221576 	-0.000115091 	5.65358e-05
2.97699 	0.0208886 	-9.55911e-05 	5.39593e-05
2.98501 	0.0193949 	-7.69814e-05 	5.06631e-05
2.99265 	0.017636 	-5.96997e-05 	4.6778e-05
2.99991 	0.0155803 	-4.41599e-05 	4.22623e-05
3.00677 	0.0132491 	-3.07647e-05 	3.69671e-05
3.01322 	0.0107094 	-1.98193e-05 	3.07868e-05
3.01921 	0.00807133 	-1.14346e-05 	2.38686e-05
3.02472 	0.00548273 	-5.54459e-06 	1.66326e-05
3.02967 	0.00310002 	-2.09122e-06 	9.59848e-06
3.034 	0.000989761 	-4.86756e-07 	3.09866e-06
