/*--------------------------------*- C++ -*----------------------------------*\
| =========                 |                                                 |
| \\      /  F ield         | OpenFOAM: The Open Source CFD Toolbox           |
|  \\    /   O peration     | Version:  2.4.0                                 |
|   \\  /    A nd           | Web:      www.OpenFOAM.org                      |
|    \\/     M anipulation  |                                                 |
\*---------------------------------------------------------------------------*/
FoamFile
{
    version     2.0;
    format      ascii;
    class       volVectorField;
    location    "8177";
    object      wallShearStress;
}
// * * * * * * * * * * * * * * * * * * * * * * * * * * * * * * * * * * * * * //

dimensions      [0 2 -2 0 0 0 0];

internalField   uniform (0 0 0);

boundaryField
{
    inlet
    {
        type            cyclic;
    }
    outlet
    {
        type            cyclic;
    }
    top
    {
        type            calculated;
        value           nonuniform List<vector> 
200
(
(-0.006390766 1.1603509e-06 1.0835108e-21)
(-0.0036783881 -2.5906745e-07 3.116714e-23)
(-0.0055410428 -9.5075946e-07 9.1389968e-25)
(-0.0046307272 8.6091871e-07 -1.8888079e-24)
(-0.0049991161 -3.1731486e-07 2.7985724e-25)
(-0.0048254413 1.9315062e-07 4.4682175e-24)
(-0.0048831299 -6.086283e-08 4.474158e-11)
(-0.0048495496 2.813085e-08 4.6228613e-11)
(-0.00485609 4.0478039e-09 2.4055392e-23)
(-0.0048433656 5.2019533e-08 2.1829614e-23)
(-0.0048353232 7.8270797e-08 -2.3325039e-24)
(-0.0048220161 1.1563988e-07 5.4036823e-11)
(-0.0048079062 1.4644631e-07 5.5720335e-11)
(-0.0047916687 1.7647166e-07 -2.2289902e-23)
(-0.00477423 2.0237986e-07 -2.309757e-23)
(-0.0047555487 2.248813e-07 1.0188379e-23)
(-0.0047359564 2.4468268e-07 2.5435085e-22)
(-0.0047151491 2.6240942e-07 1.6951324e-22)
(-0.004693247 2.7424004e-07 -3.8809379e-23)
(-0.0046707676 2.8144008e-07 2.29004e-22)
(-0.0046477715 2.8531764e-07 7.6453478e-22)
(-0.0046243697 2.8619787e-07 5.203675e-22)
(-0.0046006194 2.845993e-07 9.7659033e-24)
(-0.0045765626 2.8075017e-07 2.7735196e-23)
(-0.0045522282 2.7481085e-07 -3.2391379e-23)
(-0.0045276447 2.6693355e-07 8.3422401e-24)
(-0.0045028926 2.5614728e-07 -2.5109319e-24)
(-0.0044781963 2.4457798e-07 -3.3462532e-23)
(-0.0044533632 2.3282977e-07 5.7391326e-22)
(-0.0044283633 2.2029202e-07 1.1516247e-21)
(-0.0044031616 2.0654655e-07 5.9421697e-22)
(-0.0043778757 1.9208397e-07 6.7362979e-11)
(-0.0043523862 1.7677378e-07 6.7197064e-11)
(-0.0043269101 1.6078893e-07 2.0979562e-24)
(-0.0043013289 1.4517453e-07 -2.7267572e-23)
(-0.0042757677 1.3049746e-07 5.109538e-24)
(-0.0042499137 1.1642576e-07 6.520142e-11)
(-0.0042240542 1.0105613e-07 6.4726488e-11)
(-0.0041981493 8.5893681e-08 -1.1479852e-22)
(-0.0041725148 7.1153058e-08 -7.664955e-26)
(-0.0041469138 5.7607289e-08 -5.3649941e-22)
(-0.004121654 4.4789256e-08 -5.4033823e-22)
(-0.004096575 3.1658342e-08 -9.6348352e-23)
(-0.0040721853 2.0974883e-08 1.4718404e-22)
(-0.0040476247 6.2081304e-09 2.4977581e-22)
(-0.0040247777 2.5656325e-09 -2.4874688e-22)
(-0.0039982651 1.5379052e-08 -2.7351626e-22)
(-0.003971525 -3.0311633e-08 -6.0429762e-24)
(-0.0039490042 -4.6244529e-08 9.6259265e-25)
(-0.0039263031 -5.4421598e-08 -2.0998376e-22)
(-0.0039043197 -5.9393388e-08 -2.0635093e-22)
(-0.0038824875 -6.2786495e-08 -7.5677648e-25)
(-0.0038609234 -6.5208162e-08 8.0462386e-25)
(-0.0038395415 -6.6879562e-08 -1.679265e-24)
(-0.0038183552 -6.8001696e-08 1.9705773e-22)
(-0.0037973608 -6.867272e-08 1.9595353e-22)
(-0.0037765678 -6.8900021e-08 6.5620807e-25)
(-0.00375598 -6.8714002e-08 -1.5296479e-24)
(-0.0037356074 -6.8191729e-08 -1.4776994e-24)
(-0.0037154618 -6.7324261e-08 1.4939291e-24)
(-0.0036955517 -6.6127417e-08 5.7865449e-25)
(-0.0036758878 -6.4645534e-08 -1.2903299e-24)
(-0.0036564817 -6.2879711e-08 -4.9624155e-25)
(-0.0036373422 -6.0843519e-08 1.7686608e-22)
(-0.0036184789 -5.8587197e-08 1.7500495e-22)
(-0.0035999047 -5.6110522e-08 4.9673414e-25)
(-0.003581627 -5.3410745e-08 -1.709711e-22)
(-0.0035636544 -5.054142e-08 -1.6721174e-22)
(-0.0035459992 -4.7517052e-08 1.6605514e-22)
(-0.0035286683 -4.4317426e-08 1.6139118e-22)
(-0.0035116694 -4.1004721e-08 5.0626683e-25)
(-0.0034950125 -3.758312e-08 3.3261773e-25)
(-0.0034787058 -3.4059794e-08 1.5475077e-22)
(-0.0034627547 -3.0440324e-08 1.5174427e-22)
(-0.0034471666 -2.6786279e-08 4.4191754e-26)
(-0.0034319509 -2.3076722e-08 2.2487877e-25)
(-0.0034171114 -1.9320727e-08 -1.6639318e-25)
(-0.0034026535 -1.5556947e-08 1.4086798e-22)
(-0.0033885857 -1.181643e-08 1.3703367e-22)
(-0.0033749122 -8.0674331e-09 1.3466328e-22)
(-0.0033616363 -4.3576545e-09 2.6245379e-22)
(-0.0033487645 -7.1044943e-10 1.2809404e-22)
(-0.0033363018 2.8825684e-09 3.4449126e-26)
(-0.0033242504 6.4118825e-09 -1.2543173e-26)
(-0.0033126149 9.8411177e-09 8.5113825e-27)
(-0.0033014 1.3163803e-08 -5.2270821e-26)
(-0.0032906083 1.6363409e-08 7.7575767e-26)
(-0.0032802422 1.943896e-08 -2.2206529e-26)
(-0.0032703061 2.2346896e-08 1.0371085e-22)
(-0.0032608029 2.5114486e-08 1.002007e-22)
(-0.0032517332 2.7709075e-08 1.846447e-26)
(-0.003243102 3.0093764e-08 1.5421687e-26)
(-0.0032349112 3.2294355e-08 -6.2828712e-26)
(-0.0032271621 3.4292654e-08 8.4398162e-23)
(-0.0032198583 3.6045145e-08 8.0266224e-23)
(-0.0032130022 3.7576678e-08 7.5923666e-23)
(-0.0032065954 3.8856317e-08 1.4351138e-22)
(-0.0032006408 3.986455e-08 1.3450174e-22)
(-0.0031951409 4.0597545e-08 6.2786176e-23)
(-0.0031900981 4.1048105e-08 -1.0460624e-26)
(-0.0031855148 4.1192598e-08 -1.161062e-26)
(-0.0031813937 4.1032102e-08 -4.8540114e-23)
(-0.0031777381 4.0539884e-08 -8.7225168e-23)
(-0.0031745505 3.9711659e-08 -7.7173358e-23)
(-0.0031718339 3.853114e-08 -3.3622259e-23)
(-0.0031695921 3.6986489e-08 -2.7708283e-23)
(-0.0031678282 3.5056025e-08 -2.2666674e-23)
(-0.003166546 3.2736556e-08 1.2861661e-25)
(-0.0031657493 3.0018212e-08 -2.29051e-25)
(-0.0031654423 2.6865365e-08 5.4087097e-26)
(-0.0031656307 2.3251187e-08 5.5170113e-25)
(-0.0031663219 1.9137726e-08 6.725107e-24)
(-0.0031675286 1.448479e-08 4.5551896e-25)
(-0.0031692634 9.2918238e-09 -4.2197511e-23)
(-0.0031715368 3.5916411e-09 -2.7202215e-23)
(-0.0031743518 -2.5821866e-09 -4.8232753e-26)
(-0.0031777115 -9.2437424e-09 -7.5097991e-25)
(-0.0031816178 -1.6415628e-08 5.0947437e-23)
(-0.0031860756 -2.4102022e-08 1.1505476e-22)
(-0.0031910864 -3.2335002e-08 1.3259108e-22)
(-0.0031966576 -4.1136328e-08 7.485496e-23)
(-0.0032027916 -5.0528416e-08 8.1553037e-23)
(-0.0032094989 -6.0519821e-08 9.1838e-23)
(-0.0032167792 -7.1141476e-08 -2.0834878e-24)
(-0.0032246471 -8.239932e-08 -6.5077388e-26)
(-0.0032330989 -9.4321732e-08 7.9232292e-25)
(-0.0032421546 -1.0691111e-07 1.2859961e-22)
(-0.003251804 -1.2021628e-07 2.7439005e-22)
(-0.0032620783 -1.3419895e-07 2.9604858e-22)
(-0.0032729492 -1.4895086e-07 1.588859e-22)
(-0.003284468 -1.6452012e-07 1.7068652e-22)
(-0.0032966184 -1.8083497e-07 1.7775614e-22)
(-0.0033094131 -1.9791817e-07 -5.0340017e-26)
(-0.003322859 -2.1581888e-07 -2.0117638e-22)
(-0.0033369595 -2.3453514e-07 -2.1505373e-22)
(-0.0033517291 -2.5412636e-07 -5.1230256e-26)
(-0.0033671686 -2.7455282e-07 4.7855857e-22)
(-0.0033832906 -2.9585825e-07 7.5492765e-22)
(-0.0034000908 -3.1800425e-07 2.6481965e-22)
(-0.0034175833 -3.4107731e-07 -1.9400049e-25)
(-0.0034357629 -3.6499795e-07 -1.9180503e-24)
(-0.0034546425 -3.8984685e-07 1.2017876e-24)
(-0.0034742074 -4.1552687e-07 1.8216047e-24)
(-0.0034944786 -4.4218062e-07 3.3227093e-22)
(-0.0035154293 -4.6963571e-07 6.9560926e-22)
(-0.0035370922 -4.9808198e-07 3.6393998e-22)
(-0.0035594107 -5.2723631e-07 3.7892125e-22)
(-0.0035824603 -5.5745996e-07 3.9173476e-22)
(-0.0036060892 -5.8818634e-07 -9.6148087e-25)
(-0.0036305585 -6.2036791e-07 -3.5877056e-25)
(-0.0036553387 -6.5216023e-07 -7.546157e-25)
(-0.0036814379 -6.8760773e-07 1.1897592e-24)
(-0.003706919 -7.209598e-07 2.8794739e-25)
(-0.0037363277 -7.9124492e-07 1.0440535e-21)
(-0.0037669866 -8.2157033e-07 1.0409954e-21)
(-0.0037950011 -8.4559856e-07 -9.4740656e-25)
(-0.0038237716 -8.7941816e-07 6.4587937e-25)
(-0.003852528 -9.1083166e-07 -9.9031774e-25)
(-0.0038820062 -9.4353477e-07 8.6251809e-25)
(-0.0039123561 -9.7626282e-07 3.8461418e-25)
(-0.0039436005 -1.0055745e-06 -3.2184582e-26)
(-0.0039755507 -1.0306711e-06 8.070029e-25)
(-0.0040081636 -1.0517039e-06 1.2166963e-21)
(-0.004041389 -1.0685151e-06 1.2363214e-21)
(-0.0040750988 -1.0790078e-06 2.196368e-24)
(-0.0041091143 -1.0833655e-06 -6.4032133e-25)
(-0.0041434092 -1.0831506e-06 6.0544601e-24)
(-0.0041780586 -1.0783932e-06 6.2407262e-24)
(-0.0042129462 -1.0688813e-06 -6.9715175e-24)
(-0.0042479816 -1.0540836e-06 1.2146914e-21)
(-0.004283057 -1.0348057e-06 2.3980249e-21)
(-0.0043181251 -1.0114165e-06 1.1676381e-21)
(-0.0043530087 -9.8377199e-07 7.7508335e-24)
(-0.0043877248 -9.536502e-07 -5.0773169e-24)
(-0.0044222376 -9.2104262e-07 -7.2407143e-24)
(-0.0044565344 -8.8561527e-07 -2.115155e-23)
(-0.0044903079 -8.4547911e-07 -1.8940031e-23)
(-0.0045234706 -8.0265306e-07 2.67555e-23)
(-0.0045559804 -7.565337e-07 9.2390663e-22)
(-0.0045877333 -7.0719721e-07 9.1775527e-22)
(-0.0046186374 -6.5473444e-07 2.1684068e-24)
(-0.0046485935 -5.991045e-07 2.5785489e-23)
(-0.004677572 -5.4022989e-07 3.8637682e-22)
(-0.0047051881 -4.7601659e-07 3.4657722e-22)
(-0.0047312059 -4.1093677e-07 3.4433103e-22)
(-0.0047558256 -3.4604756e-07 -8.5882501e-24)
(-0.0047791123 -2.8120185e-07 -2.791696e-22)
(-0.0048003825 -2.1929195e-07 -5.0763328e-23)
(-0.0048208033 -1.5897751e-07 -5.760618e-23)
(-0.0048371815 -1.0583925e-07 -1.8147683e-23)
(-0.0048554683 -5.021332e-08 2.217403e-23)
(-0.0048620662 -2.0564585e-08 1.8014429e-22)
(-0.0048847809 3.8904186e-08 5.5575136e-23)
(-0.0048646471 -7.8988996e-09 7.5475481e-25)
(-0.0049308731 8.6196133e-08 -3.6293595e-24)
(-0.0048219884 -9.956956e-08 -6.5159772e-24)
(-0.0050665341 1.9624093e-07 7.9577601e-24)
(-0.0046041317 -2.552049e-07 3.7472319e-24)
(-0.005517429 1.5187766e-07 -3.6410167e-22)
(-0.0038355683 -1.8951073e-07 5.5665408e-22)
)
;
    }
    hills
    {
        type            calculated;
        value           nonuniform List<vector> 
200
(
(-0.0051283834 -2.0298648e-05 3.2493214e-21)
(-0.0041667024 5.4490772e-06 4.5405873e-21)
(-0.0062354212 0.00016957256 7.3391233e-22)
(-0.0049190537 0.00038175688 2.9339163e-20)
(-0.0041011871 0.00061258897 -8.8793409e-20)
(-0.0015235534 0.00038110904 -3.0579564e-19)
(0.00052409586 -0.00016843255 1.0647453e-19)
(0.0020540149 -0.00095429312 6.0761614e-20)
(0.0020991678 -0.0011896495 4.9289919e-19)
(0.0019732057 -0.0012776974 -2.4554937e-19)
(0.0017430173 -0.001241206 -2.4617558e-19)
(0.0015306316 -0.0011669692 -5.2607155e-19)
(0.0013686783 -0.0010955317 -5.0662224e-19)
(0.0012437274 -0.0010286404 -2.9104705e-19)
(0.0011403311 -0.00096162697 2.3096669e-21)
(0.001048363 -0.00089035953 -1.4135328e-19)
(0.00096234884 -0.0008135971 -1.8382118e-20)
(0.00089249784 -0.00074428143 1.0907566e-19)
(0.00084203037 -0.00069201351 1.1901303e-19)
(0.0008014008 -0.00064993268 1.7213852e-19)
(0.00077124326 -0.0006180225 1.046579e-19)
(0.00075166706 -0.0005959813 -9.4897328e-20)
(0.00074241597 -0.00058332371 -3.4737248e-19)
(0.00074475987 -0.00058063858 9.8102937e-20)
(0.00075762501 -0.00058703837 1.2723528e-19)
(0.00078086812 -0.00060209694 -3.2527575e-19)
(0.00080939597 -0.00062183798 1.7719072e-19)
(0.00083623754 -0.00063871361 1.9180596e-19)
(0.00086211313 -0.00065106395 -1.5239124e-19)
(0.00088771819 -0.00065886446 3.5499493e-19)
(0.00091165706 -0.00066070448 -4.2584045e-20)
(0.00093279973 -0.00065545041 2.3047618e-19)
(0.00094973353 -0.00064190071 3.0058533e-19)
(0.00096085102 -0.00061892583 -1.7284432e-19)
(0.00096535728 -0.00058609266 -3.2546237e-19)
(0.00096564025 -0.00054542769 1.4253443e-19)
(0.00096884719 -0.00050263965 -4.7353898e-20)
(0.00097348223 -0.00045895822 -1.0887328e-19)
(0.00097576143 -0.00041272463 1.6017506e-19)
(0.00097425448 -0.00036371554 -5.3537118e-20)
(0.00097095753 -0.00031320859 -4.4427298e-20)
(0.00096035307 -0.00026008908 -1.4741666e-19)
(0.0009522708 -0.00020759491 -4.4024307e-20)
(0.00093159765 -0.00015311217 1.0857153e-20)
(0.00093405013 -0.00010262089 -6.8838316e-20)
(0.00091946863 -5.0836927e-05 -2.8582655e-21)
(0.001092584 -9.2977795e-06 -6.1060768e-22)
(0.0013460467 -2.1190487e-06 -6.4013478e-25)
(0.0014774168 -1.6512119e-06 7.7028029e-24)
(0.0015960288 -1.4182858e-06 -7.8382211e-24)
(0.0016720389 -1.2586672e-06 4.5480517e-24)
(0.0017375456 -1.1324364e-06 -1.2005622e-24)
(0.0017817339 -1.0382349e-06 -7.2141549e-24)
(0.0018172365 -9.5177816e-07 4.2884303e-24)
(0.0018399729 -8.7999904e-07 -6.7749762e-26)
(0.00185555 -8.1142012e-07 1.4459656e-24)
(0.0018626083 -7.5041477e-07 -1.3722675e-22)
(0.0018638514 -6.9012267e-07 -8.7114678e-23)
(0.0018587264 -6.3239166e-07 2.5785121e-23)
(0.0018485821 -5.7555438e-07 3.4866126e-24)
(0.001833466 -5.2099805e-07 -1.682994e-23)
(0.0018141802 -4.6756352e-07 -4.9298659e-23)
(0.0017909255 -4.1592379e-07 -1.2255644e-24)
(0.0017642291 -3.655658e-07 -8.4800947e-27)
(0.001734338 -3.1686541e-07 -9.8282033e-25)
(0.0017016357 -2.6961583e-07 -8.4575867e-25)
(0.0016663725 -2.240894e-07 1.3809514e-24)
(0.0016288579 -1.8021258e-07 9.3282001e-23)
(0.0015893304 -1.3816055e-07 2.0637551e-22)
(0.0015480521 -9.796872e-08 1.0976816e-22)
(0.0015052434 -5.9661847e-08 1.6807904e-25)
(0.0014611246 -2.3257951e-08 -2.9853207e-25)
(0.0014158907 1.1246864e-08 1.141945e-25)
(0.0013697298 4.3926906e-08 -8.2990301e-26)
(0.0013228018 7.4791844e-08 -3.1638361e-25)
(0.0012752675 1.0361127e-07 -1.7417177e-25)
(0.0012273124 1.3033932e-07 -1.4357378e-22)
(0.0011790796 1.554722e-07 -1.4627842e-22)
(0.0011306483 1.7899216e-07 2.2851568e-26)
(0.0010821558 2.0065589e-07 -8.3340502e-27)
(0.0010337115 2.2068462e-07 -3.8786585e-27)
(0.00098540428 2.3912356e-07 1.518037e-22)
(0.00093733202 2.5598206e-07 1.5293362e-22)
(0.00088957378 2.7139627e-07 8.8426326e-26)
(0.00084219249 2.8537526e-07 7.8334216e-26)
(0.00079526464 2.9798152e-07 -3.9139848e-25)
(0.00074884919 3.093564e-07 2.3507504e-25)
(0.00070298395 3.1955142e-07 2.7756448e-25)
(0.00065772148 3.2854361e-07 -1.39731e-25)
(0.00061310478 3.3647429e-07 6.6139204e-26)
(0.00056916517 3.4339887e-07 7.1885837e-26)
(0.00052593025 3.4939891e-07 1.4546964e-22)
(0.0004834245 3.5444259e-07 1.4441141e-22)
(0.0004416773 3.587113e-07 -6.2690134e-25)
(0.00040069395 3.6221489e-07 7.766864e-26)
(0.00036049648 3.649783e-07 5.8765332e-26)
(0.00032108739 3.6716263e-07 1.3639219e-22)
(0.00028247633 3.6867774e-07 1.3434489e-22)
(0.00024467192 3.6951533e-07 1.1867294e-25)
(0.00020770184 3.6930084e-07 -9.437904e-27)
(0.00017164662 3.6789696e-07 -2.7545383e-26)
(0.00013655274 3.6560814e-07 -6.5259672e-26)
(0.00010245518 3.6267228e-07 -1.2072682e-22)
(6.9359764e-05 3.5934096e-07 -1.1790596e-22)
(3.725046e-05 3.5584606e-07 1.53507e-25)
(6.1039814e-06 3.5223219e-07 3.7206191e-26)
(-2.4105411e-05 3.4855122e-07 1.0915885e-22)
(-5.34104e-05 3.4479646e-07 -5.5139066e-25)
(-8.1823954e-05 3.4081295e-07 -1.0425487e-22)
(-0.00010934221 3.3657095e-07 3.3949867e-26)
(-0.00013597805 3.3218707e-07 1.480206e-24)
(-0.0001617364 3.2756235e-07 3.7785499e-27)
(-0.00018661541 3.2277197e-07 1.2817194e-25)
(-0.00021062529 3.1782134e-07 -1.3283153e-24)
(-0.00023375935 3.1267501e-07 6.3974281e-26)
(-0.00025602298 3.0744257e-07 1.1385619e-25)
(-0.00027742245 3.0204829e-07 1.5149114e-24)
(-0.00029794608 2.9648802e-07 -1.3628402e-24)
(-0.00031759903 2.9087841e-07 -1.3645484e-24)
(-0.00033638212 2.8513004e-07 1.5643859e-24)
(-0.0003542827 2.7924217e-07 -6.9659848e-23)
(-0.00037129974 2.7330025e-07 -6.8227767e-23)
(-0.00038743182 2.672466e-07 6.3909295e-23)
(-0.0004026598 2.6105612e-07 6.0921536e-23)
(-0.00041697982 2.5483809e-07 1.8750486e-24)
(-0.00043038078 2.4847442e-07 -5.4862014e-23)
(-0.00044284272 2.4198968e-07 -5.1454996e-23)
(-0.00045434712 2.3542684e-07 9.7130716e-23)
(-0.00046488398 2.2874276e-07 9.0566725e-23)
(-0.00047441165 2.218671e-07 7.4011169e-26)
(-0.00048291951 2.1492733e-07 -4.1758097e-23)
(-0.00049035849 2.07743e-07 -3.1379149e-23)
(-0.00049671241 2.004088e-07 -3.4697452e-24)
(-0.00050190222 1.9279213e-07 1.919013e-24)
(-0.00050593355 1.850009e-07 -1.8058993e-24)
(-0.00050866604 1.7676412e-07 1.3403816e-17)
(-0.00051015171 1.6840862e-07 1.3556145e-17)
(-0.00051015254 1.5956877e-07 1.9787864e-24)
(-0.00050885913 1.506496e-07 -1.3810016e-17)
(-0.0005057897 1.4032706e-07 -1.396767e-17)
(-0.00050130139 1.2970078e-07 -7.5575388e-24)
(-0.00049448708 1.1691143e-07 1.9358737e-24)
(-0.00048621442 1.0452028e-07 -3.6919192e-24)
(-0.00047477008 8.8805433e-08 1.9578562e-24)
(-0.00046211034 7.4250319e-08 4.2266793e-24)
(-0.00044475515 5.3877262e-08 -7.9686259e-24)
(-0.00042700623 3.6468864e-08 6.2330142e-24)
(-0.00040170921 7.4815871e-09 -8.1942489e-24)
(-0.00037797511 -1.5214412e-08 1.4788543e-23)
(-0.00034107163 -6.1062453e-08 -8.3096334e-24)
(-0.00031002054 -9.5635344e-08 -1.9749957e-24)
(-0.00025428792 -1.7789223e-07 4.8497432e-26)
(-0.00021313527 -2.5910802e-07 5.0975763e-26)
(-0.00012008288 -1.3076828e-06 9.4490147e-22)
(-4.9637077e-05 -2.9337417e-06 6.7077652e-20)
(-6.2194398e-05 -7.2332645e-06 1.0390672e-20)
(-6.6404218e-05 -1.1593584e-05 -2.1321292e-20)
(-9.8455669e-05 -2.2458831e-05 1.7853051e-20)
(-0.00012728653 -3.577912e-05 -1.086989e-19)
(-0.00016976332 -5.6316044e-05 -8.236552e-20)
(-0.0002132488 -8.14656e-05 1.7022926e-19)
(-0.00026782962 -0.00011536034 -3.7618073e-20)
(-0.00032727384 -0.00015656299 -7.414591e-20)
(-0.00039749003 -0.00020850899 -7.2447935e-20)
(-0.00047717932 -0.00027168578 2.5362079e-19)
(-0.00057473269 -0.00035100578 1.1730731e-19)
(-0.00068766009 -0.00044454642 2.6919735e-20)
(-0.0008120249 -0.00054963703 3.0696752e-19)
(-0.00094878331 -0.00066639408 2.9780881e-19)
(-0.0010964107 -0.00079292754 -1.7145487e-19)
(-0.0012556268 -0.00092859581 3.0983133e-19)
(-0.001422928 -0.0010694615 5.2064566e-21)
(-0.0015989892 -0.0012141794 -4.065574e-19)
(-0.0017720255 -0.0013524699 2.0039902e-19)
(-0.0019351585 -0.0014815835 -6.6365176e-20)
(-0.0020857552 -0.0016038025 -1.7654007e-19)
(-0.0022416389 -0.0017363137 4.0782338e-19)
(-0.0024116936 -0.0018832884 3.3150153e-20)
(-0.0025885663 -0.0020410638 2.6571575e-19)
(-0.0027850085 -0.0022204875 3.0544778e-20)
(-0.003002687 -0.0024242597 6.3419939e-21)
(-0.0032585759 -0.0026668457 -1.0312229e-19)
(-0.0035591231 -0.0029563668 -1.314719e-19)
(-0.0039653569 -0.0033387499 -2.5562662e-20)
(-0.0045013946 -0.0038055266 8.6470287e-20)
(-0.005127236 -0.0043024944 6.4773471e-21)
(-0.0058643986 -0.0048257571 2.9414114e-20)
(-0.0067257522 -0.0053575546 -8.895372e-20)
(-0.0077757694 -0.0059032074 4.1443731e-20)
(-0.0090103118 -0.0063975357 9.1994567e-20)
(-0.010536642 -0.0068087136 3.4041633e-19)
(-0.012121954 -0.0068663349 -3.5734831e-19)
(-0.013700094 -0.0064166956 2.1717464e-19)
(-0.013981369 -0.0049526393 -2.4902214e-19)
(-0.012676218 -0.0031017119 5.7764364e-21)
(-0.010052754 -0.0015380364 -1.0107662e-19)
(-0.0078457668 -0.0006326615 -4.2417066e-20)
(-0.0051245271 -0.00015721392 4.5068475e-21)
(-0.0046147281 -3.5916218e-06 3.3082777e-21)
(-0.0024568226 1.2327014e-05 5.7617746e-23)
)
;
    }
    front
    {
        type            empty;
    }
    back
    {
        type            empty;
    }
}


// ************************************************************************* //
