1 	0 	0 	0
1.0007133 	0.023975896 	3.2235945e-05 	-6.953894e-23
1.0014798 	0.051380749 	7.1436172e-05 	-3.0702936e-21
1.0023036 	0.083134094 	0.00012753824 	2.5737832e-21
1.0031888 	0.11974264 	0.00021456432 	5.6733187e-21
1.00414 	0.1615836 	0.00035088699 	-5.8072758e-21
1.0051622 	0.20867937 	0.00055744929 	-8.3600139e-21
1.0062606 	0.2603643 	0.00085576894 	5.9094235e-21
1.007441 	0.31505111 	0.0012647474 	3.1901722e-21
1.0087095 	0.37043357 	0.0017972142 	3.3614938e-21
1.0100726 	0.42412596 	0.0024580202 	-3.7076091e-22
1.0115374 	0.47425793 	0.003243773 	-3.2094124e-21
1.0131115 	0.5196549 	0.0041427847 	-3.0382395e-21
1.0148031 	0.55973093 	0.0051362354 	9.9883838e-22
1.0166208 	0.59437756 	0.006201816 	4.8105915e-21
1.0185742 	0.62385479 	0.0073175562 	-2.707432e-21
1.0206732 	0.64865999 	0.0084647194 	-1.0813325e-21
1.0229289 	0.66942247 	0.0096296046 	6.6126482e-22
1.0253529 	0.68680664 	0.010803676 	9.9755241e-22
1.0279578 	0.7014401 	0.011982733 	-1.0432794e-21
1.030757 	0.71387387 	0.013165766 	-1.3140078e-21
1.033765 	0.72456876 	0.014353887 	1.5851925e-21
1.0369974 	0.73389814 	0.015549488 	8.3599658e-22
1.0404711 	0.74215896 	0.016755646 	-7.3007866e-22
1.0442038 	0.74958544 	0.01797575 	-4.4926166e-22
1.0482151 	0.75636189 	0.019213262 	5.539319e-22
1.0525256 	0.76263368 	0.020471562 	-1.3781089e-22
1.0571578 	0.76851603 	0.021753835 	-3.8025141e-22
1.0621355 	0.77410087 	0.023062978 	1.4214448e-22
1.0674846 	0.7794621 	0.024401518 	1.7549539e-22
1.0732328 	0.78465961 	0.025771537 	-7.2668927e-23
1.0794099 	0.7897424 	0.027174576 	-3.6127624e-23
1.0860478 	0.79475099 	0.028611542 	-1.8726043e-22
1.0931809 	0.79971937 	0.030082607 	-1.9113803e-22
1.1008463 	0.80467636 	0.03158708 	3.6615223e-23
1.1090835 	0.80964669 	0.03312326 	2.2403023e-22
1.1179353 	0.81465186 	0.034688302 	1.3562177e-22
1.1274475 	0.81971089 	0.036278052 	1.9465086e-23
1.1376694 	0.82484114 	0.03788689 	-1.3764849e-22
1.148654 	0.83005908 	0.039507618 	7.2038595e-23
1.160458 	0.83538107 	0.041131335 	-2.5694914e-23
1.1731428 	0.84082397 	0.042747351 	3.1397488e-23
1.1867739 	0.84640579 	0.04434317 	1.2744472e-23
1.201422 	0.85214629 	0.045904541 	-1.5895575e-22
1.217163 	0.85806754 	0.04741561 	2.6474296e-22
1.2340783 	0.86419423 	0.048859173 	2.6364019e-23
1.2522557 	0.8705538 	0.050217029 	6.4337838e-23
1.2717893 	0.87717624 	0.051470405 	-2.2190312e-22
1.2927802 	0.88409359 	0.052600349 	-4.3034068e-23
1.3153372 	0.89133924 	0.053588056 	2.3550049e-22
1.3395772 	0.89894707 	0.054415321 	7.7413775e-23
1.3656256 	0.90695041 	0.055065227 	2.1449951e-22
1.3936175 	0.91538014 	0.055522915 	-3.798457e-22
1.4236977 	0.92426163 	0.055776181 	1.7217521e-22
1.4560222 	0.93361083 	0.055815506 	6.3107116e-22
1.4907583 	0.94343125 	0.055633552 	-2.1535244e-22
1.5280861 	0.95371175 	0.055224843 	-9.0575174e-22
1.5681987 	0.96442458 	0.054585539 	-1.8059644e-22
1.6113041 	0.97552409 	0.053712901 	4.6298272e-22
1.6576255 	0.98694603 	0.052604743 	-1.5912587e-22
1.7074028 	0.99860852 	0.051258757 	-4.7817746e-22
1.7608939 	1.0104158 	0.049671811 	-4.1104142e-22
1.8183759 	1.022264 	0.047840313 	7.899401e-22
1.8801465 	1.034046 	0.045762846 	5.3284902e-22
1.9465256 	1.0456571 	0.043443328 	-6.0041839e-22
2.0178571 	1.0568176 	0.040929679 	-6.8206984e-22
2.0891887 	1.0669103 	0.038369744 	2.6557511e-22
2.1555678 	1.0755303 	0.035906618 	1.0088419e-21
2.2173384 	1.0827604 	0.033582393 	4.7098087e-22
2.2748203 	1.088801 	0.031399674 	-1.7627475e-22
2.3283114 	1.0938179 	0.029355967 	-1.9212221e-22
2.3780888 	1.0979414 	0.02744623 	-4.4254116e-23
2.4244102 	1.1012698 	0.025664432 	2.310173e-22
2.4675155 	1.1038755 	0.024003655 	-8.5703523e-23
2.5076282 	1.1058101 	0.022456321 	1.6812323e-22
2.5449559 	1.107107 	0.021014871 	3.986666e-22
2.5796921 	1.1077847 	0.019671976 	1.487718e-22
2.6120166 	1.1078486 	0.018420661 	4.0958945e-23
2.6420968 	1.1072937 	0.017254549 	-4.1099267e-22
2.6700887 	1.1061059 	0.016167881 	-6.9000647e-23
2.6961371 	1.1042642 	0.015155438 	-1.4867511e-22
2.720377 	1.1017433 	0.014212401 	3.4646472e-23
2.7429341 	1.0985166 	0.013334158 	8.6495464e-23
2.763925 	1.0945597 	0.012516128 	1.4418827e-24
2.7834586 	1.0898547 	0.011753635 	1.0618652e-23
2.8016359 	1.084394 	0.011041869 	2.6652032e-22
2.8185513 	1.0781827 	0.010375883 	3.1318257e-22
2.8342923 	1.0712405 	0.0097506874 	-4.1804868e-22
2.8489404 	1.0636018 	0.009161384 	-2.4105253e-22
2.8625715 	1.055313 	0.008603334 	2.6543434e-22
2.8752563 	1.0464292 	0.0080723814 	-1.7369739e-22
2.8870603 	1.0370098 	0.0075650084 	-3.0218868e-23
2.8980449 	1.0271133 	0.0070783994 	2.7846223e-23
2.9082668 	1.0167934 	0.0066104529 	-2.4431572e-23
2.917779 	1.0060953 	0.0061597463 	3.3611308e-22
2.9266308 	0.99505283 	0.0057254611 	-5.8180008e-23
2.934868 	0.98368691 	0.0053072814 	-2.025685e-22
2.9425333 	0.97200492 	0.0049052863 	-2.4036129e-22
2.9496665 	0.96000011 	0.00451983 	4.8452564e-23
2.9563044 	0.9476515 	0.0041514203 	1.080546e-22
2.9624815 	0.93492445 	0.0038006065 	-1.1890368e-22
2.9682297 	0.9217716 	0.0034678818 	1.0996556e-22
2.9735788 	0.90813349 	0.0031536218 	1.1325683e-22
2.9785565 	0.89393927 	0.0028580579 	-1.0600949e-22
2.9831887 	0.87910733 	0.0025813175 	-9.7388644e-23
2.9874992 	0.86354488 	0.0023235015 	5.0054632e-23
2.9915105 	0.84714054 	0.0020845573 	2.8603025e-23
2.9952432 	0.82975007 	0.0018644036 	-1.8712973e-23
2.9987168 	0.811197 	0.0016631579 	5.9245094e-23
3.0019493 	0.79127617 	0.0014810533 	1.4832627e-22
3.0049573 	0.76975799 	0.0013179273 	-1.4224423e-24
3.0077565 	0.74642112 	0.0011729369 	-5.5773935e-23
3.0103613 	0.72107028 	0.0010445031 	-3.5892219e-23
3.0127853 	0.69352779 	0.00093047138 	-7.8058593e-23
3.015041 	0.66363329 	0.00082862848 	1.2961345e-22
3.0171401 	0.63125345 	0.00073680982 	4.7986412e-23
3.0190935 	0.59629386 	0.00065292485 	-9.6920456e-23
3.0209112 	0.55870385 	0.00057514204 	6.8420031e-23
3.0226028 	0.51845333 	0.00050235266 	-8.1820434e-23
3.0241769 	0.47551983 	0.00043385483 	1.8266742e-23
3.0256417 	0.43004659 	0.00036902357 	-1.2561608e-24
3.0270048 	0.38259772 	0.00030735221 	-1.2935737e-22
3.0282733 	0.33417933 	0.0002485817 	-1.8011374e-23
3.0294537 	0.28597116 	0.00019312329 	-8.5502462e-24
3.0305521 	0.23898689 	0.00014205396 	5.1973165e-23
3.0315743 	0.19387207 	9.6857442e-05 	3.5430333e-23
3.0325255 	0.15091397 	5.9075869e-05 	-1.3806885e-23
3.0334107 	0.11016956 	3.0057179e-05 	-7.6483816e-24
3.0342344 	0.07159002 	1.0779725e-05 	-3.0365738e-25
3.035001 	0.035094738 	1.0388511e-06 	-1.6494694e-24
3.0357143 	0 	0 	0
