-1.5969174e-09 	0 	0 	0
0.0010637143 	-0.0078839664 	3.4713322e-05 	1.5918745e-20
0.0022067917 	-0.016357826 	0.00010072083 	8.1607778e-21
0.0034351516 	-0.025623508 	0.00020630108 	-1.0998994e-20
0.0047551568 	-0.035750577 	0.00035697843 	-3.8804008e-22
0.0061736447 	-0.046803424 	0.00055849192 	1.8022325e-20
0.0076979629 	-0.058829298 	0.00081688338 	1.3473773e-20
0.0093360072 	-0.071834771 	0.0011379583 	-1.5201643e-20
0.011096262 	-0.085745389 	0.0015264719 	-9.4174679e-21
0.012987846 	-0.10035132 	0.0019848412 	8.4862965e-21
0.015020557 	-0.11526401 	0.00251139 	-1.0330037e-20
0.017204925 	-0.12993219 	0.0030989549 	1.0447806e-20
0.019552263 	-0.14374848 	0.00373524 	-6.6834054e-21
0.022074731 	-0.1562053 	0.0044053825 	-2.3880874e-20
0.024785394 	-0.1670083 	0.0050954211 	1.9561602e-21
0.027698295 	-0.17609202 	0.0057947916 	4.6902443e-21
0.03082852 	-0.1835591 	0.0064970673 	3.6818446e-21
0.034192285 	-0.18959919 	0.0071994326 	-2.9242809e-22
0.037807013 	-0.19442528 	0.0079016557 	3.2212793e-21
0.041691429 	-0.19823666 	0.0086050595 	4.8594493e-21
0.045865651 	-0.20120323 	0.0093117181 	-4.1455887e-21
0.050351304 	-0.20346238 	0.010023933 	-5.6822571e-21
0.055171622 	-0.20512185 	0.010743938 	7.5657915e-21
0.060351572 	-0.20626429 	0.011473723 	-7.2483228e-21
0.065917988 	-0.20695203 	0.012214921 	8.8760284e-22
0.071899702 	-0.20723122 	0.01296878 	8.7992465e-21
0.078327699 	-0.20713515 	0.013736143 	-1.6687127e-21
0.085235274 	-0.20668681 	0.01451743 	-4.1978576e-21
0.092658209 	-0.2059008 	0.015312617 	-9.5474107e-22
0.10063495 	-0.20478465 	0.016121219 	1.2103826e-21
0.10920682 	-0.20333984 	0.016942258 	1.9051919e-21
0.11841822 	-0.20156241 	0.017774212 	-8.8209737e-22
0.12831687 	-0.19944338 	0.018614948 	-7.0876588e-22
0.13895403 	-0.19696889 	0.019461644 	1.9309502e-22
0.1503848 	-0.19412016 	0.020310684 	-2.320068e-21
0.1626684 	-0.19087329 	0.021157524 	2.7637429e-21
0.17586845 	-0.18719889 	0.021996515 	2.5507297e-21
0.19005333 	-0.18306161 	0.022820685 	-5.2169226e-21
0.20529651 	-0.17841955 	0.023621456 	7.2172126e-23
0.22167695 	-0.17322335 	0.024388294 	5.5234431e-21
0.23927951 	-0.16741514 	0.025108276 	1.6033541e-21
0.25819535 	-0.16092707 	0.025765532 	-1.732347e-21
0.27852246 	-0.15367944 	0.026340525 	-4.1761472e-21
0.30036613 	-0.1455782 	0.026809124 	-5.6801896e-21
0.32383951 	-0.13651151 	0.027141405 	-5.1146573e-21
0.34906419 	-0.12634477 	0.027300129 	4.1506501e-21
0.37617083 	-0.11491376 	0.027238804 	8.6729852e-21
0.40529983 	-0.10201303 	0.02689901 	-1.0037773e-20
0.43660209 	-0.087375176 	0.026206975 	-1.3449263e-20
0.47023974 	-0.070637652 	0.025068964 	-5.8983089e-22
0.50638702 	-0.051286431 	0.023364681 	1.0877022e-20
0.54523117 	-0.028552426 	0.020979632 	7.9499578e-21
0.5869734 	-0.00078213128 	0.017744876 	-1.2488528e-21
0.63182992 	0.03604425 	0.013438205 	1.4574511e-20
0.6800331 	0.088727428 	0.0078749352 	-1.5016637e-21
0.73183261 	0.1623416 	0.0014608955 	-3.2925479e-20
0.78749677 	0.25301575 	-0.0048417262 	-3.5309006e-20
0.8473139 	0.35120012 	-0.010298484 	-2.5586111e-20
0.91159387 	0.45095292 	-0.01452611 	-3.4304863e-21
0.98066963 	0.54786592 	-0.017519883 	2.5579455e-22
1.054899 	0.6351298 	-0.019562772 	-1.3672186e-20
1.1346664 	0.70891296 	-0.021023321 	-1.4391498e-20
1.166856 	0.73211957 	-0.021402392 	-1.8891751e-20
1.2204494 	0.77076052 	-0.022052107 	-2.4385359e-20
1.3126654 	0.82367371 	-0.022615934 	-3.2932843e-20
1.4117494 	0.87016448 	-0.022690977 	-1.5476929e-20
1.5182117 	0.91153154 	-0.022282208 	1.2376382e-20
1.6246594 	0.94721311 	-0.021522588 	2.2006901e-20
1.7237033 	0.97702098 	-0.020595791 	1.22608e-20
1.8158592 	1.0019962 	-0.019586712 	5.6046359e-21
1.9016069 	1.023076 	-0.018543162 	8.136238e-21
1.9813925 	1.0409274 	-0.017505753 	1.1857828e-20
2.0556311 	1.0560664 	-0.016499484 	-6.700833e-21
2.1247088 	1.0689059 	-0.015538853 	-5.6881143e-21
2.1889848 	1.0797821 	-0.014631563 	5.7669383e-21
2.2487932 	1.0889701 	-0.013780801 	5.6197803e-22
2.3044449 	1.0966948 	-0.012986834 	-1.6973419e-21
2.356229 	1.1031395 	-0.012247947 	-2.6072539e-21
2.4044145 	1.1084518 	-0.011561437 	4.445572e-21
2.4492518 	1.1127507 	-0.010924254 	5.2055313e-21
2.4909736 	1.1161329 	-0.010333013 	-2.8633342e-21
2.5297965 	1.118675 	-0.0097842048 	9.0780673e-22
2.5659222 	1.1204343 	-0.0092743949 	9.8834094e-21
2.5828761 	1.120947 	-0.0090350765 	3.8225219e-21
2.5995508 	1.12145 	-0.0087997393 	-2.2124778e-21
2.6308527 	1.1217477 	-0.0083573486 	-9.0794405e-21
2.659977 	1.1213423 	-0.0079450626 	2.8124735e-21
2.6870756 	1.1202384 	-0.0075603055 	8.3497856e-21
2.7122895 	1.1184334 	-0.0072007096 	9.0346378e-22
2.7357501 	1.11592 	-0.0068641006 	-5.485301e-22
2.7575795 	1.1126888 	-0.0065484772 	-1.0657257e-21
2.7778912 	1.1087314 	-0.0062519839 	-2.9963481e-21
2.7967909 	1.1040423 	-0.0059728785 	1.9298391e-21
2.8143769 	1.0986209 	-0.0057094983 	1.8611891e-21
2.8307405 	1.0924718 	-0.0054602231 	4.624781e-21
2.8459669 	1.0856042 	-0.0052234546 	2.8501993e-21
2.8601351 	1.07803 	-0.0049976041 	-2.9454326e-21
2.8733187 	1.0697617 	-0.0047810854 	1.6805969e-21
2.8855863 	1.0608094 	-0.0045723191 	-2.3949221e-21
2.8970015 	1.0511782 	-0.0043697607 	-9.6717986e-21
2.9076235 	1.0408658 	-0.0041719499 	3.1383256e-21
2.9175076 	1.0298612 	-0.003977559 	1.0529712e-20
2.9267051 	1.0181443 	-0.0037854423 	-6.7270061e-21
2.9352636 	1.0056867 	-0.0035946816 	-7.1215253e-21
2.9432275 	0.99245226 	-0.0034046305 	6.6354444e-21
2.9506383 	0.97839912 	-0.0032149483 	-8.4994445e-22
2.9575343 	0.96348091 	-0.0030258324 	-5.5526442e-21
2.9639513 	0.94761848 	-0.0028367329 	5.7445787e-21
2.9699226 	0.9306675 	-0.0026462573 	2.7943342e-21
2.9754792 	0.91246796 	-0.0024533047 	-6.1267045e-21
2.9806499 	0.89291108 	-0.0022580995 	2.8739436e-21
2.9854614 	0.87193181 	-0.0020625115 	1.3044375e-21
2.9899388 	0.84947802 	-0.0018688057 	-1.163762e-21
2.9941053 	0.82549574 	-0.0016792569 	4.0066883e-21
2.9979824 	0.79991732 	-0.0014959509 	-1.6023251e-21
3.0015902 	0.77265112 	-0.001320681 	-4.4473634e-21
3.0049475 	0.74357245 	-0.0011549038 	1.6867462e-21
3.0080717 	0.71251658 	-0.00099973043 	3.8160971e-22
3.0109789 	0.67927359 	-0.00085595016 	-2.5771365e-22
3.0136843 	0.64358626 	-0.0007240445 	1.6299297e-21
3.0162017 	0.60516109 	-0.00060422476 	2.1755607e-22
3.0185444 	0.56369688 	-0.00049649796 	-1.3999327e-21
3.0207244 	0.51891181 	-0.00040077829 	-2.3037565e-21
3.022753 	0.47044125 	-0.00031659858 	-4.3259836e-22
3.0246408 	0.41795351 	-0.00024317654 	1.8462939e-21
3.0263975 	0.36185601 	-0.00018008357 	1.2525717e-21
3.0280322 	0.3037244 	-0.00012727414 	-9.5167623e-22
3.0295534 	0.24580991 	-8.4654156e-05 	-6.867731e-22
3.030969 	0.19007659 	-5.1767467e-05 	-4.2075232e-22
3.0322862 	0.137587 	-2.7819871e-05 	2.8446854e-22
3.0335121 	0.088620233 	-1.1899513e-05 	2.8077494e-22
3.0346528 	0.043073797 	-3.0207467e-06 	2.7499616e-24
3.0357143 	0 	0 	0
