0 	0 	0 	0 	0 	0 	0
0.0010637159 	1.2010954e-06 	2.9966722e-09 	1.258791e-31 	1.2010933e-06 	2.4504085e-30 	1.2010942e-06
0.0022067933 	2.6949952e-06 	4.0916823e-08 	5.2038065e-30 	2.694937e-06 	-1.4731454e-30 	2.6949656e-06
0.0034351532 	1.1395453e-05 	3.7392733e-07 	2.1847858e-29 	1.1394721e-05 	-2.7788445e-29 	1.1395087e-05
0.0047551584 	3.5188825e-05 	2.0624205e-06 	2.4715424e-28 	3.5183844e-05 	2.0593906e-27 	3.5186339e-05
0.0061736463 	8.7046823e-05 	8.1095809e-06 	3.1118274e-27 	8.7024114e-05 	-6.2694135e-27 	8.7035487e-05
0.0076979646 	0.00018477519 	2.4919036e-05 	-1.3679468e-27 	0.00018469851 	-4.4101094e-26 	0.00018473693
0.0093360089 	0.00034905523 	6.2573859e-05 	-9.0593547e-27 	0.00034885747 	1.154146e-25 	0.00034895657
0.011096264 	0.00059723668 	0.0001307936 	1.2306749e-25 	0.00059686058 	3.3888079e-25 	0.00059704876
0.012987848 	0.00093373847 	0.00022943612 	2.7564121e-25 	0.00093330331 	-6.5033253e-25 	0.00093351995
0.015020559 	0.0013445834 	0.00034135729 	-1.9649617e-25 	0.0013446964 	-1.7620415e-24 	0.0013446368
0.017204926 	0.001803336 	0.00043898732 	-8.1667242e-25 	0.0018053977 	-1.081183e-24 	0.0018043621
0.019552264 	0.0022835232 	0.00050059042 	-2.0060631e-24 	0.002289816 	6.0590138e-25 	0.0022866654
0.022074732 	0.0027665386 	0.00051937471 	-1.6207954e-24 	0.0027800705 	1.059097e-24 	0.0027733028
0.024785396 	0.0032422871 	0.00049996432 	-4.1374864e-24 	0.0032665448 	-1.338367e-24 	0.0032544175
0.027698296 	0.0037066334 	0.00045080374 	-7.4842602e-24 	0.0037453862 	2.47517e-24 	0.0037260138
0.030828522 	0.0041588359 	0.00037942817 	-1.254007e-24 	0.0042160259 	2.9460496e-24 	0.004187436
0.034192287 	0.0045998257 	0.00029110579 	-8.5171823e-24 	0.0046795244 	-8.9795064e-25 	0.0046396803
0.037807015 	0.0050312331 	0.0001891216 	-4.2604535e-24 	0.0051376355 	-2.6066154e-24 	0.0050844391
0.04169143 	0.0054548916 	7.5380532e-05 	-2.3314518e-23 	0.005592328 	-7.9375128e-24 	0.0055236139
0.045865653 	0.0058726118 	-4.9116765e-05 	-3.658534e-23 	0.0060455625 	7.3111884e-24 	0.0059590906
0.050351306 	0.0062860939 	-0.00018394069 	-1.8019941e-24 	0.0064992009 	2.0606576e-23 	0.0063926501
0.055171623 	0.0066969042 	-0.00032902024 	3.1830208e-23 	0.0069549803 	-1.353971e-24 	0.0068259444
0.060351574 	0.0071064837 	-0.00048451912 	-1.7724238e-23 	0.0074145167 	-2.0860522e-23 	0.0072605019
0.06591799 	0.0075161687 	-0.00065076141 	-6.0528393e-23 	0.0078793192 	6.9838976e-24 	0.0076977452
0.071899704 	0.0079272144 	-0.0008281865 	3.5655866e-23 	0.0083508091 	2.0572481e-23 	0.0081390127
0.078327701 	0.0083408183 	-0.0010173168 	4.1608487e-23 	0.0088303387 	-1.8172577e-23 	0.0085855791
0.085235276 	0.0087581424 	-0.0012187444 	-7.4064725e-23 	0.0093192078 	2.132148e-23 	0.0090386756
0.092658211 	0.0091803337 	-0.0014331195 	1.6467934e-22 	0.0098186812 	4.9378403e-23 	0.0094995078
0.10063495 	0.009608541 	-0.0016611373 	1.6072935e-22 	0.010330002 	-3.4366614e-23 	0.0099692716
0.10920683 	0.010043929 	-0.0019035369 	-2.2081991e-23 	0.010854403 	-1.9917115e-23 	0.010449166
0.11841823 	0.010487691 	-0.0021610969 	9.518296e-23 	0.01139312 	1.0323742e-23 	0.010940405
0.12831687 	0.010941058 	-0.0024346315 	1.8553486e-23 	0.011947404 	-2.5797682e-24 	0.011444231
0.13895403 	0.011405305 	-0.0027249874 	5.3248684e-23 	0.012518528 	7.4143791e-23 	0.011961916
0.1503848 	0.011881749 	-0.0030330389 	4.0388297e-22 	0.013107798 	-3.0967561e-23 	0.012494773
0.1626684 	0.012371747 	-0.0033596834 	-1.6818393e-22 	0.01371656 	-1.5148428e-22 	0.013044153
0.17586845 	0.012876684 	-0.0037058313 	-3.7854389e-22 	0.014346209 	8.5599295e-23 	0.013611445
0.19005333 	0.013397957 	-0.004072405 	3.6710571e-22 	0.014998183 	1.6649029e-22 	0.014198067
0.20529651 	0.013936943 	-0.0044603193 	5.6058206e-22 	0.015673968 	-1.7555804e-23 	0.014805452
0.22167696 	0.014494966 	-0.0048704713 	3.268383e-22 	0.016375078 	-1.3085505e-22 	0.015435017
0.23927951 	0.015073253 	-0.0053036798 	-1.5718569e-22 	0.017103033 	-1.3781959e-22 	0.016088134
0.25819535 	0.015672869 	-0.0057605953 	-3.626878e-22 	0.017859306 	-1.6704025e-22 	0.016766072
0.27852246 	0.016294584 	-0.0062419287 	-7.9654458e-22 	0.018645274 	-9.4255795e-23 	0.017469905
0.30036613 	0.016938835 	-0.006748081 	-4.0278293e-22 	0.019461998 	3.3055529e-22 	0.018200386
0.32383951 	0.017605664 	-0.0072790047 	8.0401695e-22 	0.020310031 	-3.0031321e-23 	0.018957815
0.34906419 	0.01829455 	-0.007834364 	-3.5678277e-22 	0.02118924 	-6.1702953e-22 	0.019741852
0.37617083 	0.019004333 	-0.0084131685 	-1.1899028e-21 	0.022098494 	1.3692494e-22 	0.02055124
0.40529983 	0.019733118 	-0.0090135849 	-1.5410925e-22 	0.023035273 	3.3973913e-22 	0.021383457
0.43660209 	0.020478188 	-0.009633322 	1.1321688e-23 	0.023989938 	-3.0194557e-22 	0.022234239
0.47023974 	0.021231765 	-0.010333951 	-2.3156055e-22 	0.024961178 	-7.9578064e-22 	0.023096953
0.50638702 	0.022028355 	-0.010948211 	2.9903684e-22 	0.025905707 	-8.0936433e-22 	0.023965151
0.54523117 	0.022874981 	-0.011378507 	3.1182599e-22 	0.026783047 	6.8018306e-22 	0.02482823
0.5869734 	0.023708398 	-0.0117625 	-7.4866996e-22 	0.027550965 	8.0850316e-22 	0.025631071
0.63182993 	0.024423504 	-0.012067061 	-1.0554668e-21 	0.028057658 	-2.0404339e-21 	0.026241624
0.67506132 	0.0248425 	-0.012214068 	3.5577746e-21 	0.028142277 	-2.6307351e-21 	0.026493275
0.6800331 	0.024890697 	-0.01223099 	4.0787454e-21 	0.028152058 	-2.6880211e-21 	0.026522246
0.73183261 	0.024993814 	-0.012210029 	3.8972116e-21 	0.027740083 	-7.8271953e-23 	0.026367302
0.78749677 	0.024640595 	-0.011980806 	1.834584e-21 	0.026783387 	1.6137969e-21 	0.025711729
0.84731391 	0.023840906 	-0.01156062 	-7.2499881e-21 	0.025358956 	2.9748554e-21 	0.024599585
0.91159388 	0.022748467 	-0.011004282 	-1.4356048e-20 	0.023666357 	1.3092554e-21 	0.023207544
0.98066963 	0.021614795 	-0.010389418 	-4.4147636e-21 	0.021971835 	-1.4645257e-21 	0.021792558
1.054899 	0.020671671 	-0.0098043463 	6.1549506e-21 	0.020499262 	-1.0326723e-21 	0.020585725
1.1346664 	0.02002674 	-0.0092769285 	-1.7909461e-21 	0.019332295 	2.3008293e-21 	0.019681447
1.2203851 	0.019602431 	-0.008619468 	-4.9050894e-20 	0.018436772 	5.5438028e-21 	0.019018457
1.3124991 	0.019224948 	-0.0078908782 	-6.7580341e-20 	0.017703267 	2.2743981e-21 	0.018462569
1.4114856 	0.01875154 	-0.0072907443 	-1.2494019e-21 	0.016979473 	-2.8911782e-21 	0.017865584
1.5178571 	0.018090319 	-0.0067850719 	3.3882889e-20 	0.016129749 	-1.6428765e-21 	0.01710997
1.6242287 	0.017245914 	-0.0063537664 	-4.1784682e-21 	0.015127807 	2.4310866e-21 	0.01618707
1.7232152 	0.016302919 	-0.0059480743 	-5.8310406e-20 	0.014057026 	3.1438765e-21 	0.015180046
1.8153292 	0.015334544 	-0.0055271918 	-4.3249358e-20 	0.012996865 	2.9383429e-22 	0.014165702
1.9010479 	0.014383082 	-0.0050862157 	-8.6652233e-21 	0.011993636 	-5.3548955e-22 	0.013188383
1.9808153 	0.013471439 	-0.0046332561 	-9.8196032e-21 	0.011068002 	2.7507547e-22 	0.012269746
2.0550447 	0.012611392 	-0.0041765267 	-6.4010747e-21 	0.010227294 	-3.9923321e-22 	0.011419357
2.1241204 	0.011807919 	-0.0037238256 	1.355537e-20 	0.009471409 	-4.7216204e-22 	0.010639677
2.1884004 	0.011061789 	-0.0032814492 	1.2209172e-21 	0.0087960597 	7.7711464e-22 	0.0099289396
2.2482175 	0.010371403 	-0.0028540573 	-1.6994055e-20 	0.008194933 	3.2836603e-22 	0.0092831657
2.3038817 	0.0097335767 	-0.0024441804 	1.0614099e-21 	0.007661185 	-7.9125856e-22 	0.0086973805
2.3556812 	0.0091452346 	-0.0020539974 	1.1251493e-20 	0.0071876526 	-4.2018695e-22 	0.0081664548
2.4038844 	0.0086034831 	-0.0016849083 	8.6280637e-21 	0.0067677167 	-6.3032466e-23 	0.0076856024
2.4487409 	0.0081051469 	-0.0013369406 	8.2148274e-21 	0.006395717 	-2.6126227e-22 	0.0072504316
2.4904831 	0.0076476335 	-0.0010102668 	1.2127544e-20 	0.0060664044 	1.3508334e-22 	0.0068570201
2.5293273 	0.0072287912 	-0.0007046021 	-8.4761723e-22 	0.0057752377 	5.0948774e-22 	0.0065020132
2.5654745 	0.0068468957 	-0.00041944077 	-4.1961479e-21 	0.0055183475 	3.5862149e-23 	0.0061826217
2.5991122 	0.0065006263 	-0.0001541396 	-4.7146544e-22 	0.0052925571 	1.3841845e-22 	0.0058965936
2.6304145 	0.0061889881 	9.2054994e-05 	-5.9210054e-21 	0.0050953375 	-1.6983724e-22 	0.0056421637
2.6595435 	0.005911223 	0.00031996384 	3.8269328e-21 	0.004924745 	-4.5813003e-22 	0.0054179851
2.6866501 	0.0056667425 	0.0005304684 	3.8409196e-21 	0.0047793396 	2.7819366e-22 	0.0052230457
2.7118748 	0.0054550446 	0.0007245024 	-2.2335626e-21 	0.0046580855 	2.9528209e-22 	0.0050565716
2.7353482 	0.0052755987 	0.00090306343 	-1.9011088e-21 	0.004560234 	-8.8933485e-23 	0.0049179212
2.7571918 	0.0051277443 	0.0010672297 	-1.2906644e-22 	0.0044852002 	-1.0110595e-22 	0.0048064768
2.7775189 	0.0050106389 	0.0012181686 	2.1336075e-22 	0.0044324391 	8.3994878e-24 	0.0047215439
2.7964348 	0.0049231893 	0.001357108 	-1.2121629e-22 	0.0044013454 	1.8414704e-22 	0.0046622718
2.8140373 	0.0048642482 	0.0014854114 	-2.2177314e-21 	0.004391384 	2.6924781e-22 	0.004627819
2.8304178 	0.0048319766 	0.0016044168 	-3.4840453e-21 	0.0044014522 	-3.30622e-24 	0.0046167166
2.845661 	0.0048243134 	0.0017154549 	-1.7034824e-21 	0.0044302675 	-2.0861572e-22 	0.0046272933
2.8598458 	0.0048394492 	0.0018198639 	-2.8426987e-22 	0.0044767717 	-1.0800514e-22 	0.0046581125
2.8730459 	0.0048752889 	0.0019188057 	-1.0923852e-22 	0.0045396275 	-6.3977767e-23 	0.0047074596
2.8853295 	0.0049297102 	0.0020132898 	3.1741802e-22 	0.0046174296 	-1.2164596e-22 	0.0047735705
2.8967603 	0.0050005375 	0.0021040839 	9.8485648e-22 	0.0047086723 	2.0311637e-23 	0.0048546046
2.9073974 	0.0050855922 	0.0021916672 	1.6232543e-22 	0.0048117868 	1.4473505e-22 	0.0049486905
2.9172961 	0.0051826908 	0.0022762144 	-4.0867398e-22 	0.0049251227 	-4.362121e-24 	0.0050539161
2.9265075 	0.0052896417 	0.0023576224 	1.0338084e-22 	0.0050470406 	-1.1369284e-22 	0.0051683251
2.9350793 	0.0054042984 	0.0024389189 	5.0796941e-22 	0.0051756209 	-1.1133587e-23 	0.0052899377
2.9430561 	0.0055242288 	0.0025134493 	2.0197812e-22 	0.0053091102 	1.1322193e-22 	0.0054166952
2.950479 	0.005647341 	0.002577122 	-3.266993e-22 	0.0054455349 	4.4007603e-23 	0.0055464527
2.9573866 	0.0057708087 	0.0026377171 	-1.3560642e-22 	0.0055815464 	-3.3704205e-23 	0.0056761665
2.9638146 	0.0058897605 	0.0026961033 	-5.7087686e-23 	0.0057126552 	1.6079665e-23 	0.0058012045
2.9697963 	0.0059985366 	0.0027497276 	-1.8747042e-22 	0.0058335822 	1.5747256e-23 	0.0059160578
2.9753627 	0.0060914543 	0.0027959953 	-1.3670845e-22 	0.0059388237 	-2.8175988e-23 	0.0060151373
2.9805427 	0.0061631764 	0.0028324473 	-1.6278271e-23 	0.0060231257 	-2.1500493e-23 	0.0060931493
2.985363 	0.0062086901 	0.0028567523 	-5.6073096e-24 	0.0060814679 	1.5021844e-23 	0.0061450777
2.9898486 	0.0062235343 	0.0028668154 	-7.2850334e-23 	0.0061093005 	2.2947745e-23 	0.0061664162
2.9940229 	0.0062034427 	0.0028606206 	-9.8170474e-23 	0.0061022142 	-3.6890237e-24 	0.0061528273
2.9979073 	0.0061438326 	0.0028359985 	-4.6368824e-23 	0.0060554536 	-1.8410465e-23 	0.0060996421
3.001522 	0.006039815 	0.0027906346 	-1.2764207e-23 	0.0059639359 	-6.5551429e-24 	0.0060018745
3.0048858 	0.0058858131 	0.0027218994 	-1.2644098e-23 	0.0058218854 	2.0344547e-24 	0.0058538486
3.008016 	0.00567526 	0.00262672 	-1.5113942e-23 	0.0056225438 	-3.3453148e-24 	0.0056489015
3.0109289 	0.0054004552 	0.0025014752 	-8.5299703e-25 	0.0053580402 	2.6810057e-25 	0.0053792476
3.0136396 	0.0050527859 	0.0023419282 	-7.925132e-24 	0.0050196236 	4.3227071e-24 	0.0050362052
3.016162 	0.004623744 	0.0021441952 	-8.2073112e-24 	0.004598683 	-2.0845395e-24 	0.0046112132
3.0185094 	0.0041069285 	0.0019054757 	-1.8662114e-24 	0.0040887553 	-3.9738814e-24 	0.0040978417
3.0206937 	0.0035002077 	0.0016162395 	5.7503663e-25 	0.0034877495 	-2.5880896e-24 	0.0034939794
3.0227264 	0.0028116504 	0.0012634542 	1.3092125e-24 	0.0028038229 	-9.4076914e-25 	0.0028077371
3.024618 	0.0020777979 	0.00087283462 	9.6306709e-25 	0.0020734592 	1.1795343e-24 	0.0020756295
3.0263783 	0.0013751379 	0.00050998215 	-1.4866563e-25 	0.0013730961 	8.3921748e-25 	0.0013741179
3.0280163 	0.00079544332 	0.00023913751 	-1.2066581e-25 	0.00079466825 	-1.3204741e-25 	0.00079505594
3.0295406 	0.00039417033 	8.6012383e-05 	1.275657e-27 	0.0003939448 	-1.1247034e-25 	0.00039405753
3.0309591 	0.00016298106 	2.2701269e-05 	6.5768625e-27 	0.00016293358 	3.8372059e-29 	0.0001629573
3.0322791 	5.3179214e-05 	4.0903375e-06 	3.1185248e-28 	5.3172634e-05 	3.8270954e-27 	5.317592e-05
3.0335075 	1.2560169e-05 	4.3465392e-07 	-2.830289e-29 	1.2559672e-05 	2.7747675e-28 	1.2559921e-05
3.0346506 	5.3432819e-06 	2.9670013e-08 	-1.9768096e-30 	5.3432644e-06 	-1.449038e-29 	5.3432732e-06
3.0357143 	0 	0 	0 	0 	0 	0
