/*--------------------------------*- C++ -*----------------------------------*\
| =========                 |                                                 |
| \\      /  F ield         | OpenFOAM: The Open Source CFD Toolbox           |
|  \\    /   O peration     | Version:  2.4.0                                 |
|   \\  /    A nd           | Web:      www.OpenFOAM.org                      |
|    \\/     M anipulation  |                                                 |
\*---------------------------------------------------------------------------*/
FoamFile
{
    version     2.0;
    format      ascii;
    class       labelList;
    note        "nPoints: 20036 nCells: 9789 nFaces: 39384 nInternalFaces: 19350";
    location    "constant/polyMesh";
    object      neighbour;
}
// * * * * * * * * * * * * * * * * * * * * * * * * * * * * * * * * * * * * * //


19350
(
1
98
2
99
3
100
4
101
5
102
6
103
7
104
8
105
9
106
10
107
11
108
12
109
13
110
14
111
15
112
16
113
17
114
18
115
19
116
20
117
21
118
22
119
23
120
24
121
25
122
26
123
27
124
28
125
29
126
30
127
31
128
32
129
33
130
34
131
35
132
36
133
37
134
38
135
39
136
40
137
41
138
42
139
43
140
44
141
45
142
46
143
47
144
48
145
49
146
50
147
51
148
52
149
53
150
54
151
55
152
56
153
57
154
58
155
59
156
60
157
61
158
62
159
63
160
64
161
65
162
66
163
67
164
68
165
69
166
70
167
71
168
72
169
73
170
74
171
75
172
76
173
77
174
78
175
79
176
80
177
81
178
82
179
83
180
84
181
85
182
86
183
87
184
88
185
89
186
90
187
91
188
92
189
93
190
94
191
95
192
96
193
97
194
195
99
196
100
197
101
198
102
199
103
200
104
201
105
202
106
203
107
204
108
205
109
206
110
207
111
208
112
209
113
210
114
211
115
212
116
213
117
214
118
215
119
216
120
217
121
218
122
219
123
220
124
221
125
222
126
223
127
224
128
225
129
226
130
227
131
228
132
229
133
230
134
231
135
232
136
233
137
234
138
235
139
236
140
237
141
238
142
239
143
240
144
241
145
242
146
243
147
244
148
245
149
246
150
247
151
248
152
249
153
250
154
251
155
252
156
253
157
254
158
255
159
256
160
257
161
258
162
259
163
260
164
261
165
262
166
263
167
264
168
265
169
266
170
267
171
268
172
269
173
270
174
271
175
272
176
273
177
274
178
275
179
276
180
277
181
278
182
279
183
280
184
281
185
282
186
283
187
284
188
285
189
286
190
287
191
288
192
289
193
290
194
291
195
292
197
293
198
294
199
295
200
296
201
297
202
298
203
299
204
300
205
301
206
302
207
303
208
304
209
305
210
306
211
307
212
308
213
309
214
310
215
311
216
312
217
313
218
314
219
315
220
316
221
317
222
318
223
319
224
320
225
321
226
322
227
323
228
324
229
325
230
326
231
327
232
328
233
329
234
330
235
331
236
332
237
333
238
334
239
335
240
336
241
337
242
338
243
339
244
340
245
341
246
342
247
343
248
344
249
345
250
346
251
347
252
348
253
349
254
350
255
351
256
352
257
353
258
354
259
355
260
356
261
357
262
358
263
359
264
360
265
361
266
362
267
363
268
364
269
365
270
366
271
367
272
368
273
369
274
370
275
371
276
372
277
373
278
374
279
375
280
376
281
377
282
378
283
379
284
380
285
381
286
382
287
383
288
384
289
385
290
386
291
387
292
388
389
294
390
295
391
296
392
297
393
298
394
299
395
300
396
301
397
302
398
303
399
304
400
305
401
306
402
307
403
308
404
309
405
310
406
311
407
312
408
313
409
314
410
315
411
316
412
317
413
318
414
319
415
320
416
321
417
322
418
323
419
324
420
325
421
326
422
327
423
328
424
329
425
330
426
331
427
332
428
333
429
334
430
335
431
336
432
337
433
338
434
339
435
340
436
341
437
342
438
343
439
344
440
345
441
346
442
347
443
348
444
349
445
350
446
351
447
352
448
353
449
354
450
355
451
356
452
357
453
358
454
359
455
360
456
361
457
362
458
363
459
364
460
365
461
366
462
367
463
368
464
369
465
370
466
371
467
372
468
373
469
374
470
375
471
376
472
377
473
378
474
379
475
380
476
381
477
382
478
383
479
384
480
385
481
386
482
387
483
388
484
389
485
391
486
392
487
393
488
394
489
395
490
396
491
397
492
398
493
399
494
400
495
401
496
402
497
403
498
404
499
405
500
406
501
407
502
408
503
409
504
410
505
411
506
412
507
413
508
414
509
415
510
416
511
417
512
418
513
419
514
420
515
421
516
422
517
423
518
424
519
425
520
426
521
427
522
428
523
429
524
430
525
431
526
432
527
433
528
434
529
435
530
436
531
437
532
438
533
439
534
440
535
441
536
442
537
443
538
444
539
445
540
446
541
447
542
448
543
449
544
450
545
451
546
452
547
453
548
454
549
455
550
456
551
457
552
458
553
459
554
460
555
461
556
462
557
463
558
464
559
465
560
466
561
467
562
468
563
469
564
470
565
471
566
472
567
473
568
474
569
475
570
476
571
477
572
478
573
479
574
480
575
481
576
482
577
483
578
484
579
485
580
581
487
582
488
583
489
584
490
585
491
586
492
587
493
588
494
589
495
590
496
591
497
592
498
593
499
594
500
595
501
596
502
597
503
598
504
599
505
600
506
601
507
602
508
603
509
604
510
605
511
606
512
607
513
608
514
609
515
610
516
611
517
612
518
613
519
614
520
615
521
616
522
617
523
618
524
619
525
620
526
621
527
622
528
623
529
624
530
625
531
626
532
627
533
628
534
629
535
630
536
631
537
632
538
633
539
634
540
635
541
636
542
637
543
638
544
639
545
640
546
641
547
642
548
643
549
644
550
645
551
646
552
647
553
648
554
649
555
650
556
651
557
652
558
653
559
654
560
655
561
656
562
657
563
658
564
659
565
660
566
661
567
662
568
663
569
664
570
665
571
666
572
667
573
668
574
669
575
670
576
671
577
672
578
673
579
674
580
675
581
676
677
583
678
584
679
585
680
586
681
587
682
588
683
589
684
590
685
591
686
592
687
593
688
594
689
595
690
596
691
597
692
598
693
599
694
600
695
601
696
602
697
603
698
604
699
605
700
606
701
607
702
608
703
609
704
610
705
611
706
612
707
613
708
614
709
615
710
616
711
617
712
618
713
619
714
620
715
621
716
622
717
623
718
624
719
625
720
626
721
627
722
628
723
629
724
630
725
631
726
632
727
633
728
634
729
635
730
636
731
637
732
638
733
639
734
640
735
641
736
642
737
643
738
644
739
645
740
646
741
647
742
648
743
649
744
650
745
651
746
652
747
653
748
654
749
655
750
656
751
657
752
658
753
659
754
660
755
661
756
662
757
663
758
664
759
665
760
666
761
667
762
668
763
669
764
670
765
671
766
672
767
673
768
674
769
675
770
676
771
677
772
679
773
680
774
681
775
682
776
683
777
684
778
685
779
686
780
687
781
688
782
689
783
690
784
691
785
692
786
693
787
694
788
695
789
696
790
697
791
698
792
699
793
700
794
701
795
702
796
703
797
704
798
705
799
706
800
707
801
708
802
709
803
710
804
711
805
712
806
713
807
714
808
715
809
716
810
717
811
718
812
719
813
720
814
721
815
722
816
723
817
724
818
725
819
726
820
727
821
728
822
729
823
730
824
731
825
732
826
733
827
734
828
735
829
736
830
737
831
738
832
739
833
740
834
741
835
742
836
743
837
744
838
745
839
746
840
747
841
748
842
749
843
750
844
751
845
752
846
753
847
754
848
755
849
756
850
757
851
758
852
759
853
760
854
761
855
762
856
763
857
764
858
765
859
766
860
767
861
768
862
769
863
770
864
771
865
772
866
867
774
868
775
869
776
870
777
871
778
872
779
873
780
874
781
875
782
876
783
877
784
878
785
879
786
880
787
881
788
882
789
883
790
884
791
885
792
886
793
887
794
888
795
889
796
890
797
891
798
892
799
893
800
894
801
895
802
896
803
897
804
898
805
899
806
900
807
901
808
902
809
903
810
904
811
905
812
906
813
907
814
908
815
909
816
910
817
911
818
912
819
913
820
914
821
915
822
916
823
917
824
918
825
919
826
920
827
921
828
922
829
923
830
924
831
925
832
926
833
927
834
928
835
929
836
930
837
931
838
932
839
933
840
934
841
935
842
936
843
937
844
938
845
939
846
940
847
941
848
942
849
943
850
944
851
945
852
946
853
947
854
948
855
949
856
950
857
951
858
952
859
953
860
954
861
955
862
956
863
957
864
958
865
959
866
960
867
961
962
869
963
870
964
871
965
872
966
873
967
874
968
875
969
876
970
877
971
878
972
879
973
880
974
881
975
882
976
883
977
884
978
885
979
886
980
887
981
888
982
889
983
890
984
891
985
892
986
893
987
894
988
895
989
896
990
897
991
898
992
899
993
900
994
901
995
902
996
903
997
904
998
905
999
906
1000
907
1001
908
1002
909
1003
910
1004
911
1005
912
1006
913
1007
914
1008
915
1009
916
1010
917
1011
918
1012
919
1013
920
1014
921
1015
922
1016
923
1017
924
1018
925
1019
926
1020
927
1021
928
1022
929
1023
930
1024
931
1025
932
1026
933
1027
934
1028
935
1029
936
1030
937
1031
938
1032
939
1033
940
1034
941
1035
942
1036
943
1037
944
1038
945
1039
946
1040
947
1041
948
1042
949
1043
950
1044
951
1045
952
1046
953
1047
954
1048
955
1049
956
1050
957
1051
958
1052
959
1053
960
1054
961
1055
962
1056
964
1057
965
1058
966
1059
967
1060
968
1061
969
1062
970
1063
971
1064
972
1065
973
1066
974
1067
975
1068
976
1069
977
1070
978
1071
979
1072
980
1073
981
1074
982
1075
983
1076
984
1077
985
1078
986
1079
987
1080
988
1081
989
1082
990
1083
991
1084
992
1085
993
1086
994
1087
995
1088
996
1089
997
1090
998
1091
999
1092
1000
1093
1001
1094
1002
1095
1003
1096
1004
1097
1005
1098
1006
1099
1007
1100
1008
1101
1009
1102
1010
1103
1011
1104
1012
1105
1013
1106
1014
1107
1015
1108
1016
1109
1017
1110
1018
1111
1019
1112
1020
1113
1021
1114
1022
1115
1023
1116
1024
1117
1025
1118
1026
1119
1027
1120
1028
1121
1029
1122
1030
1123
1031
1124
1032
1125
1033
1126
1034
1127
1035
1128
1036
1129
1037
1130
1038
1131
1039
1132
1040
1133
1041
1134
1042
1135
1043
1136
1044
1137
1045
1138
1046
1139
1047
1140
1048
1141
1049
1142
1050
1143
1051
1144
1052
1145
1053
1146
1054
1147
1055
1148
1056
1149
1150
1058
1151
1059
1152
1060
1153
1061
1154
1062
1155
1063
1156
1064
1157
1065
1158
1066
1159
1067
1160
1068
1161
1069
1162
1070
1163
1071
1164
1072
1165
1073
1166
1074
1167
1075
1168
1076
1169
1077
1170
1078
1171
1079
1172
1080
1173
1081
1174
1082
1175
1083
1176
1084
1177
1085
1178
1086
1179
1087
1180
1088
1181
1089
1182
1090
1183
1091
1184
1092
1185
1093
1186
1094
1187
1095
1188
1096
1189
1097
1190
1098
1191
1099
1192
1100
1193
1101
1194
1102
1195
1103
1196
1104
1197
1105
1198
1106
1199
1107
1200
1108
1201
1109
1202
1110
1203
1111
1204
1112
1205
1113
1206
1114
1207
1115
1208
1116
1209
1117
1210
1118
1211
1119
1212
1120
1213
1121
1214
1122
1215
1123
1216
1124
1217
1125
1218
1126
1219
1127
1220
1128
1221
1129
1222
1130
1223
1131
1224
1132
1225
1133
1226
1134
1227
1135
1228
1136
1229
1137
1230
1138
1231
1139
1232
1140
1233
1141
1234
1142
1235
1143
1236
1144
1237
1145
1238
1146
1239
1147
1240
1148
1241
1149
1242
1150
1243
1152
1244
1153
1245
1154
1246
1155
1247
1156
1248
1157
1249
1158
1250
1159
1251
1160
1252
1161
1253
1162
1254
1163
1255
1164
1256
1165
1257
1166
1258
1167
1259
1168
1260
1169
1261
1170
1262
1171
1263
1172
1264
1173
1265
1174
1266
1175
1267
1176
1268
1177
1269
1178
1270
1179
1271
1180
1272
1181
1273
1182
1274
1183
1275
1184
1276
1185
1277
1186
1278
1187
1279
1188
1280
1189
1281
1190
1282
1191
1283
1192
1284
1193
1285
1194
1286
1195
1287
1196
1288
1197
1289
1198
1290
1199
1291
1200
1292
1201
1293
1202
1294
1203
1295
1204
1296
1205
1297
1206
1298
1207
1299
1208
1300
1209
1301
1210
1302
1211
1303
1212
1304
1213
1305
1214
1306
1215
1307
1216
1308
1217
1309
1218
1310
1219
1311
1220
1312
1221
1313
1222
1314
1223
1315
1224
1316
1225
1317
1226
1318
1227
1319
1228
1320
1229
1321
1230
1322
1231
1323
1232
1324
1233
1325
1234
1326
1235
1327
1236
1328
1237
1329
1238
1330
1239
1331
1240
1332
1241
1333
1242
1334
1243
1335
1336
1245
1337
1246
1338
1247
1339
1248
1340
1249
1341
1250
1342
1251
1343
1252
1344
1253
1345
1254
1346
1255
1347
1256
1348
1257
1349
1258
1350
1259
1351
1260
1352
1261
1353
1262
1354
1263
1355
1264
1356
1265
1357
1266
1358
1267
1359
1268
1360
1269
1361
1270
1362
1271
1363
1272
1364
1273
1365
1274
1366
1275
1367
1276
1368
1277
1369
1278
1370
1279
1371
1280
1372
1281
1373
1282
1374
1283
1375
1284
1376
1285
1377
1286
1378
1287
1379
1288
1380
1289
1381
1290
1382
1291
1383
1292
1384
1293
1385
1294
1386
1295
1387
1296
1388
1297
1389
1298
1390
1299
1391
1300
1392
1301
1393
1302
1394
1303
1395
1304
1396
1305
1397
1306
1398
1307
1399
1308
1400
1309
1401
1310
1402
1311
1403
1312
1404
1313
1405
1314
1406
1315
1407
1316
1408
1317
1409
1318
1410
1319
1411
1320
1412
1321
1413
1322
1414
1323
1415
1324
1416
1325
1417
1326
1418
1327
1419
1328
1420
1329
1421
1330
1422
1331
1423
1332
1424
1333
1425
1334
1426
1335
1427
1336
1428
1429
1338
1430
1339
1431
1340
1432
1341
1433
1342
1434
1343
1435
1344
1436
1345
1437
1346
1438
1347
1439
1348
1440
1349
1441
1350
1442
1351
1443
1352
1444
1353
1445
1354
1446
1355
1447
1356
1448
1357
1449
1358
1450
1359
1451
1360
1452
1361
1453
1362
1454
1363
1455
1364
1456
1365
1457
1366
1458
1367
1459
1368
1460
1369
1461
1370
1462
1371
1463
1372
1464
1373
1465
1374
1466
1375
1467
1376
1468
1377
1469
1378
1470
1379
1471
1380
1472
1381
1473
1382
1474
1383
1475
1384
1476
1385
1477
1386
1478
1387
1479
1388
1480
1389
1481
1390
1482
1391
1483
1392
1484
1393
1485
1394
1486
1395
1487
1396
1488
1397
1489
1398
1490
1399
1491
1400
1492
1401
1493
1402
1494
1403
1495
1404
1496
1405
1497
1406
1498
1407
1499
1408
1500
1409
1501
1410
1502
1411
1503
1412
1504
1413
1505
1414
1506
1415
1507
1416
1508
1417
1509
1418
1510
1419
1511
1420
1512
1421
1513
1422
1514
1423
1515
1424
1516
1425
1517
1426
1518
1427
1519
1428
1520
1429
1521
1522
1431
1523
1432
1524
1433
1525
1434
1526
1435
1527
1436
1528
1437
1529
1438
1530
1439
1531
1440
1532
1441
1533
1442
1534
1443
1535
1444
1536
1445
1537
1446
1538
1447
1539
1448
1540
1449
1541
1450
1542
1451
1543
1452
1544
1453
1545
1454
1546
1455
1547
1456
1548
1457
1549
1458
1550
1459
1551
1460
1552
1461
1553
1462
1554
1463
1555
1464
1556
1465
1557
1466
1558
1467
1559
1468
1560
1469
1561
1470
1562
1471
1563
1472
1564
1473
1565
1474
1566
1475
1567
1476
1568
1477
1569
1478
1570
1479
1571
1480
1572
1481
1573
1482
1574
1483
1575
1484
1576
1485
1577
1486
1578
1487
1579
1488
1580
1489
1581
1490
1582
1491
1583
1492
1584
1493
1585
1494
1586
1495
1587
1496
1588
1497
1589
1498
1590
1499
1591
1500
1592
1501
1593
1502
1594
1503
1595
1504
1596
1505
1597
1506
1598
1507
1599
1508
1600
1509
1601
1510
1602
1511
1603
1512
1604
1513
1605
1514
1606
1515
1607
1516
1608
1517
1609
1518
1610
1519
1611
1520
1612
1521
1613
1522
1614
1615
1524
1616
1525
1617
1526
1618
1527
1619
1528
1620
1529
1621
1530
1622
1531
1623
1532
1624
1533
1625
1534
1626
1535
1627
1536
1628
1537
1629
1538
1630
1539
1631
1540
1632
1541
1633
1542
1634
1543
1635
1544
1636
1545
1637
1546
1638
1547
1639
1548
1640
1549
1641
1550
1642
1551
1643
1552
1644
1553
1645
1554
1646
1555
1647
1556
1648
1557
1649
1558
1650
1559
1651
1560
1652
1561
1653
1562
1654
1563
1655
1564
1656
1565
1657
1566
1658
1567
1659
1568
1660
1569
1661
1570
1662
1571
1663
1572
1664
1573
1665
1574
1666
1575
1667
1576
1668
1577
1669
1578
1670
1579
1671
1580
1672
1581
1673
1582
1674
1583
1675
1584
1676
1585
1677
1586
1678
1587
1679
1588
1680
1589
1681
1590
1682
1591
1683
1592
1684
1593
1685
1594
1686
1595
1687
1596
1688
1597
1689
1598
1690
1599
1691
1600
1692
1601
1693
1602
1694
1603
1695
1604
1696
1605
1697
1606
1698
1607
1699
1608
1700
1609
1701
1610
1702
1611
1703
1612
1704
1613
1705
1614
1706
1615
1707
1708
1617
1709
1618
1710
1619
1711
1620
1712
1621
1713
1622
1714
1623
1715
1624
1716
1625
1717
1626
1718
1627
1719
1628
1720
1629
1721
1630
1722
1631
1723
1632
1724
1633
1725
1634
1726
1635
1727
1636
1728
1637
1729
1638
1730
1639
1731
1640
1732
1641
1733
1642
1734
1643
1735
1644
1736
1645
1737
1646
1738
1647
1739
1648
1740
1649
1741
1650
1742
1651
1743
1652
1744
1653
1745
1654
1746
1655
1747
1656
1748
1657
1749
1658
1750
1659
1751
1660
1752
1661
1753
1662
1754
1663
1755
1664
1756
1665
1757
1666
1758
1667
1759
1668
1760
1669
1761
1670
1762
1671
1763
1672
1764
1673
1765
1674
1766
1675
1767
1676
1768
1677
1769
1678
1770
1679
1771
1680
1772
1681
1773
1682
1774
1683
1775
1684
1776
1685
1777
1686
1778
1687
1779
1688
1780
1689
1781
1690
1782
1691
1783
1692
1784
1693
1785
1694
1786
1695
1787
1696
1788
1697
1789
1698
1790
1699
1791
1700
1792
1701
1793
1702
1794
1703
1795
1704
1796
1705
1797
1706
1798
1707
1799
1708
1800
1801
1710
1802
1711
1803
1712
1804
1713
1805
1714
1806
1715
1807
1716
1808
1717
1809
1718
1810
1719
1811
1720
1812
1721
1813
1722
1814
1723
1815
1724
1816
1725
1817
1726
1818
1727
1819
1728
1820
1729
1821
1730
1822
1731
1823
1732
1824
1733
1825
1734
1826
1735
1827
1736
1828
1737
1829
1738
1830
1739
1831
1740
1832
1741
1833
1742
1834
1743
1835
1744
1836
1745
1837
1746
1838
1747
1839
1748
1840
1749
1841
1750
1842
1751
1843
1752
1844
1753
1845
1754
1846
1755
1847
1756
1848
1757
1849
1758
1850
1759
1851
1760
1852
1761
1853
1762
1854
1763
1855
1764
1856
1765
1857
1766
1858
1767
1859
1768
1860
1769
1861
1770
1862
1771
1863
1772
1864
1773
1865
1774
1866
1775
1867
1776
1868
1777
1869
1778
1870
1779
1871
1780
1872
1781
1873
1782
1874
1783
1875
1784
1876
1785
1877
1786
1878
1787
1879
1788
1880
1789
1881
1790
1882
1791
1883
1792
1884
1793
1885
1794
1886
1795
1887
1796
1888
1797
1889
1798
1890
1799
1891
1800
1892
1801
1893
1894
1803
1895
1804
1896
1805
1897
1806
1898
1807
1899
1808
1900
1809
1901
1810
1902
1811
1903
1812
1904
1813
1905
1814
1906
1815
1907
1816
1908
1817
1909
1818
1910
1819
1911
1820
1912
1821
1913
1822
1914
1823
1915
1824
1916
1825
1917
1826
1918
1827
1919
1828
1920
1829
1921
1830
1922
1831
1923
1832
1924
1833
1925
1834
1926
1835
1927
1836
1928
1837
1929
1838
1930
1839
1931
1840
1932
1841
1933
1842
1934
1843
1935
1844
1936
1845
1937
1846
1938
1847
1939
1848
1940
1849
1941
1850
1942
1851
1943
1852
1944
1853
1945
1854
1946
1855
1947
1856
1948
1857
1949
1858
1950
1859
1951
1860
1952
1861
1953
1862
1954
1863
1955
1864
1956
1865
1957
1866
1958
1867
1959
1868
1960
1869
1961
1870
1962
1871
1963
1872
1964
1873
1965
1874
1966
1875
1967
1876
1968
1877
1969
1878
1970
1879
1971
1880
1972
1881
1973
1882
1974
1883
1975
1884
1976
1885
1977
1886
1978
1887
1979
1888
1980
1889
1981
1890
1982
1891
1983
1892
1984
1893
1985
1894
1986
1987
1896
1988
1897
1989
1898
1990
1899
1991
1900
1992
1901
1993
1902
1994
1903
1995
1904
1996
1905
1997
1906
1998
1907
1999
1908
2000
1909
2001
1910
2002
1911
2003
1912
2004
1913
2005
1914
2006
1915
2007
1916
2008
1917
2009
1918
2010
1919
2011
1920
2012
1921
2013
1922
2014
1923
2015
1924
2016
1925
2017
1926
2018
1927
2019
1928
2020
1929
2021
1930
2022
1931
2023
1932
2024
1933
2025
1934
2026
1935
2027
1936
2028
1937
2029
1938
2030
1939
2031
1940
2032
1941
2033
1942
2034
1943
2035
1944
2036
1945
2037
1946
2038
1947
2039
1948
2040
1949
2041
1950
2042
1951
2043
1952
2044
1953
2045
1954
2046
1955
2047
1956
2048
1957
2049
1958
2050
1959
2051
1960
2052
1961
2053
1962
2054
1963
2055
1964
2056
1965
2057
1966
2058
1967
2059
1968
2060
1969
2061
1970
2062
1971
2063
1972
2064
1973
2065
1974
2066
1975
2067
1976
2068
1977
2069
1978
2070
1979
2071
1980
2072
1981
2073
1982
2074
1983
2075
1984
2076
1985
2077
1986
2078
1987
2079
2080
1989
2081
1990
2082
1991
2083
1992
2084
1993
2085
1994
2086
1995
2087
1996
2088
1997
2089
1998
2090
1999
2091
2000
2092
2001
2093
2002
2094
2003
2095
2004
2096
2005
2097
2006
2098
2007
2099
2008
2100
2009
2101
2010
2102
2011
2103
2012
2104
2013
2105
2014
2106
2015
2107
2016
2108
2017
2109
2018
2110
2019
2111
2020
2112
2021
2113
2022
2114
2023
2115
2024
2116
2025
2117
2026
2118
2027
2119
2028
2120
2029
2121
2030
2122
2031
2123
2032
2124
2033
2125
2034
2126
2035
2127
2036
2128
2037
2129
2038
2130
2039
2131
2040
2132
2041
2133
2042
2134
2043
2135
2044
2136
2045
2137
2046
2138
2047
2139
2048
2140
2049
2141
2050
2142
2051
2143
2052
2144
2053
2145
2054
2146
2055
2147
2056
2148
2057
2149
2058
2150
2059
2151
2060
2152
2061
2153
2062
2154
2063
2155
2064
2156
2065
2157
2066
2158
2067
2159
2068
2160
2069
2161
2070
2162
2071
2163
2072
2164
2073
2165
2074
2166
2075
2167
2076
2168
2077
2169
2078
2170
2079
2171
2080
2172
2173
2082
2174
2083
2175
2084
2176
2085
2177
2086
2178
2087
2179
2088
2180
2089
2181
2090
2182
2091
2183
2092
2184
2093
2185
2094
2186
2095
2187
2096
2188
2097
2189
2098
2190
2099
2191
2100
2192
2101
2193
2102
2194
2103
2195
2104
2196
2105
2197
2106
2198
2107
2199
2108
2200
2109
2201
2110
2202
2111
2203
2112
2204
2113
2205
2114
2206
2115
2207
2116
2208
2117
2209
2118
2210
2119
2211
2120
2212
2121
2213
2122
2214
2123
2215
2124
2216
2125
2217
2126
2218
2127
2219
2128
2220
2129
2221
2130
2222
2131
2223
2132
2224
2133
2225
2134
2226
2135
2227
2136
2228
2137
2229
2138
2230
2139
2231
2140
2232
2141
2233
2142
2234
2143
2235
2144
2236
2145
2237
2146
2238
2147
2239
2148
2240
2149
2241
2150
2242
2151
2243
2152
2244
2153
2245
2154
2246
2155
2247
2156
2248
2157
2249
2158
2250
2159
2251
2160
2252
2161
2253
2162
2254
2163
2255
2164
2256
2165
2257
2166
2258
2167
2259
2168
2260
2169
2261
2170
2262
2171
2263
2172
2264
2173
2265
2266
2175
2267
2176
2268
2177
2269
2178
2270
2179
2271
2180
2272
2181
2273
2182
2274
2183
2275
2184
2276
2185
2277
2186
2278
2187
2279
2188
2280
2189
2281
2190
2282
2191
2283
2192
2284
2193
2285
2194
2286
2195
2287
2196
2288
2197
2289
2198
2290
2199
2291
2200
2292
2201
2293
2202
2294
2203
2295
2204
2296
2205
2297
2206
2298
2207
2299
2208
2300
2209
2301
2210
2302
2211
2303
2212
2304
2213
2305
2214
2306
2215
2307
2216
2308
2217
2309
2218
2310
2219
2311
2220
2312
2221
2313
2222
2314
2223
2315
2224
2316
2225
2317
2226
2318
2227
2319
2228
2320
2229
2321
2230
2322
2231
2323
2232
2324
2233
2325
2234
2326
2235
2327
2236
2328
2237
2329
2238
2330
2239
2331
2240
2332
2241
2333
2242
2334
2243
2335
2244
2336
2245
2337
2246
2338
2247
2339
2248
2340
2249
2341
2250
2342
2251
2343
2252
2344
2253
2345
2254
2346
2255
2347
2256
2348
2257
2349
2258
2350
2259
2351
2260
2352
2261
2353
2262
2354
2263
2355
2264
2356
2265
2357
2266
2358
2359
2268
2360
2269
2361
2270
2362
2271
2363
2272
2364
2273
2365
2274
2366
2275
2367
2276
2368
2277
2369
2278
2370
2279
2371
2280
2372
2281
2373
2282
2374
2283
2375
2284
2376
2285
2377
2286
2378
2287
2379
2288
2380
2289
2381
2290
2382
2291
2383
2292
2384
2293
2385
2294
2386
2295
2387
2296
2388
2297
2389
2298
2390
2299
2391
2300
2392
2301
2393
2302
2394
2303
2395
2304
2396
2305
2397
2306
2398
2307
2399
2308
2400
2309
2401
2310
2402
2311
2403
2312
2404
2313
2405
2314
2406
2315
2407
2316
2408
2317
2409
2318
2410
2319
2411
2320
2412
2321
2413
2322
2414
2323
2415
2324
2416
2325
2417
2326
2418
2327
2419
2328
2420
2329
2421
2330
2422
2331
2423
2332
2424
2333
2425
2334
2426
2335
2427
2336
2428
2337
2429
2338
2430
2339
2431
2340
2432
2341
2433
2342
2434
2343
2435
2344
2436
2345
2437
2346
2438
2347
2439
2348
2440
2349
2441
2350
2442
2351
2443
2352
2444
2353
2445
2354
2446
2355
2447
2356
2448
2357
2449
2358
2450
2359
2451
2452
2361
2453
2362
2454
2363
2455
2364
2456
2365
2457
2366
2458
2367
2459
2368
2460
2369
2461
2370
2462
2371
2463
2372
2464
2373
2465
2374
2466
2375
2467
2376
2468
2377
2469
2378
2470
2379
2471
2380
2472
2381
2473
2382
2474
2383
2475
2384
2476
2385
2477
2386
2478
2387
2479
2388
2480
2389
2481
2390
2482
2391
2483
2392
2484
2393
2485
2394
2486
2395
2487
2396
2488
2397
2489
2398
2490
2399
2491
2400
2492
2401
2493
2402
2494
2403
2495
2404
2496
2405
2497
2406
2498
2407
2499
2408
2500
2409
2501
2410
2502
2411
2503
2412
2504
2413
2505
2414
2506
2415
2507
2416
2508
2417
2509
2418
2510
2419
2511
2420
2512
2421
2513
2422
2514
2423
2515
2424
2516
2425
2517
2426
2518
2427
2519
2428
2520
2429
2521
2430
2522
2431
2523
2432
2524
2433
2525
2434
2526
2435
2527
2436
2528
2437
2529
2438
2530
2439
2531
2440
2532
2441
2533
2442
2534
2443
2535
2444
2536
2445
2537
2446
2538
2447
2539
2448
2540
2449
2541
2450
2542
2451
2543
2452
2544
2545
2454
2546
2455
2547
2456
2548
2457
2549
2458
2550
2459
2551
2460
2552
2461
2553
2462
2554
2463
2555
2464
2556
2465
2557
2466
2558
2467
2559
2468
2560
2469
2561
2470
2562
2471
2563
2472
2564
2473
2565
2474
2566
2475
2567
2476
2568
2477
2569
2478
2570
2479
2571
2480
2572
2481
2573
2482
2574
2483
2575
2484
2576
2485
2577
2486
2578
2487
2579
2488
2580
2489
2581
2490
2582
2491
2583
2492
2584
2493
2585
2494
2586
2495
2587
2496
2588
2497
2589
2498
2590
2499
2591
2500
2592
2501
2593
2502
2594
2503
2595
2504
2596
2505
2597
2506
2598
2507
2599
2508
2600
2509
2601
2510
2602
2511
2603
2512
2604
2513
2605
2514
2606
2515
2607
2516
2608
2517
2609
2518
2610
2519
2611
2520
2612
2521
2613
2522
2614
2523
2615
2524
2616
2525
2617
2526
2618
2527
2619
2528
2620
2529
2621
2530
2622
2531
2623
2532
2624
2533
2625
2534
2626
2535
2627
2536
2628
2537
2629
2538
2630
2539
2631
2540
2632
2541
2633
2542
2634
2543
2635
2544
2636
2545
2637
2638
2547
2639
2548
2640
2549
2641
2550
2642
2551
2643
2552
2644
2553
2645
2554
2646
2555
2647
2556
2648
2557
2649
2558
2650
2559
2651
2560
2652
2561
2653
2562
2654
2563
2655
2564
2656
2565
2657
2566
2658
2567
2659
2568
2660
2569
2661
2570
2662
2571
2663
2572
2664
2573
2665
2574
2666
2575
2667
2576
2668
2577
2669
2578
2670
2579
2671
2580
2672
2581
2673
2582
2674
2583
2675
2584
2676
2585
2677
2586
2678
2587
2679
2588
2680
2589
2681
2590
2682
2591
2683
2592
2684
2593
2685
2594
2686
2595
2687
2596
2688
2597
2689
2598
2690
2599
2691
2600
2692
2601
2693
2602
2694
2603
2695
2604
2696
2605
2697
2606
2698
2607
2699
2608
2700
2609
2701
2610
2702
2611
2703
2612
2704
2613
2705
2614
2706
2615
2707
2616
2708
2617
2709
2618
2710
2619
2711
2620
2712
2621
2713
2622
2714
2623
2715
2624
2716
2625
2717
2626
2718
2627
2719
2628
2720
2629
2721
2630
2722
2631
2723
2632
2724
2633
2725
2634
2726
2635
2727
2636
2728
2637
2729
2638
2730
2731
2640
2732
2641
2733
2642
2734
2643
2735
2644
2736
2645
2737
2646
2738
2647
2739
2648
2740
2649
2741
2650
2742
2651
2743
2652
2744
2653
2745
2654
2746
2655
2747
2656
2748
2657
2749
2658
2750
2659
2751
2660
2752
2661
2753
2662
2754
2663
2755
2664
2756
2665
2757
2666
2758
2667
2759
2668
2760
2669
2761
2670
2762
2671
2763
2672
2764
2673
2765
2674
2766
2675
2767
2676
2768
2677
2769
2678
2770
2679
2771
2680
2772
2681
2773
2682
2774
2683
2775
2684
2776
2685
2777
2686
2778
2687
2779
2688
2780
2689
2781
2690
2782
2691
2783
2692
2784
2693
2785
2694
2786
2695
2787
2696
2788
2697
2789
2698
2790
2699
2791
2700
2792
2701
2793
2702
2794
2703
2795
2704
2796
2705
2797
2706
2798
2707
2799
2708
2800
2709
2801
2710
2802
2711
2803
2712
2804
2713
2805
2714
2806
2715
2807
2716
2808
2717
2809
2718
2810
2719
2811
2720
2812
2721
2813
2722
2814
2723
2815
2724
2816
2725
2817
2726
2818
2727
2819
2728
2820
2729
2821
2730
2822
2731
2823
2824
2733
2825
2734
2826
2735
2827
2736
2828
2737
2829
2738
2830
2739
2831
2740
2832
2741
2833
2742
2834
2743
2835
2744
2836
2745
2837
2746
2838
2747
2839
2748
2840
2749
2841
2750
2842
2751
2843
2752
2844
2753
2845
2754
2846
2755
2847
2756
2848
2757
2849
2758
2850
2759
2851
2760
2852
2761
2853
2762
2854
2763
2855
2764
2856
2765
2857
2766
2858
2767
2859
2768
2860
2769
2861
2770
2862
2771
2863
2772
2864
2773
2865
2774
2866
2775
2867
2776
2868
2777
2869
2778
2870
2779
2871
2780
2872
2781
2873
2782
2874
2783
2875
2784
2876
2785
2877
2786
2878
2787
2879
2788
2880
2789
2881
2790
2882
2791
2883
2792
2884
2793
2885
2794
2886
2795
2887
2796
2888
2797
2889
2798
2890
2799
2891
2800
2892
2801
2893
2802
2894
2803
2895
2804
2896
2805
2897
2806
2898
2807
2899
2808
2900
2809
2901
2810
2902
2811
2903
2812
2904
2813
2905
2814
2906
2815
2907
2816
2908
2817
2909
2818
2910
2819
2911
2820
2912
2821
2913
2822
2914
2823
2915
2824
2916
2917
2826
2918
2827
2919
2828
2920
2829
2921
2830
2922
2831
2923
2832
2924
2833
2925
2834
2926
2835
2927
2836
2928
2837
2929
2838
2930
2839
2931
2840
2932
2841
2933
2842
2934
2843
2935
2844
2936
2845
2937
2846
2938
2847
2939
2848
2940
2849
2941
2850
2942
2851
2943
2852
2944
2853
2945
2854
2946
2855
2947
2856
2948
2857
2949
2858
2950
2859
2951
2860
2952
2861
2953
2862
2954
2863
2955
2864
2956
2865
2957
2866
2958
2867
2959
2868
2960
2869
2961
2870
2962
2871
2963
2872
2964
2873
2965
2874
2966
2875
2967
2876
2968
2877
2969
2878
2970
2879
2971
2880
2972
2881
2973
2882
2974
2883
2975
2884
2976
2885
2977
2886
2978
2887
2979
2888
2980
2889
2981
2890
2982
2891
2983
2892
2984
2893
2985
2894
2986
2895
2987
2896
2988
2897
2989
2898
2990
2899
2991
2900
2992
2901
2993
2902
2994
2903
2995
2904
2996
2905
2997
2906
2998
2907
2999
2908
3000
2909
3001
2910
3002
2911
3003
2912
3004
2913
3005
2914
3006
2915
3007
2916
3008
2917
3009
3010
2919
3011
2920
3012
2921
3013
2922
3014
2923
3015
2924
3016
2925
3017
2926
3018
2927
3019
2928
3020
2929
3021
2930
3022
2931
3023
2932
3024
2933
3025
2934
3026
2935
3027
2936
3028
2937
3029
2938
3030
2939
3031
2940
3032
2941
3033
2942
3034
2943
3035
2944
3036
2945
3037
2946
3038
2947
3039
2948
3040
2949
3041
2950
3042
2951
3043
2952
3044
2953
3045
2954
3046
2955
3047
2956
3048
2957
3049
2958
3050
2959
3051
2960
3052
2961
3053
2962
3054
2963
3055
2964
3056
2965
3057
2966
3058
2967
3059
2968
3060
2969
3061
2970
3062
2971
3063
2972
3064
2973
3065
2974
3066
2975
3067
2976
3068
2977
3069
2978
3070
2979
3071
2980
3072
2981
3073
2982
3074
2983
3075
2984
3076
2985
3077
2986
3078
2987
3079
2988
3080
2989
3081
2990
3082
2991
3083
2992
3084
2993
3085
2994
3086
2995
3087
2996
3088
2997
3089
2998
3090
2999
3091
3000
3092
3001
3093
3002
3094
3003
3095
3004
3096
3005
3097
3006
3098
3007
3099
3008
3100
3009
3101
3010
3102
3103
3012
3104
3013
3105
3014
3106
3015
3107
3016
3108
3017
3109
3018
3110
3019
3111
3020
3112
3021
3113
3022
3114
3023
3115
3024
3116
3025
3117
3026
3118
3027
3119
3028
3120
3029
3121
3030
3122
3031
3123
3032
3124
3033
3125
3034
3126
3035
3127
3036
3128
3037
3129
3038
3130
3039
3131
3040
3132
3041
3133
3042
3134
3043
3135
3044
3136
3045
3137
3046
3138
3047
3139
3048
3140
3049
3141
3050
3142
3051
3143
3052
3144
3053
3145
3054
3146
3055
3147
3056
3148
3057
3149
3058
3150
3059
3151
3060
3152
3061
3153
3062
3154
3063
3155
3064
3156
3065
3157
3066
3158
3067
3159
3068
3160
3069
3161
3070
3162
3071
3163
3072
3164
3073
3165
3074
3166
3075
3167
3076
3168
3077
3169
3078
3170
3079
3171
3080
3172
3081
3173
3082
3174
3083
3175
3084
3176
3085
3177
3086
3178
3087
3179
3088
3180
3089
3181
3090
3182
3091
3183
3092
3184
3093
3185
3094
3186
3095
3187
3096
3188
3097
3189
3098
3190
3099
3191
3100
3192
3101
3193
3102
3194
3103
3195
3105
3196
3106
3197
3107
3198
3108
3199
3109
3200
3110
3201
3111
3202
3112
3203
3113
3204
3114
3205
3115
3206
3116
3207
3117
3208
3118
3209
3119
3210
3120
3211
3121
3212
3122
3213
3123
3214
3124
3215
3125
3216
3126
3217
3127
3218
3128
3219
3129
3220
3130
3221
3131
3222
3132
3223
3133
3224
3134
3225
3135
3226
3136
3227
3137
3228
3138
3229
3139
3230
3140
3231
3141
3232
3142
3233
3143
3234
3144
3235
3145
3236
3146
3237
3147
3238
3148
3239
3149
3240
3150
3241
3151
3242
3152
3243
3153
3244
3154
3245
3155
3246
3156
3247
3157
3248
3158
3249
3159
3250
3160
3251
3161
3252
3162
3253
3163
3254
3164
3255
3165
3256
3166
3257
3167
3258
3168
3259
3169
3260
3170
3261
3171
3262
3172
3263
3173
3264
3174
3265
3175
3266
3176
3267
3177
3268
3178
3269
3179
3270
3180
3271
3181
3272
3182
3273
3183
3274
3184
3275
3185
3276
3186
3277
3187
3278
3188
3279
3189
3280
3190
3281
3191
3282
3192
3283
3193
3284
3194
3285
3195
3286
3287
3197
3288
3198
3289
3199
3290
3200
3291
3201
3292
3202
3293
3203
3294
3204
3295
3205
3296
3206
3297
3207
3298
3208
3299
3209
3300
3210
3301
3211
3302
3212
3303
3213
3304
3214
3305
3215
3306
3216
3307
3217
3308
3218
3309
3219
3310
3220
3311
3221
3312
3222
3313
3223
3314
3224
3315
3225
3316
3226
3317
3227
3318
3228
3319
3229
3320
3230
3321
3231
3322
3232
3323
3233
3324
3234
3325
3235
3326
3236
3327
3237
3328
3238
3329
3239
3330
3240
3331
3241
3332
3242
3333
3243
3334
3244
3335
3245
3336
3246
3337
3247
3338
3248
3339
3249
3340
3250
3341
3251
3342
3252
3343
3253
3344
3254
3345
3255
3346
3256
3347
3257
3348
3258
3349
3259
3350
3260
3351
3261
3352
3262
3353
3263
3354
3264
3355
3265
3356
3266
3357
3267
3358
3268
3359
3269
3360
3270
3361
3271
3362
3272
3363
3273
3364
3274
3365
3275
3366
3276
3367
3277
3368
3278
3369
3279
3370
3280
3371
3281
3372
3282
3373
3283
3374
3284
3375
3285
3376
3286
3377
3287
3378
3379
3289
3380
3290
3381
3291
3382
3292
3383
3293
3384
3294
3385
3295
3386
3296
3387
3297
3388
3298
3389
3299
3390
3300
3391
3301
3392
3302
3393
3303
3394
3304
3395
3305
3396
3306
3397
3307
3398
3308
3399
3309
3400
3310
3401
3311
3402
3312
3403
3313
3404
3314
3405
3315
3406
3316
3407
3317
3408
3318
3409
3319
3410
3320
3411
3321
3412
3322
3413
3323
3414
3324
3415
3325
3416
3326
3417
3327
3418
3328
3419
3329
3420
3330
3421
3331
3422
3332
3423
3333
3424
3334
3425
3335
3426
3336
3427
3337
3428
3338
3429
3339
3430
3340
3431
3341
3432
3342
3433
3343
3434
3344
3435
3345
3436
3346
3437
3347
3438
3348
3439
3349
3440
3350
3441
3351
3442
3352
3443
3353
3444
3354
3445
3355
3446
3356
3447
3357
3448
3358
3449
3359
3450
3360
3451
3361
3452
3362
3453
3363
3454
3364
3455
3365
3456
3366
3457
3367
3458
3368
3459
3369
3460
3370
3461
3371
3462
3372
3463
3373
3464
3374
3465
3375
3466
3376
3467
3377
3468
3378
3469
3379
3470
3381
3471
3382
3472
3383
3473
3384
3474
3385
3475
3386
3476
3387
3477
3388
3478
3389
3479
3390
3480
3391
3481
3392
3482
3393
3483
3394
3484
3395
3485
3396
3486
3397
3487
3398
3488
3399
3489
3400
3490
3401
3491
3402
3492
3403
3493
3404
3494
3405
3495
3406
3496
3407
3497
3408
3498
3409
3499
3410
3500
3411
3501
3412
3502
3413
3503
3414
3504
3415
3505
3416
3506
3417
3507
3418
3508
3419
3509
3420
3510
3421
3511
3422
3512
3423
3513
3424
3514
3425
3515
3426
3516
3427
3517
3428
3518
3429
3519
3430
3520
3431
3521
3432
3522
3433
3523
3434
3524
3435
3525
3436
3526
3437
3527
3438
3528
3439
3529
3440
3530
3441
3531
3442
3532
3443
3533
3444
3534
3445
3535
3446
3536
3447
3537
3448
3538
3449
3539
3450
3540
3451
3541
3452
3542
3453
3543
3454
3544
3455
3545
3456
3546
3457
3547
3458
3548
3459
3549
3460
3550
3461
3551
3462
3552
3463
3553
3464
3554
3465
3555
3466
3556
3467
3557
3468
3558
3469
3559
3470
3560
3561
3472
3562
3473
3563
3474
3564
3475
3565
3476
3566
3477
3567
3478
3568
3479
3569
3480
3570
3481
3571
3482
3572
3483
3573
3484
3574
3485
3575
3486
3576
3487
3577
3488
3578
3489
3579
3490
3580
3491
3581
3492
3582
3493
3583
3494
3584
3495
3585
3496
3586
3497
3587
3498
3588
3499
3589
3500
3590
3501
3591
3502
3592
3503
3593
3504
3594
3505
3595
3506
3596
3507
3597
3508
3598
3509
3599
3510
3600
3511
3601
3512
3602
3513
3603
3514
3604
3515
3605
3516
3606
3517
3607
3518
3608
3519
3609
3520
3610
3521
3611
3522
3612
3523
3613
3524
3614
3525
3615
3526
3616
3527
3617
3528
3618
3529
3619
3530
3620
3531
3621
3532
3622
3533
3623
3534
3624
3535
3625
3536
3626
3537
3627
3538
3628
3539
3629
3540
3630
3541
3631
3542
3632
3543
3633
3544
3634
3545
3635
3546
3636
3547
3637
3548
3638
3549
3639
3550
3640
3551
3641
3552
3642
3553
3643
3554
3644
3555
3645
3556
3646
3557
3647
3558
3648
3559
3649
3560
3650
3561
3651
3563
3652
3564
3653
3565
3654
3566
3655
3567
3656
3568
3657
3569
3658
3570
3659
3571
3660
3572
3661
3573
3662
3574
3663
3575
3664
3576
3665
3577
3666
3578
3667
3579
3668
3580
3669
3581
3670
3582
3671
3583
3672
3584
3673
3585
3674
3586
3675
3587
3676
3588
3677
3589
3678
3590
3679
3591
3680
3592
3681
3593
3682
3594
3683
3595
3684
3596
3685
3597
3686
3598
3687
3599
3688
3600
3689
3601
3690
3602
3691
3603
3692
3604
3693
3605
3694
3606
3695
3607
3696
3608
3697
3609
3698
3610
3699
3611
3700
3612
3701
3613
3702
3614
3703
3615
3704
3616
3705
3617
3706
3618
3707
3619
3708
3620
3709
3621
3710
3622
3711
3623
3712
3624
3713
3625
3714
3626
3715
3627
3716
3628
3717
3629
3718
3630
3719
3631
3720
3632
3721
3633
3722
3634
3723
3635
3724
3636
3725
3637
3726
3638
3727
3639
3728
3640
3729
3641
3730
3642
3731
3643
3732
3644
3733
3645
3734
3646
3735
3647
3736
3648
3737
3649
3738
3650
3739
3651
3740
3741
3653
3742
3654
3743
3655
3744
3656
3745
3657
3746
3658
3747
3659
3748
3660
3749
3661
3750
3662
3751
3663
3752
3664
3753
3665
3754
3666
3755
3667
3756
3668
3757
3669
3758
3670
3759
3671
3760
3672
3761
3673
3762
3674
3763
3675
3764
3676
3765
3677
3766
3678
3767
3679
3768
3680
3769
3681
3770
3682
3771
3683
3772
3684
3773
3685
3774
3686
3775
3687
3776
3688
3777
3689
3778
3690
3779
3691
3780
3692
3781
3693
3782
3694
3783
3695
3784
3696
3785
3697
3786
3698
3787
3699
3788
3700
3789
3701
3790
3702
3791
3703
3792
3704
3793
3705
3794
3706
3795
3707
3796
3708
3797
3709
3798
3710
3799
3711
3800
3712
3801
3713
3802
3714
3803
3715
3804
3716
3805
3717
3806
3718
3807
3719
3808
3720
3809
3721
3810
3722
3811
3723
3812
3724
3813
3725
3814
3726
3815
3727
3816
3728
3817
3729
3818
3730
3819
3731
3820
3732
3821
3733
3822
3734
3823
3735
3824
3736
3825
3737
3826
3738
3827
3739
3828
3740
3829
3741
3830
3831
3743
3832
3744
3833
3745
3834
3746
3835
3747
3836
3748
3837
3749
3838
3750
3839
3751
3840
3752
3841
3753
3842
3754
3843
3755
3844
3756
3845
3757
3846
3758
3847
3759
3848
3760
3849
3761
3850
3762
3851
3763
3852
3764
3853
3765
3854
3766
3855
3767
3856
3768
3857
3769
3858
3770
3859
3771
3860
3772
3861
3773
3862
3774
3863
3775
3864
3776
3865
3777
3866
3778
3867
3779
3868
3780
3869
3781
3870
3782
3871
3783
3872
3784
3873
3785
3874
3786
3875
3787
3876
3788
3877
3789
3878
3790
3879
3791
3880
3792
3881
3793
3882
3794
3883
3795
3884
3796
3885
3797
3886
3798
3887
3799
3888
3800
3889
3801
3890
3802
3891
3803
3892
3804
3893
3805
3894
3806
3895
3807
3896
3808
3897
3809
3898
3810
3899
3811
3900
3812
3901
3813
3902
3814
3903
3815
3904
3816
3905
3817
3906
3818
3907
3819
3908
3820
3909
3821
3910
3822
3911
3823
3912
3824
3913
3825
3914
3826
3915
3827
3916
3828
3917
3829
3918
3830
3919
3831
3920
3921
3833
3922
3834
3923
3835
3924
3836
3925
3837
3926
3838
3927
3839
3928
3840
3929
3841
3930
3842
3931
3843
3932
3844
3933
3845
3934
3846
3935
3847
3936
3848
3937
3849
3938
3850
3939
3851
3940
3852
3941
3853
3942
3854
3943
3855
3944
3856
3945
3857
3946
3858
3947
3859
3948
3860
3949
3861
3950
3862
3951
3863
3952
3864
3953
3865
3954
3866
3955
3867
3956
3868
3957
3869
3958
3870
3959
3871
3960
3872
3961
3873
3962
3874
3963
3875
3964
3876
3965
3877
3966
3878
3967
3879
3968
3880
3969
3881
3970
3882
3971
3883
3972
3884
3973
3885
3974
3886
3975
3887
3976
3888
3977
3889
3978
3890
3979
3891
3980
3892
3981
3893
3982
3894
3983
3895
3984
3896
3985
3897
3986
3898
3987
3899
3988
3900
3989
3901
3990
3902
3991
3903
3992
3904
3993
3905
3994
3906
3995
3907
3996
3908
3997
3909
3998
3910
3999
3911
4000
3912
4001
3913
4002
3914
4003
3915
4004
3916
4005
3917
4006
3918
4007
3919
4008
3920
4009
3921
4010
4011
3923
4012
3924
4013
3925
4014
3926
4015
3927
4016
3928
4017
3929
4018
3930
4019
3931
4020
3932
4021
3933
4022
3934
4023
3935
4024
3936
4025
3937
4026
3938
4027
3939
4028
3940
4029
3941
4030
3942
4031
3943
4032
3944
4033
3945
4034
3946
4035
3947
4036
3948
4037
3949
4038
3950
4039
3951
4040
3952
4041
3953
4042
3954
4043
3955
4044
3956
4045
3957
4046
3958
4047
3959
4048
3960
4049
3961
4050
3962
4051
3963
4052
3964
4053
3965
4054
3966
4055
3967
4056
3968
4057
3969
4058
3970
4059
3971
4060
3972
4061
3973
4062
3974
4063
3975
4064
3976
4065
3977
4066
3978
4067
3979
4068
3980
4069
3981
4070
3982
4071
3983
4072
3984
4073
3985
4074
3986
4075
3987
4076
3988
4077
3989
4078
3990
4079
3991
4080
3992
4081
3993
4082
3994
4083
3995
4084
3996
4085
3997
4086
3998
4087
3999
4088
4000
4089
4001
4090
4002
4091
4003
4092
4004
4093
4005
4094
4006
4095
4007
4096
4008
4097
4009
4098
4010
4099
4011
4100
4101
4013
4102
4014
4103
4015
4104
4016
4105
4017
4106
4018
4107
4019
4108
4020
4109
4021
4110
4022
4111
4023
4112
4024
4113
4025
4114
4026
4115
4027
4116
4028
4117
4029
4118
4030
4119
4031
4120
4032
4121
4033
4122
4034
4123
4035
4124
4036
4125
4037
4126
4038
4127
4039
4128
4040
4129
4041
4130
4042
4131
4043
4132
4044
4133
4045
4134
4046
4135
4047
4136
4048
4137
4049
4138
4050
4139
4051
4140
4052
4141
4053
4142
4054
4143
4055
4144
4056
4145
4057
4146
4058
4147
4059
4148
4060
4149
4061
4150
4062
4151
4063
4152
4064
4153
4065
4154
4066
4155
4067
4156
4068
4157
4069
4158
4070
4159
4071
4160
4072
4161
4073
4162
4074
4163
4075
4164
4076
4165
4077
4166
4078
4167
4079
4168
4080
4169
4081
4170
4082
4171
4083
4172
4084
4173
4085
4174
4086
4175
4087
4176
4088
4177
4089
4178
4090
4179
4091
4180
4092
4181
4093
4182
4094
4183
4095
4184
4096
4185
4097
4186
4098
4187
4099
4188
4100
4189
4101
4190
4191
4103
4192
4104
4193
4105
4194
4106
4195
4107
4196
4108
4197
4109
4198
4110
4199
4111
4200
4112
4201
4113
4202
4114
4203
4115
4204
4116
4205
4117
4206
4118
4207
4119
4208
4120
4209
4121
4210
4122
4211
4123
4212
4124
4213
4125
4214
4126
4215
4127
4216
4128
4217
4129
4218
4130
4219
4131
4220
4132
4221
4133
4222
4134
4223
4135
4224
4136
4225
4137
4226
4138
4227
4139
4228
4140
4229
4141
4230
4142
4231
4143
4232
4144
4233
4145
4234
4146
4235
4147
4236
4148
4237
4149
4238
4150
4239
4151
4240
4152
4241
4153
4242
4154
4243
4155
4244
4156
4245
4157
4246
4158
4247
4159
4248
4160
4249
4161
4250
4162
4251
4163
4252
4164
4253
4165
4254
4166
4255
4167
4256
4168
4257
4169
4258
4170
4259
4171
4260
4172
4261
4173
4262
4174
4263
4175
4264
4176
4265
4177
4266
4178
4267
4179
4268
4180
4269
4181
4270
4182
4271
4183
4272
4184
4273
4185
4274
4186
4275
4187
4276
4188
4277
4189
4278
4190
4279
4191
4280
4281
4193
4282
4194
4283
4195
4284
4196
4285
4197
4286
4198
4287
4199
4288
4200
4289
4201
4290
4202
4291
4203
4292
4204
4293
4205
4294
4206
4295
4207
4296
4208
4297
4209
4298
4210
4299
4211
4300
4212
4301
4213
4302
4214
4303
4215
4304
4216
4305
4217
4306
4218
4307
4219
4308
4220
4309
4221
4310
4222
4311
4223
4312
4224
4313
4225
4314
4226
4315
4227
4316
4228
4317
4229
4318
4230
4319
4231
4320
4232
4321
4233
4322
4234
4323
4235
4324
4236
4325
4237
4326
4238
4327
4239
4328
4240
4329
4241
4330
4242
4331
4243
4332
4244
4333
4245
4334
4246
4335
4247
4336
4248
4337
4249
4338
4250
4339
4251
4340
4252
4341
4253
4342
4254
4343
4255
4344
4256
4345
4257
4346
4258
4347
4259
4348
4260
4349
4261
4350
4262
4351
4263
4352
4264
4353
4265
4354
4266
4355
4267
4356
4268
4357
4269
4358
4270
4359
4271
4360
4272
4361
4273
4362
4274
4363
4275
4364
4276
4365
4277
4366
4278
4367
4279
4368
4280
4369
4281
4370
4371
4283
4372
4284
4373
4285
4374
4286
4375
4287
4376
4288
4377
4289
4378
4290
4379
4291
4380
4292
4381
4293
4382
4294
4383
4295
4384
4296
4385
4297
4386
4298
4387
4299
4388
4300
4389
4301
4390
4302
4391
4303
4392
4304
4393
4305
4394
4306
4395
4307
4396
4308
4397
4309
4398
4310
4399
4311
4400
4312
4401
4313
4402
4314
4403
4315
4404
4316
4405
4317
4406
4318
4407
4319
4408
4320
4409
4321
4410
4322
4411
4323
4412
4324
4413
4325
4414
4326
4415
4327
4416
4328
4417
4329
4418
4330
4419
4331
4420
4332
4421
4333
4422
4334
4423
4335
4424
4336
4425
4337
4426
4338
4427
4339
4428
4340
4429
4341
4430
4342
4431
4343
4432
4344
4433
4345
4434
4346
4435
4347
4436
4348
4437
4349
4438
4350
4439
4351
4440
4352
4441
4353
4442
4354
4443
4355
4444
4356
4445
4357
4446
4358
4447
4359
4448
4360
4449
4361
4450
4362
4451
4363
4452
4364
4453
4365
4454
4366
4455
4367
4456
4368
4457
4369
4458
4370
4459
4371
4460
4461
4373
4462
4374
4463
4375
4464
4376
4465
4377
4466
4378
4467
4379
4468
4380
4469
4381
4470
4382
4471
4383
4472
4384
4473
4385
4474
4386
4475
4387
4476
4388
4477
4389
4478
4390
4479
4391
4480
4392
4481
4393
4482
4394
4483
4395
4484
4396
4485
4397
4486
4398
4487
4399
4488
4400
4489
4401
4490
4402
4491
4403
4492
4404
4493
4405
4494
4406
4495
4407
4496
4408
4497
4409
4498
4410
4499
4411
4500
4412
4501
4413
4502
4414
4503
4415
4504
4416
4505
4417
4506
4418
4507
4419
4508
4420
4509
4421
4510
4422
4511
4423
4512
4424
4513
4425
4514
4426
4515
4427
4516
4428
4517
4429
4518
4430
4519
4431
4520
4432
4521
4433
4522
4434
4523
4435
4524
4436
4525
4437
4526
4438
4527
4439
4528
4440
4529
4441
4530
4442
4531
4443
4532
4444
4533
4445
4534
4446
4535
4447
4536
4448
4537
4449
4538
4450
4539
4451
4540
4452
4541
4453
4542
4454
4543
4455
4544
4456
4545
4457
4546
4458
4547
4459
4548
4460
4549
4461
4463
4550
4464
4551
4465
4552
4466
4553
4467
4554
4468
4555
4469
4556
4470
4557
4471
4558
4472
4559
4473
4560
4474
4561
4475
4562
4476
4563
4477
4564
4478
4565
4479
4566
4480
4567
4481
4568
4482
4569
4483
4570
4484
4571
4485
4572
4486
4573
4487
4574
4488
4575
4489
4576
4490
4577
4491
4578
4492
4579
4493
4580
4494
4581
4495
4582
4496
4583
4497
4584
4498
4585
4499
4586
4500
4587
4501
4588
4502
4589
4503
4590
4504
4591
4505
4592
4506
4593
4507
4594
4508
4595
4509
4596
4510
4597
4511
4598
4512
4599
4513
4600
4514
4601
4515
4602
4516
4603
4517
4604
4518
4605
4519
4606
4520
4607
4521
4608
4522
4609
4523
4610
4524
4611
4525
4612
4526
4613
4527
4614
4528
4615
4529
4616
4530
4617
4531
4618
4532
4619
4533
4620
4534
4621
4535
4622
4536
4623
4537
4624
4538
4625
4539
4626
4540
4627
4541
4628
4542
4629
4543
4630
4544
4631
4545
4632
4546
4633
4547
4634
4548
4635
4549
4636
4637
4551
4638
4552
4639
4553
4640
4554
4641
4555
4642
4556
4643
4557
4644
4558
4645
4559
4646
4560
4647
4561
4648
4562
4649
4563
4650
4564
4651
4565
4652
4566
4653
4567
4654
4568
4655
4569
4656
4570
4657
4571
4658
4572
4659
4573
4660
4574
4661
4575
4662
4576
4663
4577
4664
4578
4665
4579
4666
4580
4667
4581
4668
4582
4669
4583
4670
4584
4671
4585
4672
4586
4673
4587
4674
4588
4675
4589
4676
4590
4677
4591
4678
4592
4679
4593
4680
4594
4681
4595
4682
4596
4683
4597
4684
4598
4685
4599
4686
4600
4687
4601
4688
4602
4689
4603
4690
4604
4691
4605
4692
4606
4693
4607
4694
4608
4695
4609
4696
4610
4697
4611
4698
4612
4699
4613
4700
4614
4701
4615
4702
4616
4703
4617
4704
4618
4705
4619
4706
4620
4707
4621
4708
4622
4709
4623
4710
4624
4711
4625
4712
4626
4713
4627
4714
4628
4715
4629
4716
4630
4717
4631
4718
4632
4719
4633
4720
4634
4721
4635
4722
4636
4723
4637
4724
4639
4725
4640
4726
4641
4727
4642
4728
4643
4729
4644
4730
4645
4731
4646
4732
4647
4733
4648
4734
4649
4735
4650
4736
4651
4737
4652
4738
4653
4739
4654
4740
4655
4741
4656
4742
4657
4743
4658
4744
4659
4745
4660
4746
4661
4747
4662
4748
4663
4749
4664
4750
4665
4751
4666
4752
4667
4753
4668
4754
4669
4755
4670
4756
4671
4757
4672
4758
4673
4759
4674
4760
4675
4761
4676
4762
4677
4763
4678
4764
4679
4765
4680
4766
4681
4767
4682
4768
4683
4769
4684
4770
4685
4771
4686
4772
4687
4773
4688
4774
4689
4775
4690
4776
4691
4777
4692
4778
4693
4779
4694
4780
4695
4781
4696
4782
4697
4783
4698
4784
4699
4785
4700
4786
4701
4787
4702
4788
4703
4789
4704
4790
4705
4791
4706
4792
4707
4793
4708
4794
4709
4795
4710
4796
4711
4797
4712
4798
4713
4799
4714
4800
4715
4801
4716
4802
4717
4803
4718
4804
4719
4805
4720
4806
4721
4807
4722
4808
4723
4809
4724
4810
4726
4811
4727
4812
4728
4813
4729
4814
4730
4815
4731
4816
4732
4817
4733
4818
4734
4819
4735
4820
4736
4821
4737
4822
4738
4823
4739
4824
4740
4825
4741
4826
4742
4827
4743
4828
4744
4829
4745
4830
4746
4831
4747
4832
4748
4833
4749
4834
4750
4835
4751
4836
4752
4837
4753
4838
4754
4839
4755
4840
4756
4841
4757
4842
4758
4843
4759
4844
4760
4845
4761
4846
4762
4847
4763
4848
4764
4849
4765
4850
4766
4851
4767
4852
4768
4853
4769
4854
4770
4855
4771
4856
4772
4857
4773
4858
4774
4859
4775
4860
4776
4861
4777
4862
4778
4863
4779
4864
4780
4865
4781
4866
4782
4867
4783
4868
4784
4869
4785
4870
4786
4871
4787
4872
4788
4873
4789
4874
4790
4875
4791
4876
4792
4877
4793
4878
4794
4879
4795
4880
4796
4881
4797
4882
4798
4883
4799
4884
4800
4885
4801
4886
4802
4887
4803
4888
4804
4889
4805
4890
4806
4891
4807
4892
4808
4893
4809
4894
4810
4895
4896
4812
4897
4813
4898
4814
4899
4815
4900
4816
4901
4817
4902
4818
4903
4819
4904
4820
4905
4821
4906
4822
4907
4823
4908
4824
4909
4825
4910
4826
4911
4827
4912
4828
4913
4829
4914
4830
4915
4831
4916
4832
4917
4833
4918
4834
4919
4835
4920
4836
4921
4837
4922
4838
4923
4839
4924
4840
4925
4841
4926
4842
4927
4843
4928
4844
4929
4845
4930
4846
4931
4847
4932
4848
4933
4849
4934
4850
4935
4851
4936
4852
4937
4853
4938
4854
4939
4855
4940
4856
4941
4857
4942
4858
4943
4859
4944
4860
4945
4861
4946
4862
4947
4863
4948
4864
4949
4865
4950
4866
4951
4867
4952
4868
4953
4869
4954
4870
4955
4871
4956
4872
4957
4873
4958
4874
4959
4875
4960
4876
4961
4877
4962
4878
4963
4879
4964
4880
4965
4881
4966
4882
4967
4883
4968
4884
4969
4885
4970
4886
4971
4887
4972
4888
4973
4889
4974
4890
4975
4891
4976
4892
4977
4893
4978
4894
4979
4895
4980
4896
4981
4898
4982
4899
4983
4900
4984
4901
4985
4902
4986
4903
4987
4904
4988
4905
4989
4906
4990
4907
4991
4908
4992
4909
4993
4910
4994
4911
4995
4912
4996
4913
4997
4914
4998
4915
4999
4916
5000
4917
5001
4918
5002
4919
5003
4920
5004
4921
5005
4922
5006
4923
5007
4924
5008
4925
5009
4926
5010
4927
5011
4928
5012
4929
5013
4930
5014
4931
5015
4932
5016
4933
5017
4934
5018
4935
5019
4936
5020
4937
5021
4938
5022
4939
5023
4940
5024
4941
5025
4942
5026
4943
5027
4944
5028
4945
5029
4946
5030
4947
5031
4948
5032
4949
5033
4950
5034
4951
5035
4952
5036
4953
5037
4954
5038
4955
5039
4956
5040
4957
5041
4958
5042
4959
5043
4960
5044
4961
5045
4962
5046
4963
5047
4964
5048
4965
5049
4966
5050
4967
5051
4968
5052
4969
5053
4970
5054
4971
5055
4972
5056
4973
5057
4974
5058
4975
5059
4976
5060
4977
5061
4978
5062
4979
5063
4980
5064
4981
5065
5066
4983
5067
4984
5068
4985
5069
4986
5070
4987
5071
4988
5072
4989
5073
4990
5074
4991
5075
4992
5076
4993
5077
4994
5078
4995
5079
4996
5080
4997
5081
4998
5082
4999
5083
5000
5084
5001
5085
5002
5086
5003
5087
5004
5088
5005
5089
5006
5090
5007
5091
5008
5092
5009
5093
5010
5094
5011
5095
5012
5096
5013
5097
5014
5098
5015
5099
5016
5100
5017
5101
5018
5102
5019
5103
5020
5104
5021
5105
5022
5106
5023
5107
5024
5108
5025
5109
5026
5110
5027
5111
5028
5112
5029
5113
5030
5114
5031
5115
5032
5116
5033
5117
5034
5118
5035
5119
5036
5120
5037
5121
5038
5122
5039
5123
5040
5124
5041
5125
5042
5126
5043
5127
5044
5128
5045
5129
5046
5130
5047
5131
5048
5132
5049
5133
5050
5134
5051
5135
5052
5136
5053
5137
5054
5138
5055
5139
5056
5140
5057
5141
5058
5142
5059
5143
5060
5144
5061
5145
5062
5146
5063
5147
5064
5148
5065
5149
5066
5150
5068
5151
5069
5152
5070
5153
5071
5154
5072
5155
5073
5156
5074
5157
5075
5158
5076
5159
5077
5160
5078
5161
5079
5162
5080
5163
5081
5164
5082
5165
5083
5166
5084
5167
5085
5168
5086
5169
5087
5170
5088
5171
5089
5172
5090
5173
5091
5174
5092
5175
5093
5176
5094
5177
5095
5178
5096
5179
5097
5180
5098
5181
5099
5182
5100
5183
5101
5184
5102
5185
5103
5186
5104
5187
5105
5188
5106
5189
5107
5190
5108
5191
5109
5192
5110
5193
5111
5194
5112
5195
5113
5196
5114
5197
5115
5198
5116
5199
5117
5200
5118
5201
5119
5202
5120
5203
5121
5204
5122
5205
5123
5206
5124
5207
5125
5208
5126
5209
5127
5210
5128
5211
5129
5212
5130
5213
5131
5214
5132
5215
5133
5216
5134
5217
5135
5218
5136
5219
5137
5220
5138
5221
5139
5222
5140
5223
5141
5224
5142
5225
5143
5226
5144
5227
5145
5228
5146
5229
5147
5230
5148
5231
5149
5232
5150
5233
5234
5152
5235
5153
5236
5154
5237
5155
5238
5156
5239
5157
5240
5158
5241
5159
5242
5160
5243
5161
5244
5162
5245
5163
5246
5164
5247
5165
5248
5166
5249
5167
5250
5168
5251
5169
5252
5170
5253
5171
5254
5172
5255
5173
5256
5174
5257
5175
5258
5176
5259
5177
5260
5178
5261
5179
5262
5180
5263
5181
5264
5182
5265
5183
5266
5184
5267
5185
5268
5186
5269
5187
5270
5188
5271
5189
5272
5190
5273
5191
5274
5192
5275
5193
5276
5194
5277
5195
5278
5196
5279
5197
5280
5198
5281
5199
5282
5200
5283
5201
5284
5202
5285
5203
5286
5204
5287
5205
5288
5206
5289
5207
5290
5208
5291
5209
5292
5210
5293
5211
5294
5212
5295
5213
5296
5214
5297
5215
5298
5216
5299
5217
5300
5218
5301
5219
5302
5220
5303
5221
5304
5222
5305
5223
5306
5224
5307
5225
5308
5226
5309
5227
5310
5228
5311
5229
5312
5230
5313
5231
5314
5232
5315
5233
5316
5234
5317
5236
5318
5237
5319
5238
5320
5239
5321
5240
5322
5241
5323
5242
5324
5243
5325
5244
5326
5245
5327
5246
5328
5247
5329
5248
5330
5249
5331
5250
5332
5251
5333
5252
5334
5253
5335
5254
5336
5255
5337
5256
5338
5257
5339
5258
5340
5259
5341
5260
5342
5261
5343
5262
5344
5263
5345
5264
5346
5265
5347
5266
5348
5267
5349
5268
5350
5269
5351
5270
5352
5271
5353
5272
5354
5273
5355
5274
5356
5275
5357
5276
5358
5277
5359
5278
5360
5279
5361
5280
5362
5281
5363
5282
5364
5283
5365
5284
5366
5285
5367
5286
5368
5287
5369
5288
5370
5289
5371
5290
5372
5291
5373
5292
5374
5293
5375
5294
5376
5295
5377
5296
5378
5297
5379
5298
5380
5299
5381
5300
5382
5301
5383
5302
5384
5303
5385
5304
5386
5305
5387
5306
5388
5307
5389
5308
5390
5309
5391
5310
5392
5311
5393
5312
5394
5313
5395
5314
5396
5315
5397
5316
5398
5317
5399
5400
5319
5401
5320
5402
5321
5403
5322
5404
5323
5405
5324
5406
5325
5407
5326
5408
5327
5409
5328
5410
5329
5411
5330
5412
5331
5413
5332
5414
5333
5415
5334
5416
5335
5417
5336
5418
5337
5419
5338
5420
5339
5421
5340
5422
5341
5423
5342
5424
5343
5425
5344
5426
5345
5427
5346
5428
5347
5429
5348
5430
5349
5431
5350
5432
5351
5433
5352
5434
5353
5435
5354
5436
5355
5437
5356
5438
5357
5439
5358
5440
5359
5441
5360
5442
5361
5443
5362
5444
5363
5445
5364
5446
5365
5447
5366
5448
5367
5449
5368
5450
5369
5451
5370
5452
5371
5453
5372
5454
5373
5455
5374
5456
5375
5457
5376
5458
5377
5459
5378
5460
5379
5461
5380
5462
5381
5463
5382
5464
5383
5465
5384
5466
5385
5467
5386
5468
5387
5469
5388
5470
5389
5471
5390
5472
5391
5473
5392
5474
5393
5475
5394
5476
5395
5477
5396
5478
5397
5479
5398
5480
5399
5481
5400
5482
5483
5402
5484
5403
5485
5404
5486
5405
5487
5406
5488
5407
5489
5408
5490
5409
5491
5410
5492
5411
5493
5412
5494
5413
5495
5414
5496
5415
5497
5416
5498
5417
5499
5418
5500
5419
5501
5420
5502
5421
5503
5422
5504
5423
5505
5424
5506
5425
5507
5426
5508
5427
5509
5428
5510
5429
5511
5430
5512
5431
5513
5432
5514
5433
5515
5434
5516
5435
5517
5436
5518
5437
5519
5438
5520
5439
5521
5440
5522
5441
5523
5442
5524
5443
5525
5444
5526
5445
5527
5446
5528
5447
5529
5448
5530
5449
5531
5450
5532
5451
5533
5452
5534
5453
5535
5454
5536
5455
5537
5456
5538
5457
5539
5458
5540
5459
5541
5460
5542
5461
5543
5462
5544
5463
5545
5464
5546
5465
5547
5466
5548
5467
5549
5468
5550
5469
5551
5470
5552
5471
5553
5472
5554
5473
5555
5474
5556
5475
5557
5476
5558
5477
5559
5478
5560
5479
5561
5480
5562
5481
5563
5482
5564
5483
5565
5566
5485
5567
5486
5568
5487
5569
5488
5570
5489
5571
5490
5572
5491
5573
5492
5574
5493
5575
5494
5576
5495
5577
5496
5578
5497
5579
5498
5580
5499
5581
5500
5582
5501
5583
5502
5584
5503
5585
5504
5586
5505
5587
5506
5588
5507
5589
5508
5590
5509
5591
5510
5592
5511
5593
5512
5594
5513
5595
5514
5596
5515
5597
5516
5598
5517
5599
5518
5600
5519
5601
5520
5602
5521
5603
5522
5604
5523
5605
5524
5606
5525
5607
5526
5608
5527
5609
5528
5610
5529
5611
5530
5612
5531
5613
5532
5614
5533
5615
5534
5616
5535
5617
5536
5618
5537
5619
5538
5620
5539
5621
5540
5622
5541
5623
5542
5624
5543
5625
5544
5626
5545
5627
5546
5628
5547
5629
5548
5630
5549
5631
5550
5632
5551
5633
5552
5634
5553
5635
5554
5636
5555
5637
5556
5638
5557
5639
5558
5640
5559
5641
5560
5642
5561
5643
5562
5644
5563
5645
5564
5646
5565
5647
5566
5648
5649
5568
5650
5569
5651
5570
5652
5571
5653
5572
5654
5573
5655
5574
5656
5575
5657
5576
5658
5577
5659
5578
5660
5579
5661
5580
5662
5581
5663
5582
5664
5583
5665
5584
5666
5585
5667
5586
5668
5587
5669
5588
5670
5589
5671
5590
5672
5591
5673
5592
5674
5593
5675
5594
5676
5595
5677
5596
5678
5597
5679
5598
5680
5599
5681
5600
5682
5601
5683
5602
5684
5603
5685
5604
5686
5605
5687
5606
5688
5607
5689
5608
5690
5609
5691
5610
5692
5611
5693
5612
5694
5613
5695
5614
5696
5615
5697
5616
5698
5617
5699
5618
5700
5619
5701
5620
5702
5621
5703
5622
5704
5623
5705
5624
5706
5625
5707
5626
5708
5627
5709
5628
5710
5629
5711
5630
5712
5631
5713
5632
5714
5633
5715
5634
5716
5635
5717
5636
5718
5637
5719
5638
5720
5639
5721
5640
5722
5641
5723
5642
5724
5643
5725
5644
5726
5645
5727
5646
5728
5647
5729
5648
5730
5649
5731
5651
5732
5652
5733
5653
5734
5654
5735
5655
5736
5656
5737
5657
5738
5658
5739
5659
5740
5660
5741
5661
5742
5662
5743
5663
5744
5664
5745
5665
5746
5666
5747
5667
5748
5668
5749
5669
5750
5670
5751
5671
5752
5672
5753
5673
5754
5674
5755
5675
5756
5676
5757
5677
5758
5678
5759
5679
5760
5680
5761
5681
5762
5682
5763
5683
5764
5684
5765
5685
5766
5686
5767
5687
5768
5688
5769
5689
5770
5690
5771
5691
5772
5692
5773
5693
5774
5694
5775
5695
5776
5696
5777
5697
5778
5698
5779
5699
5780
5700
5781
5701
5782
5702
5783
5703
5784
5704
5785
5705
5786
5706
5787
5707
5788
5708
5789
5709
5790
5710
5791
5711
5792
5712
5793
5713
5794
5714
5795
5715
5796
5716
5797
5717
5798
5718
5799
5719
5800
5720
5801
5721
5802
5722
5803
5723
5804
5724
5805
5725
5806
5726
5807
5727
5808
5728
5809
5729
5810
5730
5811
5731
5812
5813
5733
5814
5734
5815
5735
5816
5736
5817
5737
5818
5738
5819
5739
5820
5740
5821
5741
5822
5742
5823
5743
5824
5744
5825
5745
5826
5746
5827
5747
5828
5748
5829
5749
5830
5750
5831
5751
5832
5752
5833
5753
5834
5754
5835
5755
5836
5756
5837
5757
5838
5758
5839
5759
5840
5760
5841
5761
5842
5762
5843
5763
5844
5764
5845
5765
5846
5766
5847
5767
5848
5768
5849
5769
5850
5770
5851
5771
5852
5772
5853
5773
5854
5774
5855
5775
5856
5776
5857
5777
5858
5778
5859
5779
5860
5780
5861
5781
5862
5782
5863
5783
5864
5784
5865
5785
5866
5786
5867
5787
5868
5788
5869
5789
5870
5790
5871
5791
5872
5792
5873
5793
5874
5794
5875
5795
5876
5796
5877
5797
5878
5798
5879
5799
5880
5800
5881
5801
5882
5802
5883
5803
5884
5804
5885
5805
5886
5806
5887
5807
5888
5808
5889
5809
5890
5810
5891
5811
5892
5812
5893
5813
5894
5815
5895
5816
5896
5817
5897
5818
5898
5819
5899
5820
5900
5821
5901
5822
5902
5823
5903
5824
5904
5825
5905
5826
5906
5827
5907
5828
5908
5829
5909
5830
5910
5831
5911
5832
5912
5833
5913
5834
5914
5835
5915
5836
5916
5837
5917
5838
5918
5839
5919
5840
5920
5841
5921
5842
5922
5843
5923
5844
5924
5845
5925
5846
5926
5847
5927
5848
5928
5849
5929
5850
5930
5851
5931
5852
5932
5853
5933
5854
5934
5855
5935
5856
5936
5857
5937
5858
5938
5859
5939
5860
5940
5861
5941
5862
5942
5863
5943
5864
5944
5865
5945
5866
5946
5867
5947
5868
5948
5869
5949
5870
5950
5871
5951
5872
5952
5873
5953
5874
5954
5875
5955
5876
5956
5877
5957
5878
5958
5879
5959
5880
5960
5881
5961
5882
5962
5883
5963
5884
5964
5885
5965
5886
5966
5887
5967
5888
5968
5889
5969
5890
5970
5891
5971
5892
5972
5893
5973
5894
5974
5975
5896
5976
5897
5977
5898
5978
5899
5979
5900
5980
5901
5981
5902
5982
5903
5983
5904
5984
5905
5985
5906
5986
5907
5987
5908
5988
5909
5989
5910
5990
5911
5991
5912
5992
5913
5993
5914
5994
5915
5995
5916
5996
5917
5997
5918
5998
5919
5999
5920
6000
5921
6001
5922
6002
5923
6003
5924
6004
5925
6005
5926
6006
5927
6007
5928
6008
5929
6009
5930
6010
5931
6011
5932
6012
5933
6013
5934
6014
5935
6015
5936
6016
5937
6017
5938
6018
5939
6019
5940
6020
5941
6021
5942
6022
5943
6023
5944
6024
5945
6025
5946
6026
5947
6027
5948
6028
5949
6029
5950
6030
5951
6031
5952
6032
5953
6033
5954
6034
5955
6035
5956
6036
5957
6037
5958
6038
5959
6039
5960
6040
5961
6041
5962
6042
5963
6043
5964
6044
5965
6045
5966
6046
5967
6047
5968
6048
5969
6049
5970
6050
5971
6051
5972
6052
5973
6053
5974
6054
5975
6055
5977
6056
5978
6057
5979
6058
5980
6059
5981
6060
5982
6061
5983
6062
5984
6063
5985
6064
5986
6065
5987
6066
5988
6067
5989
6068
5990
6069
5991
6070
5992
6071
5993
6072
5994
6073
5995
6074
5996
6075
5997
6076
5998
6077
5999
6078
6000
6079
6001
6080
6002
6081
6003
6082
6004
6083
6005
6084
6006
6085
6007
6086
6008
6087
6009
6088
6010
6089
6011
6090
6012
6091
6013
6092
6014
6093
6015
6094
6016
6095
6017
6096
6018
6097
6019
6098
6020
6099
6021
6100
6022
6101
6023
6102
6024
6103
6025
6104
6026
6105
6027
6106
6028
6107
6029
6108
6030
6109
6031
6110
6032
6111
6033
6112
6034
6113
6035
6114
6036
6115
6037
6116
6038
6117
6039
6118
6040
6119
6041
6120
6042
6121
6043
6122
6044
6123
6045
6124
6046
6125
6047
6126
6048
6127
6049
6128
6050
6129
6051
6130
6052
6131
6053
6132
6054
6133
6055
6134
6057
6135
6058
6136
6059
6137
6060
6138
6061
6139
6062
6140
6063
6141
6064
6142
6065
6143
6066
6144
6067
6145
6068
6146
6069
6147
6070
6148
6071
6149
6072
6150
6073
6151
6074
6152
6075
6153
6076
6154
6077
6155
6078
6156
6079
6157
6080
6158
6081
6159
6082
6160
6083
6161
6084
6162
6085
6163
6086
6164
6087
6165
6088
6166
6089
6167
6090
6168
6091
6169
6092
6170
6093
6171
6094
6172
6095
6173
6096
6174
6097
6175
6098
6176
6099
6177
6100
6178
6101
6179
6102
6180
6103
6181
6104
6182
6105
6183
6106
6184
6107
6185
6108
6186
6109
6187
6110
6188
6111
6189
6112
6190
6113
6191
6114
6192
6115
6193
6116
6194
6117
6195
6118
6196
6119
6197
6120
6198
6121
6199
6122
6200
6123
6201
6124
6202
6125
6203
6126
6204
6127
6205
6128
6206
6129
6207
6130
6208
6131
6209
6132
6210
6133
6211
6134
6212
6213
6136
6214
6137
6215
6138
6216
6139
6217
6140
6218
6141
6219
6142
6220
6143
6221
6144
6222
6145
6223
6146
6224
6147
6225
6148
6226
6149
6227
6150
6228
6151
6229
6152
6230
6153
6231
6154
6232
6155
6233
6156
6234
6157
6235
6158
6236
6159
6237
6160
6238
6161
6239
6162
6240
6163
6241
6164
6242
6165
6243
6166
6244
6167
6245
6168
6246
6169
6247
6170
6248
6171
6249
6172
6250
6173
6251
6174
6252
6175
6253
6176
6254
6177
6255
6178
6256
6179
6257
6180
6258
6181
6259
6182
6260
6183
6261
6184
6262
6185
6263
6186
6264
6187
6265
6188
6266
6189
6267
6190
6268
6191
6269
6192
6270
6193
6271
6194
6272
6195
6273
6196
6274
6197
6275
6198
6276
6199
6277
6200
6278
6201
6279
6202
6280
6203
6281
6204
6282
6205
6283
6206
6284
6207
6285
6208
6286
6209
6287
6210
6288
6211
6289
6212
6290
6213
6291
6215
6292
6216
6293
6217
6294
6218
6295
6219
6296
6220
6297
6221
6298
6222
6299
6223
6300
6224
6301
6225
6302
6226
6303
6227
6304
6228
6305
6229
6306
6230
6307
6231
6308
6232
6309
6233
6310
6234
6311
6235
6312
6236
6313
6237
6314
6238
6315
6239
6316
6240
6317
6241
6318
6242
6319
6243
6320
6244
6321
6245
6322
6246
6323
6247
6324
6248
6325
6249
6326
6250
6327
6251
6328
6252
6329
6253
6330
6254
6331
6255
6332
6256
6333
6257
6334
6258
6335
6259
6336
6260
6337
6261
6338
6262
6339
6263
6340
6264
6341
6265
6342
6266
6343
6267
6344
6268
6345
6269
6346
6270
6347
6271
6348
6272
6349
6273
6350
6274
6351
6275
6352
6276
6353
6277
6354
6278
6355
6279
6356
6280
6357
6281
6358
6282
6359
6283
6360
6284
6361
6285
6362
6286
6363
6287
6364
6288
6365
6289
6366
6290
6367
6291
6368
6369
6293
6370
6294
6371
6295
6372
6296
6373
6297
6374
6298
6375
6299
6376
6300
6377
6301
6378
6302
6379
6303
6380
6304
6381
6305
6382
6306
6383
6307
6384
6308
6385
6309
6386
6310
6387
6311
6388
6312
6389
6313
6390
6314
6391
6315
6392
6316
6393
6317
6394
6318
6395
6319
6396
6320
6397
6321
6398
6322
6399
6323
6400
6324
6401
6325
6402
6326
6403
6327
6404
6328
6405
6329
6406
6330
6407
6331
6408
6332
6409
6333
6410
6334
6411
6335
6412
6336
6413
6337
6414
6338
6415
6339
6416
6340
6417
6341
6418
6342
6419
6343
6420
6344
6421
6345
6422
6346
6423
6347
6424
6348
6425
6349
6426
6350
6427
6351
6428
6352
6429
6353
6430
6354
6431
6355
6432
6356
6433
6357
6434
6358
6435
6359
6436
6360
6437
6361
6438
6362
6439
6363
6440
6364
6441
6365
6442
6366
6443
6367
6444
6368
6445
6369
6446
6447
6371
6448
6372
6449
6373
6450
6374
6451
6375
6452
6376
6453
6377
6454
6378
6455
6379
6456
6380
6457
6381
6458
6382
6459
6383
6460
6384
6461
6385
6462
6386
6463
6387
6464
6388
6465
6389
6466
6390
6467
6391
6468
6392
6469
6393
6470
6394
6471
6395
6472
6396
6473
6397
6474
6398
6475
6399
6476
6400
6477
6401
6478
6402
6479
6403
6480
6404
6481
6405
6482
6406
6483
6407
6484
6408
6485
6409
6486
6410
6487
6411
6488
6412
6489
6413
6490
6414
6491
6415
6492
6416
6493
6417
6494
6418
6495
6419
6496
6420
6497
6421
6498
6422
6499
6423
6500
6424
6501
6425
6502
6426
6503
6427
6504
6428
6505
6429
6506
6430
6507
6431
6508
6432
6509
6433
6510
6434
6511
6435
6512
6436
6513
6437
6514
6438
6515
6439
6516
6440
6517
6441
6518
6442
6519
6443
6520
6444
6521
6445
6522
6446
6523
6447
6524
6525
6449
6526
6450
6527
6451
6528
6452
6529
6453
6530
6454
6531
6455
6532
6456
6533
6457
6534
6458
6535
6459
6536
6460
6537
6461
6538
6462
6539
6463
6540
6464
6541
6465
6542
6466
6543
6467
6544
6468
6545
6469
6546
6470
6547
6471
6548
6472
6549
6473
6550
6474
6551
6475
6552
6476
6553
6477
6554
6478
6555
6479
6556
6480
6557
6481
6558
6482
6559
6483
6560
6484
6561
6485
6562
6486
6563
6487
6564
6488
6565
6489
6566
6490
6567
6491
6568
6492
6569
6493
6570
6494
6571
6495
6572
6496
6573
6497
6574
6498
6575
6499
6576
6500
6577
6501
6578
6502
6579
6503
6580
6504
6581
6505
6582
6506
6583
6507
6584
6508
6585
6509
6586
6510
6587
6511
6588
6512
6589
6513
6590
6514
6591
6515
6592
6516
6593
6517
6594
6518
6595
6519
6596
6520
6597
6521
6598
6522
6599
6523
6600
6524
6601
6525
6602
6603
6527
6604
6528
6605
6529
6606
6530
6607
6531
6608
6532
6609
6533
6610
6534
6611
6535
6612
6536
6613
6537
6614
6538
6615
6539
6616
6540
6617
6541
6618
6542
6619
6543
6620
6544
6621
6545
6622
6546
6623
6547
6624
6548
6625
6549
6626
6550
6627
6551
6628
6552
6629
6553
6630
6554
6631
6555
6632
6556
6633
6557
6634
6558
6635
6559
6636
6560
6637
6561
6638
6562
6639
6563
6640
6564
6641
6565
6642
6566
6643
6567
6644
6568
6645
6569
6646
6570
6647
6571
6648
6572
6649
6573
6650
6574
6651
6575
6652
6576
6653
6577
6654
6578
6655
6579
6656
6580
6657
6581
6658
6582
6659
6583
6660
6584
6661
6585
6662
6586
6663
6587
6664
6588
6665
6589
6666
6590
6667
6591
6668
6592
6669
6593
6670
6594
6671
6595
6672
6596
6673
6597
6674
6598
6675
6599
6676
6600
6677
6601
6678
6602
6679
6603
6680
6681
6605
6682
6606
6683
6607
6684
6608
6685
6609
6686
6610
6687
6611
6688
6612
6689
6613
6690
6614
6691
6615
6692
6616
6693
6617
6694
6618
6695
6619
6696
6620
6697
6621
6698
6622
6699
6623
6700
6624
6701
6625
6702
6626
6703
6627
6704
6628
6705
6629
6706
6630
6707
6631
6708
6632
6709
6633
6710
6634
6711
6635
6712
6636
6713
6637
6714
6638
6715
6639
6716
6640
6717
6641
6718
6642
6719
6643
6720
6644
6721
6645
6722
6646
6723
6647
6724
6648
6725
6649
6726
6650
6727
6651
6728
6652
6729
6653
6730
6654
6731
6655
6732
6656
6733
6657
6734
6658
6735
6659
6736
6660
6737
6661
6738
6662
6739
6663
6740
6664
6741
6665
6742
6666
6743
6667
6744
6668
6745
6669
6746
6670
6747
6671
6748
6672
6749
6673
6750
6674
6751
6675
6752
6676
6753
6677
6754
6678
6755
6679
6756
6680
6757
6681
6758
6683
6759
6684
6760
6685
6761
6686
6762
6687
6763
6688
6764
6689
6765
6690
6766
6691
6767
6692
6768
6693
6769
6694
6770
6695
6771
6696
6772
6697
6773
6698
6774
6699
6775
6700
6776
6701
6777
6702
6778
6703
6779
6704
6780
6705
6781
6706
6782
6707
6783
6708
6784
6709
6785
6710
6786
6711
6787
6712
6788
6713
6789
6714
6790
6715
6791
6716
6792
6717
6793
6718
6794
6719
6795
6720
6796
6721
6797
6722
6798
6723
6799
6724
6800
6725
6801
6726
6802
6727
6803
6728
6804
6729
6805
6730
6806
6731
6807
6732
6808
6733
6809
6734
6810
6735
6811
6736
6812
6737
6813
6738
6814
6739
6815
6740
6816
6741
6817
6742
6818
6743
6819
6744
6820
6745
6821
6746
6822
6747
6823
6748
6824
6749
6825
6750
6826
6751
6827
6752
6828
6753
6829
6754
6830
6755
6831
6756
6832
6757
6833
6758
6834
6835
6760
6836
6761
6837
6762
6838
6763
6839
6764
6840
6765
6841
6766
6842
6767
6843
6768
6844
6769
6845
6770
6846
6771
6847
6772
6848
6773
6849
6774
6850
6775
6851
6776
6852
6777
6853
6778
6854
6779
6855
6780
6856
6781
6857
6782
6858
6783
6859
6784
6860
6785
6861
6786
6862
6787
6863
6788
6864
6789
6865
6790
6866
6791
6867
6792
6868
6793
6869
6794
6870
6795
6871
6796
6872
6797
6873
6798
6874
6799
6875
6800
6876
6801
6877
6802
6878
6803
6879
6804
6880
6805
6881
6806
6882
6807
6883
6808
6884
6809
6885
6810
6886
6811
6887
6812
6888
6813
6889
6814
6890
6815
6891
6816
6892
6817
6893
6818
6894
6819
6895
6820
6896
6821
6897
6822
6898
6823
6899
6824
6900
6825
6901
6826
6902
6827
6903
6828
6904
6829
6905
6830
6906
6831
6907
6832
6908
6833
6909
6834
6910
6835
6911
6837
6912
6838
6913
6839
6914
6840
6915
6841
6916
6842
6917
6843
6918
6844
6919
6845
6920
6846
6921
6847
6922
6848
6923
6849
6924
6850
6925
6851
6926
6852
6927
6853
6928
6854
6929
6855
6930
6856
6931
6857
6932
6858
6933
6859
6934
6860
6935
6861
6936
6862
6937
6863
6938
6864
6939
6865
6940
6866
6941
6867
6942
6868
6943
6869
6944
6870
6945
6871
6946
6872
6947
6873
6948
6874
6949
6875
6950
6876
6951
6877
6952
6878
6953
6879
6954
6880
6955
6881
6956
6882
6957
6883
6958
6884
6959
6885
6960
6886
6961
6887
6962
6888
6963
6889
6964
6890
6965
6891
6966
6892
6967
6893
6968
6894
6969
6895
6970
6896
6971
6897
6972
6898
6973
6899
6974
6900
6975
6901
6976
6902
6977
6903
6978
6904
6979
6905
6980
6906
6981
6907
6982
6908
6983
6909
6984
6910
6985
6911
6986
6987
6913
6988
6914
6989
6915
6990
6916
6991
6917
6992
6918
6993
6919
6994
6920
6995
6921
6996
6922
6997
6923
6998
6924
6999
6925
7000
6926
7001
6927
7002
6928
7003
6929
7004
6930
7005
6931
7006
6932
7007
6933
7008
6934
7009
6935
7010
6936
7011
6937
7012
6938
7013
6939
7014
6940
7015
6941
7016
6942
7017
6943
7018
6944
7019
6945
7020
6946
7021
6947
7022
6948
7023
6949
7024
6950
7025
6951
7026
6952
7027
6953
7028
6954
7029
6955
7030
6956
7031
6957
7032
6958
7033
6959
7034
6960
7035
6961
7036
6962
7037
6963
7038
6964
7039
6965
7040
6966
7041
6967
7042
6968
7043
6969
7044
6970
7045
6971
7046
6972
7047
6973
7048
6974
7049
6975
7050
6976
7051
6977
7052
6978
7053
6979
7054
6980
7055
6981
7056
6982
7057
6983
7058
6984
7059
6985
7060
6986
7061
6987
7062
6989
7063
6990
7064
6991
7065
6992
7066
6993
7067
6994
7068
6995
7069
6996
7070
6997
7071
6998
7072
6999
7073
7000
7074
7001
7075
7002
7076
7003
7077
7004
7078
7005
7079
7006
7080
7007
7081
7008
7082
7009
7083
7010
7084
7011
7085
7012
7086
7013
7087
7014
7088
7015
7089
7016
7090
7017
7091
7018
7092
7019
7093
7020
7094
7021
7095
7022
7096
7023
7097
7024
7098
7025
7099
7026
7100
7027
7101
7028
7102
7029
7103
7030
7104
7031
7105
7032
7106
7033
7107
7034
7108
7035
7109
7036
7110
7037
7111
7038
7112
7039
7113
7040
7114
7041
7115
7042
7116
7043
7117
7044
7118
7045
7119
7046
7120
7047
7121
7048
7122
7049
7123
7050
7124
7051
7125
7052
7126
7053
7127
7054
7128
7055
7129
7056
7130
7057
7131
7058
7132
7059
7133
7060
7134
7061
7135
7062
7136
7064
7137
7065
7138
7066
7139
7067
7140
7068
7141
7069
7142
7070
7143
7071
7144
7072
7145
7073
7146
7074
7147
7075
7148
7076
7149
7077
7150
7078
7151
7079
7152
7080
7153
7081
7154
7082
7155
7083
7156
7084
7157
7085
7158
7086
7159
7087
7160
7088
7161
7089
7162
7090
7163
7091
7164
7092
7165
7093
7166
7094
7167
7095
7168
7096
7169
7097
7170
7098
7171
7099
7172
7100
7173
7101
7174
7102
7175
7103
7176
7104
7177
7105
7178
7106
7179
7107
7180
7108
7181
7109
7182
7110
7183
7111
7184
7112
7185
7113
7186
7114
7187
7115
7188
7116
7189
7117
7190
7118
7191
7119
7192
7120
7193
7121
7194
7122
7195
7123
7196
7124
7197
7125
7198
7126
7199
7127
7200
7128
7201
7129
7202
7130
7203
7131
7204
7132
7205
7133
7206
7134
7207
7135
7208
7136
7209
7210
7138
7211
7139
7212
7140
7213
7141
7214
7142
7215
7143
7216
7144
7217
7145
7218
7146
7219
7147
7220
7148
7221
7149
7222
7150
7223
7151
7224
7152
7225
7153
7226
7154
7227
7155
7228
7156
7229
7157
7230
7158
7231
7159
7232
7160
7233
7161
7234
7162
7235
7163
7236
7164
7237
7165
7238
7166
7239
7167
7240
7168
7241
7169
7242
7170
7243
7171
7244
7172
7245
7173
7246
7174
7247
7175
7248
7176
7249
7177
7250
7178
7251
7179
7252
7180
7253
7181
7254
7182
7255
7183
7256
7184
7257
7185
7258
7186
7259
7187
7260
7188
7261
7189
7262
7190
7263
7191
7264
7192
7265
7193
7266
7194
7267
7195
7268
7196
7269
7197
7270
7198
7271
7199
7272
7200
7273
7201
7274
7202
7275
7203
7276
7204
7277
7205
7278
7206
7279
7207
7280
7208
7281
7209
7282
7210
7283
7212
7284
7213
7285
7214
7286
7215
7287
7216
7288
7217
7289
7218
7290
7219
7291
7220
7292
7221
7293
7222
7294
7223
7295
7224
7296
7225
7297
7226
7298
7227
7299
7228
7300
7229
7301
7230
7302
7231
7303
7232
7304
7233
7305
7234
7306
7235
7307
7236
7308
7237
7309
7238
7310
7239
7311
7240
7312
7241
7313
7242
7314
7243
7315
7244
7316
7245
7317
7246
7318
7247
7319
7248
7320
7249
7321
7250
7322
7251
7323
7252
7324
7253
7325
7254
7326
7255
7327
7256
7328
7257
7329
7258
7330
7259
7331
7260
7332
7261
7333
7262
7334
7263
7335
7264
7336
7265
7337
7266
7338
7267
7339
7268
7340
7269
7341
7270
7342
7271
7343
7272
7344
7273
7345
7274
7346
7275
7347
7276
7348
7277
7349
7278
7350
7279
7351
7280
7352
7281
7353
7282
7354
7283
7355
7285
7356
7286
7357
7287
7358
7288
7359
7289
7360
7290
7361
7291
7362
7292
7363
7293
7364
7294
7365
7295
7366
7296
7367
7297
7368
7298
7369
7299
7370
7300
7371
7301
7372
7302
7373
7303
7374
7304
7375
7305
7376
7306
7377
7307
7378
7308
7379
7309
7380
7310
7381
7311
7382
7312
7383
7313
7384
7314
7385
7315
7386
7316
7387
7317
7388
7318
7389
7319
7390
7320
7391
7321
7392
7322
7393
7323
7394
7324
7395
7325
7396
7326
7397
7327
7398
7328
7399
7329
7400
7330
7401
7331
7402
7332
7403
7333
7404
7334
7405
7335
7406
7336
7407
7337
7408
7338
7409
7339
7410
7340
7411
7341
7412
7342
7413
7343
7414
7344
7415
7345
7416
7346
7417
7347
7418
7348
7419
7349
7420
7350
7421
7351
7422
7352
7423
7353
7424
7354
7425
7355
7426
7427
7357
7428
7358
7429
7359
7430
7360
7431
7361
7432
7362
7433
7363
7434
7364
7435
7365
7436
7366
7437
7367
7438
7368
7439
7369
7440
7370
7441
7371
7442
7372
7443
7373
7444
7374
7445
7375
7446
7376
7447
7377
7448
7378
7449
7379
7450
7380
7451
7381
7452
7382
7453
7383
7454
7384
7455
7385
7456
7386
7457
7387
7458
7388
7459
7389
7460
7390
7461
7391
7462
7392
7463
7393
7464
7394
7465
7395
7466
7396
7467
7397
7468
7398
7469
7399
7470
7400
7471
7401
7472
7402
7473
7403
7474
7404
7475
7405
7476
7406
7477
7407
7478
7408
7479
7409
7480
7410
7481
7411
7482
7412
7483
7413
7484
7414
7485
7415
7486
7416
7487
7417
7488
7418
7489
7419
7490
7420
7491
7421
7492
7422
7493
7423
7494
7424
7495
7425
7496
7426
7497
7427
7498
7499
7429
7500
7430
7501
7431
7502
7432
7503
7433
7504
7434
7505
7435
7506
7436
7507
7437
7508
7438
7509
7439
7510
7440
7511
7441
7512
7442
7513
7443
7514
7444
7515
7445
7516
7446
7517
7447
7518
7448
7519
7449
7520
7450
7521
7451
7522
7452
7523
7453
7524
7454
7525
7455
7526
7456
7527
7457
7528
7458
7529
7459
7530
7460
7531
7461
7532
7462
7533
7463
7534
7464
7535
7465
7536
7466
7537
7467
7538
7468
7539
7469
7540
7470
7541
7471
7542
7472
7543
7473
7544
7474
7545
7475
7546
7476
7547
7477
7548
7478
7549
7479
7550
7480
7551
7481
7552
7482
7553
7483
7554
7484
7555
7485
7556
7486
7557
7487
7558
7488
7559
7489
7560
7490
7561
7491
7562
7492
7563
7493
7564
7494
7565
7495
7566
7496
7567
7497
7568
7498
7569
7499
7501
7570
7502
7571
7503
7572
7504
7573
7505
7574
7506
7575
7507
7576
7508
7577
7509
7578
7510
7579
7511
7580
7512
7581
7513
7582
7514
7583
7515
7584
7516
7585
7517
7586
7518
7587
7519
7588
7520
7589
7521
7590
7522
7591
7523
7592
7524
7593
7525
7594
7526
7595
7527
7596
7528
7597
7529
7598
7530
7599
7531
7600
7532
7601
7533
7602
7534
7603
7535
7604
7536
7605
7537
7606
7538
7607
7539
7608
7540
7609
7541
7610
7542
7611
7543
7612
7544
7613
7545
7614
7546
7615
7547
7616
7548
7617
7549
7618
7550
7619
7551
7620
7552
7621
7553
7622
7554
7623
7555
7624
7556
7625
7557
7626
7558
7627
7559
7628
7560
7629
7561
7630
7562
7631
7563
7632
7564
7633
7565
7634
7566
7635
7567
7636
7568
7637
7569
7638
7639
7571
7640
7572
7641
7573
7642
7574
7643
7575
7644
7576
7645
7577
7646
7578
7647
7579
7648
7580
7649
7581
7650
7582
7651
7583
7652
7584
7653
7585
7654
7586
7655
7587
7656
7588
7657
7589
7658
7590
7659
7591
7660
7592
7661
7593
7662
7594
7663
7595
7664
7596
7665
7597
7666
7598
7667
7599
7668
7600
7669
7601
7670
7602
7671
7603
7672
7604
7673
7605
7674
7606
7675
7607
7676
7608
7677
7609
7678
7610
7679
7611
7680
7612
7681
7613
7682
7614
7683
7615
7684
7616
7685
7617
7686
7618
7687
7619
7688
7620
7689
7621
7690
7622
7691
7623
7692
7624
7693
7625
7694
7626
7695
7627
7696
7628
7697
7629
7698
7630
7699
7631
7700
7632
7701
7633
7702
7634
7703
7635
7704
7636
7705
7637
7706
7638
7707
7639
7708
7709
7641
7710
7642
7711
7643
7712
7644
7713
7645
7714
7646
7715
7647
7716
7648
7717
7649
7718
7650
7719
7651
7720
7652
7721
7653
7722
7654
7723
7655
7724
7656
7725
7657
7726
7658
7727
7659
7728
7660
7729
7661
7730
7662
7731
7663
7732
7664
7733
7665
7734
7666
7735
7667
7736
7668
7737
7669
7738
7670
7739
7671
7740
7672
7741
7673
7742
7674
7743
7675
7744
7676
7745
7677
7746
7678
7747
7679
7748
7680
7749
7681
7750
7682
7751
7683
7752
7684
7753
7685
7754
7686
7755
7687
7756
7688
7757
7689
7758
7690
7759
7691
7760
7692
7761
7693
7762
7694
7763
7695
7764
7696
7765
7697
7766
7698
7767
7699
7768
7700
7769
7701
7770
7702
7771
7703
7772
7704
7773
7705
7774
7706
7775
7707
7776
7708
7777
7709
7711
7778
7712
7779
7713
7780
7714
7781
7715
7782
7716
7783
7717
7784
7718
7785
7719
7786
7720
7787
7721
7788
7722
7789
7723
7790
7724
7791
7725
7792
7726
7793
7727
7794
7728
7795
7729
7796
7730
7797
7731
7798
7732
7799
7733
7800
7734
7801
7735
7802
7736
7803
7737
7804
7738
7805
7739
7806
7740
7807
7741
7808
7742
7809
7743
7810
7744
7811
7745
7812
7746
7813
7747
7814
7748
7815
7749
7816
7750
7817
7751
7818
7752
7819
7753
7820
7754
7821
7755
7822
7756
7823
7757
7824
7758
7825
7759
7826
7760
7827
7761
7828
7762
7829
7763
7830
7764
7831
7765
7832
7766
7833
7767
7834
7768
7835
7769
7836
7770
7837
7771
7838
7772
7839
7773
7840
7774
7841
7775
7842
7776
7843
7777
7844
7845
7779
7846
7780
7847
7781
7848
7782
7849
7783
7850
7784
7851
7785
7852
7786
7853
7787
7854
7788
7855
7789
7856
7790
7857
7791
7858
7792
7859
7793
7860
7794
7861
7795
7862
7796
7863
7797
7864
7798
7865
7799
7866
7800
7867
7801
7868
7802
7869
7803
7870
7804
7871
7805
7872
7806
7873
7807
7874
7808
7875
7809
7876
7810
7877
7811
7878
7812
7879
7813
7880
7814
7881
7815
7882
7816
7883
7817
7884
7818
7885
7819
7886
7820
7887
7821
7888
7822
7889
7823
7890
7824
7891
7825
7892
7826
7893
7827
7894
7828
7895
7829
7896
7830
7897
7831
7898
7832
7899
7833
7900
7834
7901
7835
7902
7836
7903
7837
7904
7838
7905
7839
7906
7840
7907
7841
7908
7842
7909
7843
7910
7844
7911
7845
7847
7912
7848
7913
7849
7914
7850
7915
7851
7916
7852
7917
7853
7918
7854
7919
7855
7920
7856
7921
7857
7922
7858
7923
7859
7924
7860
7925
7861
7926
7862
7927
7863
7928
7864
7929
7865
7930
7866
7931
7867
7932
7868
7933
7869
7934
7870
7935
7871
7936
7872
7937
7873
7938
7874
7939
7875
7940
7876
7941
7877
7942
7878
7943
7879
7944
7880
7945
7881
7946
7882
7947
7883
7948
7884
7949
7885
7950
7886
7951
7887
7952
7888
7953
7889
7954
7890
7955
7891
7956
7892
7957
7893
7958
7894
7959
7895
7960
7896
7961
7897
7962
7898
7963
7899
7964
7900
7965
7901
7966
7902
7967
7903
7968
7904
7969
7905
7970
7906
7971
7907
7972
7908
7973
7909
7974
7910
7975
7911
7976
7977
7913
7978
7914
7979
7915
7980
7916
7981
7917
7982
7918
7983
7919
7984
7920
7985
7921
7986
7922
7987
7923
7988
7924
7989
7925
7990
7926
7991
7927
7992
7928
7993
7929
7994
7930
7995
7931
7996
7932
7997
7933
7998
7934
7999
7935
8000
7936
8001
7937
8002
7938
8003
7939
8004
7940
8005
7941
8006
7942
8007
7943
8008
7944
8009
7945
8010
7946
8011
7947
8012
7948
8013
7949
8014
7950
8015
7951
8016
7952
8017
7953
8018
7954
8019
7955
8020
7956
8021
7957
8022
7958
8023
7959
8024
7960
8025
7961
8026
7962
8027
7963
8028
7964
8029
7965
8030
7966
8031
7967
8032
7968
8033
7969
8034
7970
8035
7971
8036
7972
8037
7973
8038
7974
8039
7975
8040
7976
8041
7977
8042
8043
7979
8044
7980
8045
7981
8046
7982
8047
7983
8048
7984
8049
7985
8050
7986
8051
7987
8052
7988
8053
7989
8054
7990
8055
7991
8056
7992
8057
7993
8058
7994
8059
7995
8060
7996
8061
7997
8062
7998
8063
7999
8064
8000
8065
8001
8066
8002
8067
8003
8068
8004
8069
8005
8070
8006
8071
8007
8072
8008
8073
8009
8074
8010
8075
8011
8076
8012
8077
8013
8078
8014
8079
8015
8080
8016
8081
8017
8082
8018
8083
8019
8084
8020
8085
8021
8086
8022
8087
8023
8088
8024
8089
8025
8090
8026
8091
8027
8092
8028
8093
8029
8094
8030
8095
8031
8096
8032
8097
8033
8098
8034
8099
8035
8100
8036
8101
8037
8102
8038
8103
8039
8104
8040
8105
8041
8106
8042
8107
8043
8108
8109
8045
8110
8046
8111
8047
8112
8048
8113
8049
8114
8050
8115
8051
8116
8052
8117
8053
8118
8054
8119
8055
8120
8056
8121
8057
8122
8058
8123
8059
8124
8060
8125
8061
8126
8062
8127
8063
8128
8064
8129
8065
8130
8066
8131
8067
8132
8068
8133
8069
8134
8070
8135
8071
8136
8072
8137
8073
8138
8074
8139
8075
8140
8076
8141
8077
8142
8078
8143
8079
8144
8080
8145
8081
8146
8082
8147
8083
8148
8084
8149
8085
8150
8086
8151
8087
8152
8088
8153
8089
8154
8090
8155
8091
8156
8092
8157
8093
8158
8094
8159
8095
8160
8096
8161
8097
8162
8098
8163
8099
8164
8100
8165
8101
8166
8102
8167
8103
8168
8104
8169
8105
8170
8106
8171
8107
8172
8108
8173
8109
8174
8175
8111
8176
8112
8177
8113
8178
8114
8179
8115
8180
8116
8181
8117
8182
8118
8183
8119
8184
8120
8185
8121
8186
8122
8187
8123
8188
8124
8189
8125
8190
8126
8191
8127
8192
8128
8193
8129
8194
8130
8195
8131
8196
8132
8197
8133
8198
8134
8199
8135
8200
8136
8201
8137
8202
8138
8203
8139
8204
8140
8205
8141
8206
8142
8207
8143
8208
8144
8209
8145
8210
8146
8211
8147
8212
8148
8213
8149
8214
8150
8215
8151
8216
8152
8217
8153
8218
8154
8219
8155
8220
8156
8221
8157
8222
8158
8223
8159
8224
8160
8225
8161
8226
8162
8227
8163
8228
8164
8229
8165
8230
8166
8231
8167
8232
8168
8233
8169
8234
8170
8235
8171
8236
8172
8237
8173
8238
8174
8239
8175
8240
8241
8177
8242
8178
8243
8179
8244
8180
8245
8181
8246
8182
8247
8183
8248
8184
8249
8185
8250
8186
8251
8187
8252
8188
8253
8189
8254
8190
8255
8191
8256
8192
8257
8193
8258
8194
8259
8195
8260
8196
8261
8197
8262
8198
8263
8199
8264
8200
8265
8201
8266
8202
8267
8203
8268
8204
8269
8205
8270
8206
8271
8207
8272
8208
8273
8209
8274
8210
8275
8211
8276
8212
8277
8213
8278
8214
8279
8215
8280
8216
8281
8217
8282
8218
8283
8219
8284
8220
8285
8221
8286
8222
8287
8223
8288
8224
8289
8225
8290
8226
8291
8227
8292
8228
8293
8229
8294
8230
8295
8231
8296
8232
8297
8233
8298
8234
8299
8235
8300
8236
8301
8237
8302
8238
8303
8239
8240
8241
8243
8304
8244
8305
8245
8306
8246
8307
8247
8308
8248
8309
8249
8310
8250
8311
8251
8312
8252
8313
8253
8314
8254
8315
8255
8316
8256
8317
8257
8318
8258
8319
8259
8320
8260
8321
8261
8322
8262
8323
8263
8324
8264
8325
8265
8326
8266
8327
8267
8328
8268
8329
8269
8330
8270
8331
8271
8332
8272
8333
8273
8334
8274
8335
8275
8336
8276
8337
8277
8338
8278
8339
8279
8340
8280
8341
8281
8342
8282
8343
8283
8344
8284
8345
8285
8346
8286
8347
8287
8348
8288
8349
8289
8350
8290
8351
8291
8352
8292
8353
8293
8354
8294
8355
8295
8356
8296
8357
8297
8358
8298
8359
8299
8360
8300
8361
8301
8362
8302
8363
8303
8364
8365
8305
8366
8306
8367
8307
8368
8308
8369
8309
8370
8310
8371
8311
8372
8312
8373
8313
8374
8314
8375
8315
8376
8316
8377
8317
8378
8318
8379
8319
8380
8320
8381
8321
8382
8322
8383
8323
8384
8324
8385
8325
8386
8326
8387
8327
8388
8328
8389
8329
8390
8330
8391
8331
8392
8332
8393
8333
8394
8334
8395
8335
8396
8336
8397
8337
8398
8338
8399
8339
8400
8340
8401
8341
8402
8342
8403
8343
8404
8344
8405
8345
8406
8346
8407
8347
8408
8348
8409
8349
8410
8350
8411
8351
8412
8352
8413
8353
8414
8354
8415
8355
8416
8356
8417
8357
8418
8358
8419
8359
8420
8360
8421
8361
8422
8362
8423
8363
8424
8364
8425
8365
8426
8427
8367
8428
8368
8429
8369
8430
8370
8431
8371
8432
8372
8433
8373
8434
8374
8435
8375
8436
8376
8437
8377
8438
8378
8439
8379
8440
8380
8441
8381
8442
8382
8443
8383
8444
8384
8445
8385
8446
8386
8447
8387
8448
8388
8449
8389
8450
8390
8451
8391
8452
8392
8453
8393
8454
8394
8455
8395
8456
8396
8457
8397
8458
8398
8459
8399
8460
8400
8461
8401
8462
8402
8463
8403
8464
8404
8465
8405
8466
8406
8467
8407
8468
8408
8469
8409
8470
8410
8471
8411
8472
8412
8473
8413
8474
8414
8475
8415
8476
8416
8477
8417
8478
8418
8479
8419
8480
8420
8481
8421
8482
8422
8483
8423
8484
8424
8485
8425
8486
8426
8487
8427
8488
8489
8429
8490
8430
8491
8431
8492
8432
8493
8433
8494
8434
8495
8435
8496
8436
8497
8437
8498
8438
8499
8439
8500
8440
8501
8441
8502
8442
8503
8443
8504
8444
8505
8445
8506
8446
8507
8447
8508
8448
8509
8449
8510
8450
8511
8451
8512
8452
8513
8453
8514
8454
8515
8455
8516
8456
8517
8457
8518
8458
8519
8459
8520
8460
8521
8461
8522
8462
8523
8463
8524
8464
8525
8465
8526
8466
8527
8467
8528
8468
8529
8469
8530
8470
8531
8471
8532
8472
8533
8473
8534
8474
8535
8475
8536
8476
8537
8477
8538
8478
8539
8479
8540
8480
8541
8481
8542
8482
8543
8483
8544
8484
8545
8485
8546
8486
8547
8487
8548
8488
8549
8489
8550
8551
8491
8552
8492
8553
8493
8554
8494
8555
8495
8556
8496
8557
8497
8558
8498
8559
8499
8560
8500
8561
8501
8562
8502
8563
8503
8564
8504
8565
8505
8566
8506
8567
8507
8568
8508
8569
8509
8570
8510
8571
8511
8572
8512
8573
8513
8574
8514
8575
8515
8576
8516
8577
8517
8578
8518
8579
8519
8580
8520
8581
8521
8582
8522
8583
8523
8584
8524
8585
8525
8586
8526
8587
8527
8588
8528
8589
8529
8590
8530
8591
8531
8592
8532
8593
8533
8594
8534
8595
8535
8596
8536
8597
8537
8598
8538
8599
8539
8600
8540
8601
8541
8602
8542
8603
8543
8604
8544
8605
8545
8606
8546
8607
8547
8608
8548
8609
8549
8610
8550
8611
8551
8612
8613
8553
8614
8554
8615
8555
8616
8556
8617
8557
8618
8558
8619
8559
8620
8560
8621
8561
8622
8562
8623
8563
8624
8564
8625
8565
8626
8566
8627
8567
8628
8568
8629
8569
8630
8570
8631
8571
8632
8572
8633
8573
8634
8574
8635
8575
8636
8576
8637
8577
8638
8578
8639
8579
8640
8580
8641
8581
8642
8582
8643
8583
8644
8584
8645
8585
8646
8586
8647
8587
8648
8588
8649
8589
8650
8590
8651
8591
8652
8592
8653
8593
8654
8594
8655
8595
8656
8596
8657
8597
8658
8598
8659
8599
8660
8600
8661
8601
8662
8602
8663
8603
8664
8604
8665
8605
8666
8606
8667
8607
8668
8608
8669
8609
8670
8610
8671
8611
8672
8612
8673
8613
8674
8675
8615
8676
8616
8677
8617
8678
8618
8679
8619
8680
8620
8681
8621
8682
8622
8683
8623
8684
8624
8685
8625
8686
8626
8687
8627
8688
8628
8689
8629
8690
8630
8691
8631
8692
8632
8693
8633
8694
8634
8695
8635
8696
8636
8697
8637
8698
8638
8699
8639
8700
8640
8701
8641
8702
8642
8703
8643
8704
8644
8705
8645
8706
8646
8707
8647
8708
8648
8709
8649
8710
8650
8711
8651
8712
8652
8713
8653
8714
8654
8715
8655
8716
8656
8717
8657
8718
8658
8719
8659
8720
8660
8721
8661
8722
8662
8723
8663
8724
8664
8725
8665
8726
8666
8727
8667
8728
8668
8729
8669
8730
8670
8731
8671
8732
8672
8733
8673
8734
8674
8735
8675
8736
8737
8677
8738
8678
8739
8679
8740
8680
8741
8681
8742
8682
8743
8683
8744
8684
8745
8685
8746
8686
8747
8687
8748
8688
8749
8689
8750
8690
8751
8691
8752
8692
8753
8693
8754
8694
8755
8695
8756
8696
8757
8697
8758
8698
8759
8699
8760
8700
8761
8701
8762
8702
8763
8703
8764
8704
8765
8705
8766
8706
8767
8707
8768
8708
8769
8709
8770
8710
8771
8711
8772
8712
8773
8713
8774
8714
8775
8715
8776
8716
8777
8717
8778
8718
8779
8719
8780
8720
8781
8721
8782
8722
8783
8723
8784
8724
8785
8725
8786
8726
8787
8727
8788
8728
8789
8729
8790
8730
8791
8731
8792
8732
8793
8733
8794
8734
8795
8735
8796
8736
8797
8737
8798
8799
8739
8800
8740
8801
8741
8802
8742
8803
8743
8804
8744
8805
8745
8806
8746
8807
8747
8808
8748
8809
8749
8810
8750
8811
8751
8812
8752
8813
8753
8814
8754
8815
8755
8816
8756
8817
8757
8818
8758
8819
8759
8820
8760
8821
8761
8822
8762
8823
8763
8824
8764
8825
8765
8826
8766
8827
8767
8828
8768
8829
8769
8830
8770
8831
8771
8832
8772
8833
8773
8834
8774
8835
8775
8836
8776
8837
8777
8838
8778
8839
8779
8840
8780
8841
8781
8842
8782
8843
8783
8844
8784
8845
8785
8846
8786
8847
8787
8848
8788
8849
8789
8850
8790
8851
8791
8852
8792
8853
8793
8854
8794
8855
8795
8856
8796
8857
8797
8858
8798
8859
8799
8860
8861
8801
8862
8802
8863
8803
8864
8804
8865
8805
8866
8806
8867
8807
8868
8808
8869
8809
8870
8810
8871
8811
8872
8812
8873
8813
8874
8814
8875
8815
8876
8816
8877
8817
8878
8818
8879
8819
8880
8820
8881
8821
8882
8822
8883
8823
8884
8824
8885
8825
8886
8826
8887
8827
8888
8828
8889
8829
8890
8830
8891
8831
8892
8832
8893
8833
8894
8834
8895
8835
8896
8836
8897
8837
8898
8838
8899
8839
8900
8840
8901
8841
8902
8842
8903
8843
8904
8844
8905
8845
8906
8846
8907
8847
8908
8848
8909
8849
8910
8850
8911
8851
8912
8852
8913
8853
8914
8854
8915
8855
8916
8856
8917
8857
8918
8858
8919
8859
8920
8860
8921
8861
8922
8923
8863
8924
8864
8925
8865
8926
8866
8927
8867
8928
8868
8929
8869
8930
8870
8931
8871
8932
8872
8933
8873
8934
8874
8935
8875
8936
8876
8937
8877
8938
8878
8939
8879
8940
8880
8941
8881
8942
8882
8943
8883
8944
8884
8945
8885
8946
8886
8947
8887
8948
8888
8949
8889
8950
8890
8951
8891
8952
8892
8953
8893
8954
8894
8955
8895
8956
8896
8957
8897
8958
8898
8959
8899
8960
8900
8961
8901
8962
8902
8963
8903
8964
8904
8965
8905
8966
8906
8967
8907
8968
8908
8969
8909
8970
8910
8971
8911
8972
8912
8973
8913
8974
8914
8975
8915
8976
8916
8977
8917
8978
8918
8979
8919
8980
8920
8981
8921
8982
8922
8983
8923
8984
8985
8925
8986
8926
8987
8927
8988
8928
8989
8929
8990
8930
8991
8931
8992
8932
8993
8933
8994
8934
8995
8935
8996
8936
8997
8937
8998
8938
8999
8939
9000
8940
9001
8941
9002
8942
9003
8943
9004
8944
9005
8945
9006
8946
9007
8947
9008
8948
9009
8949
9010
8950
9011
8951
9012
8952
9013
8953
9014
8954
9015
8955
9016
8956
9017
8957
9018
8958
9019
8959
9020
8960
9021
8961
9022
8962
9023
8963
9024
8964
9025
8965
9026
8966
9027
8967
9028
8968
9029
8969
9030
8970
9031
8971
9032
8972
9033
8973
9034
8974
9035
8975
9036
8976
9037
8977
9038
8978
9039
8979
9040
8980
9041
8981
9042
8982
9043
8983
9044
8984
9045
8985
8987
9046
8988
9047
8989
9048
8990
9049
8991
9050
8992
9051
8993
9052
8994
9053
8995
9054
8996
9055
8997
9056
8998
9057
8999
9058
9000
9059
9001
9060
9002
9061
9003
9062
9004
9063
9005
9064
9006
9065
9007
9066
9008
9067
9009
9068
9010
9069
9011
9070
9012
9071
9013
9072
9014
9073
9015
9074
9016
9075
9017
9076
9018
9077
9019
9078
9020
9079
9021
9080
9022
9081
9023
9082
9024
9083
9025
9084
9026
9085
9027
9086
9028
9087
9029
9088
9030
9089
9031
9090
9032
9091
9033
9092
9034
9093
9035
9094
9036
9095
9037
9096
9038
9097
9039
9098
9040
9099
9041
9100
9042
9101
9043
9102
9044
9103
9045
9104
9105
9047
9106
9048
9107
9049
9108
9050
9109
9051
9110
9052
9111
9053
9112
9054
9113
9055
9114
9056
9115
9057
9116
9058
9117
9059
9118
9060
9119
9061
9120
9062
9121
9063
9122
9064
9123
9065
9124
9066
9125
9067
9126
9068
9127
9069
9128
9070
9129
9071
9130
9072
9131
9073
9132
9074
9133
9075
9134
9076
9135
9077
9136
9078
9137
9079
9138
9080
9139
9081
9140
9082
9141
9083
9142
9084
9143
9085
9144
9086
9145
9087
9146
9088
9147
9089
9148
9090
9149
9091
9150
9092
9151
9093
9152
9094
9153
9095
9154
9096
9155
9097
9156
9098
9157
9099
9158
9100
9159
9101
9160
9102
9161
9103
9162
9104
9163
9105
9164
9165
9107
9166
9108
9167
9109
9168
9110
9169
9111
9170
9112
9171
9113
9172
9114
9173
9115
9174
9116
9175
9117
9176
9118
9177
9119
9178
9120
9179
9121
9180
9122
9181
9123
9182
9124
9183
9125
9184
9126
9185
9127
9186
9128
9187
9129
9188
9130
9189
9131
9190
9132
9191
9133
9192
9134
9193
9135
9194
9136
9195
9137
9196
9138
9197
9139
9198
9140
9199
9141
9200
9142
9201
9143
9202
9144
9203
9145
9204
9146
9205
9147
9206
9148
9207
9149
9208
9150
9209
9151
9210
9152
9211
9153
9212
9154
9213
9155
9214
9156
9215
9157
9216
9158
9217
9159
9218
9160
9219
9161
9220
9162
9221
9163
9222
9164
9223
9165
9224
9225
9167
9226
9168
9227
9169
9228
9170
9229
9171
9230
9172
9231
9173
9232
9174
9233
9175
9234
9176
9235
9177
9236
9178
9237
9179
9238
9180
9239
9181
9240
9182
9241
9183
9242
9184
9243
9185
9244
9186
9245
9187
9246
9188
9247
9189
9248
9190
9249
9191
9250
9192
9251
9193
9252
9194
9253
9195
9254
9196
9255
9197
9256
9198
9257
9199
9258
9200
9259
9201
9260
9202
9261
9203
9262
9204
9263
9205
9264
9206
9265
9207
9266
9208
9267
9209
9268
9210
9269
9211
9270
9212
9271
9213
9272
9214
9273
9215
9274
9216
9275
9217
9276
9218
9277
9219
9278
9220
9279
9221
9280
9222
9281
9223
9282
9224
9283
9225
9284
9285
9227
9286
9228
9287
9229
9288
9230
9289
9231
9290
9232
9291
9233
9292
9234
9293
9235
9294
9236
9295
9237
9296
9238
9297
9239
9298
9240
9299
9241
9300
9242
9301
9243
9302
9244
9303
9245
9304
9246
9305
9247
9306
9248
9307
9249
9308
9250
9309
9251
9310
9252
9311
9253
9312
9254
9313
9255
9314
9256
9315
9257
9316
9258
9317
9259
9318
9260
9319
9261
9320
9262
9321
9263
9322
9264
9323
9265
9324
9266
9325
9267
9326
9268
9327
9269
9328
9270
9329
9271
9330
9272
9331
9273
9332
9274
9333
9275
9334
9276
9335
9277
9336
9278
9337
9279
9338
9280
9339
9281
9340
9282
9341
9283
9342
9284
9343
9285
9344
9345
9287
9346
9288
9347
9289
9348
9290
9349
9291
9350
9292
9351
9293
9352
9294
9353
9295
9354
9296
9355
9297
9356
9298
9357
9299
9358
9300
9359
9301
9360
9302
9361
9303
9362
9304
9363
9305
9364
9306
9365
9307
9366
9308
9367
9309
9368
9310
9369
9311
9370
9312
9371
9313
9372
9314
9373
9315
9374
9316
9375
9317
9376
9318
9377
9319
9378
9320
9379
9321
9380
9322
9381
9323
9382
9324
9383
9325
9384
9326
9385
9327
9386
9328
9387
9329
9388
9330
9389
9331
9390
9332
9391
9333
9392
9334
9393
9335
9394
9336
9395
9337
9396
9338
9397
9339
9398
9340
9399
9341
9400
9342
9401
9343
9402
9344
9403
9345
9404
9405
9347
9406
9348
9407
9349
9408
9350
9409
9351
9410
9352
9411
9353
9412
9354
9413
9355
9414
9356
9415
9357
9416
9358
9417
9359
9418
9360
9419
9361
9420
9362
9421
9363
9422
9364
9423
9365
9424
9366
9425
9367
9426
9368
9427
9369
9428
9370
9429
9371
9430
9372
9431
9373
9432
9374
9433
9375
9434
9376
9435
9377
9436
9378
9437
9379
9438
9380
9439
9381
9440
9382
9441
9383
9442
9384
9443
9385
9444
9386
9445
9387
9446
9388
9447
9389
9448
9390
9449
9391
9450
9392
9451
9393
9452
9394
9453
9395
9454
9396
9455
9397
9456
9398
9457
9399
9458
9400
9459
9401
9460
9402
9461
9403
9462
9404
9463
9405
9464
9465
9407
9466
9408
9467
9409
9468
9410
9469
9411
9470
9412
9471
9413
9472
9414
9473
9415
9474
9416
9475
9417
9476
9418
9477
9419
9478
9420
9479
9421
9480
9422
9481
9423
9482
9424
9483
9425
9484
9426
9485
9427
9486
9428
9487
9429
9488
9430
9489
9431
9490
9432
9491
9433
9492
9434
9493
9435
9494
9436
9495
9437
9496
9438
9497
9439
9498
9440
9499
9441
9500
9442
9501
9443
9502
9444
9503
9445
9504
9446
9505
9447
9506
9448
9507
9449
9508
9450
9509
9451
9510
9452
9511
9453
9512
9454
9513
9455
9514
9456
9515
9457
9516
9458
9517
9459
9518
9460
9519
9461
9520
9462
9521
9463
9522
9464
9523
9465
9524
9525
9467
9526
9468
9527
9469
9528
9470
9529
9471
9530
9472
9531
9473
9532
9474
9533
9475
9534
9476
9535
9477
9536
9478
9537
9479
9538
9480
9539
9481
9540
9482
9541
9483
9542
9484
9543
9485
9544
9486
9545
9487
9546
9488
9547
9489
9548
9490
9549
9491
9550
9492
9551
9493
9552
9494
9553
9495
9554
9496
9555
9497
9556
9498
9557
9499
9558
9500
9559
9501
9560
9502
9561
9503
9562
9504
9563
9505
9564
9506
9565
9507
9566
9508
9567
9509
9568
9510
9569
9511
9570
9512
9571
9513
9572
9514
9573
9515
9574
9516
9575
9517
9576
9518
9577
9519
9578
9520
9579
9521
9580
9522
9581
9523
9582
9524
9583
9525
9584
9585
9527
9586
9528
9587
9529
9588
9530
9589
9531
9590
9532
9591
9533
9592
9534
9593
9535
9594
9536
9595
9537
9596
9538
9597
9539
9598
9540
9599
9541
9600
9542
9601
9543
9602
9544
9603
9545
9604
9546
9605
9547
9606
9548
9607
9549
9608
9550
9551
9552
9553
9554
9555
9556
9557
9558
9559
9560
9561
9562
9563
9609
9564
9610
9565
9611
9566
9612
9567
9613
9568
9614
9569
9615
9570
9616
9571
9617
9572
9618
9573
9619
9574
9620
9575
9621
9576
9622
9577
9623
9578
9624
9579
9625
9580
9626
9581
9627
9582
9628
9583
9629
9584
9630
9585
9631
9632
9587
9633
9588
9634
9589
9635
9590
9636
9591
9637
9592
9638
9593
9639
9594
9640
9595
9641
9596
9642
9597
9643
9598
9644
9599
9645
9600
9646
9601
9647
9602
9648
9603
9649
9604
9650
9605
9651
9606
9652
9607
9653
9608
9654
9655
9610
9656
9611
9657
9612
9658
9613
9659
9614
9660
9615
9661
9616
9662
9617
9663
9618
9664
9619
9665
9620
9666
9621
9667
9622
9668
9623
9669
9624
9670
9625
9671
9626
9672
9627
9673
9628
9674
9629
9675
9630
9676
9631
9677
9632
9678
9679
9634
9680
9635
9681
9636
9682
9637
9683
9638
9684
9639
9685
9640
9686
9641
9687
9642
9688
9643
9689
9644
9690
9645
9691
9646
9692
9647
9693
9648
9694
9649
9695
9650
9696
9651
9697
9652
9698
9653
9699
9654
9700
9655
9701
9702
9657
9658
9659
9660
9661
9662
9663
9664
9665
9666
9667
9703
9668
9704
9669
9705
9670
9706
9671
9707
9672
9708
9673
9709
9674
9710
9675
9711
9676
9712
9677
9713
9678
9714
9679
9715
9716
9681
9717
9682
9718
9683
9719
9684
9720
9685
9721
9686
9722
9687
9723
9688
9724
9689
9725
9690
9726
9691
9727
9692
9728
9693
9729
9694
9730
9695
9731
9696
9732
9697
9698
9699
9700
9701
9702
9704
9733
9705
9734
9706
9735
9707
9736
9708
9737
9709
9738
9710
9739
9711
9740
9712
9741
9713
9742
9714
9743
9715
9744
9716
9745
9746
9718
9719
9720
9721
9722
9723
9724
9725
9726
9727
9728
9729
9730
9731
9732
9734
9747
9735
9748
9736
9749
9737
9750
9738
9751
9739
9752
9740
9753
9741
9754
9742
9755
9743
9756
9744
9757
9745
9758
9746
9759
9760
9748
9761
9749
9762
9750
9763
9751
9764
9752
9765
9753
9766
9754
9767
9755
9768
9756
9769
9757
9770
9758
9771
9759
9772
9760
9773
9774
9762
9775
9763
9776
9764
9777
9765
9778
9766
9779
9767
9780
9768
9781
9769
9782
9770
9783
9771
9784
9772
9785
9773
9786
9774
9787
9788
9776
9777
9778
9779
9780
9781
9782
9783
9784
9785
9786
9787
9788
)


// ************************************************************************* //
