/*--------------------------------*- C++ -*----------------------------------*\
| =========                 |                                                 |
| \\      /  F ield         | OpenFOAM: The Open Source CFD Toolbox           |
|  \\    /   O peration     | Version:  2.4.0                                 |
|   \\  /    A nd           | Web:      www.OpenFOAM.org                      |
|    \\/     M anipulation  |                                                 |
\*---------------------------------------------------------------------------*/
FoamFile
{
    version     2.0;
    format      ascii;
    class       volVectorField;
    location    "5000";
    object      wallGradU;
}
// * * * * * * * * * * * * * * * * * * * * * * * * * * * * * * * * * * * * * //

dimensions      [0 0 -1 0 0 0 0];

internalField   uniform (0 0 0);

boundaryField
{
    inlet
    {
        type            cyclic;
    }
    outlet
    {
        type            cyclic;
    }
    top
    {
        type            calculated;
        value           nonuniform List<vector> 
270
(
(59.652524 -0.0027356471 -0)
(34.534875 0.01207751 1.0681742e-21)
(54.015948 -0.009131254 -8.7087733e-21)
(41.766035 0.0046908994 -2.0675347e-21)
(48.942583 -0.0023123882 2.0675358e-21)
(44.719728 0.0013733443 -1.2738223e-19)
(47.038971 -0.00053177763 -4.0452811e-21)
(45.66119 0.00053554976 2.5643645e-19)
(46.381539 -4.2852601e-06 -0)
(45.940009 0.00031016637 5.0017054e-19)
(46.173897 0.00013397491 -7.8111968e-21)
(46.030734 0.00018391431 -4.9279828e-19)
(46.089459 7.7950186e-05 4.9295456e-19)
(46.021902 3.6731346e-05 -0)
(46.009914 -5.4980835e-05 -0)
(45.952928 -0.00012468653 -0)
(45.907522 -0.00021179153 3.7403463e-21)
(45.843863 -0.00028962826 -3.740332e-21)
(45.780108 -0.00036936137 -0)
(45.707326 -0.00044325183 -0)
(45.631402 -0.0005169593 -9.2282247e-19)
(45.549427 -0.00058308548 -1.4605511e-20)
(45.464175 -0.0006462227 1.444348e-20)
(45.372674 -0.00070560791 -1.4443404e-20)
(45.275838 -0.00075395386 9.1703424e-19)
(45.176004 -0.00079628213 9.1238312e-19)
(45.073199 -0.00083212038 -4.2565326e-19)
(44.967921 -0.00086245828 -2.8305457e-20)
(44.860112 -0.00088797868 4.497629e-19)
(44.750211 -0.00090787662 -4.4779891e-19)
(44.638452 -0.00092348808 4.4592314e-19)
(44.525071 -0.00093460345 -4.7184045e-19)
(44.410237 -0.0009415242 5.5306925e-20)
(44.294049 -0.00094478895 -9.8206969e-23)
(44.176639 -0.00094423319 -2.7503208e-20)
(44.057932 -0.00093978619 -4.3783809e-19)
(43.938962 -0.00093332061 3.8199344e-19)
(43.819418 -0.00092540813 -3.8070324e-19)
(43.698521 -0.00091476853 -0)
(43.576613 -0.0009016726 -4.8686417e-19)
(43.453391 -0.00088527316 4.3188911e-19)
(43.329263 -0.00086633975 -3.7685845e-19)
(43.203839 -0.00084434452 -4.2984184e-19)
(43.077605 -0.00081932257 -4.289885e-19)
(42.95072 -0.00079237909 4.816824e-19)
(42.822997 -0.00076289258 -8.5569717e-23)
(42.694625 -0.00073102514 -7.754181e-23)
(42.566377 -0.00069894755 -5.3316367e-20)
(42.436153 -0.00066801065 -5.3183923e-20)
(42.304373 -0.00062980957 5.3183634e-20)
(42.171882 -0.00059305654 -0)
(42.038595 -0.00055219588 -3.7144394e-19)
(41.90496 -0.00051293395 -1.0605454e-19)
(41.771184 -0.00047232933 5.3011298e-20)
(41.636725 -0.00043222193 -2.1190622e-19)
(41.50281 -0.00039281578 -0)
(41.367903 -0.00035409677 2.6478025e-19)
(41.234656 -0.00031568553 -1.0591565e-19)
(41.098993 -0.00027951411 -2.1185944e-19)
(40.968202 -0.00024232578 5.2969623e-20)
(40.829922 -0.00020944735 -0)
(40.704669 -0.00016390769 5.3026172e-20)
(40.556106 -0.00019068581 1.326306e-20)
(40.389683 -6.6138423e-05 -0)
(40.252393 -1.66735e-05 -0)
(40.115695 2.9476754e-05 -0)
(39.983823 5.9613827e-05 -0)
(39.852225 8.9216575e-05 -0)
(39.721852 0.00011390398 -0)
(39.591524 0.00013760832 -0)
(39.461482 0.00015912801 5.3717575e-20)
(39.33138 0.00017937149 -5.371762e-20)
(39.20125 0.00019816295 5.3937939e-20)
(39.070994 0.00021568945 -1.0799471e-19)
(38.940572 0.00023166152 5.4056772e-20)
(38.809868 0.0002462249 -0)
(38.678879 0.00025981691 -0)
(38.547652 0.00027240926 5.4587246e-20)
(38.416241 0.00028404037 -1.0932065e-19)
(38.284712 0.00029468201 5.4733408e-20)
(38.153094 0.00030427124 -5.5041246e-20)
(38.021418 0.00031283764 5.5041287e-20)
(37.889744 0.00032046527 -0)
(37.758103 0.0003270172 -0)
(37.626529 0.00033266009 -0)
(37.49507 0.00033726358 -5.5898086e-20)
(37.363756 0.00034116877 5.5898131e-20)
(37.232658 0.0003438457 -5.6273708e-20)
(37.101794 0.0003457276 5.6273754e-20)
(36.971215 0.00034669393 -5.6666926e-20)
(36.840966 0.00034685057 5.6666972e-20)
(36.711112 0.00034615912 -0)
(36.581673 0.00034446051 -0)
(36.452712 0.00034223436 -0)
(36.324271 0.00033884606 -0)
(36.196404 0.00033516666 -2.8971788e-20)
(36.069156 0.0003299689 2.8971811e-20)
(35.942455 0.00032441349 -0)
(35.816334 0.00031760145 -0)
(35.69087 0.00031079537 -0)
(35.566193 0.00030300879 -0)
(35.442337 0.00029486344 -2.9672953e-20)
(35.319415 0.00028616339 5.9467992e-20)
(35.197467 0.0002768749 -5.971343e-20)
(35.076556 0.00026704402 2.9918417e-20)
(34.956756 0.00025675834 3.016886e-20)
(34.838124 0.00024584936 -3.0168881e-20)
(34.720692 0.00023450607 -0)
(34.604524 0.00022276694 -0)
(34.489672 0.00021069377 -3.0682721e-20)
(34.376186 0.00019804579 -1.3074712e-22)
(34.264121 0.00018492166 3.0813512e-20)
(34.153509 0.00017167103 -0)
(34.044415 0.00015818352 -0)
(33.936877 0.00014397926 -0)
(33.830855 0.00012961248 -0)
(33.726355 0.00011497696 1.5806026e-20)
(33.623459 0.00010000679 6.7365139e-23)
(33.522249 8.5060744e-05 -1.5873409e-20)
(33.422789 7.0171393e-05 -1.6008556e-20)
(33.325146 5.5147222e-05 1.6008564e-20)
(33.22938 4.0033635e-05 -0)
(33.135551 2.4989378e-05 -0)
(33.043694 9.8519481e-06 -1.6279514e-20)
(32.953871 -5.2792744e-06 1.6279522e-20)
(32.866094 -2.0367566e-05 -0)
(32.780426 -3.5426034e-05 -0)
(32.696916 -5.0230404e-05 -0)
(32.615568 -6.5032508e-05 -0)
(32.536469 -7.9630461e-05 4.1708364e-21)
(32.459636 -9.4067675e-05 1.6633316e-23)
(32.385008 -0.00010853339 -4.1874736e-21)
(32.312616 -0.00012298035 2.1102485e-21)
(32.242501 -0.00013673384 -2.1102494e-21)
(32.174737 -0.00015013217 -0)
(32.109384 -0.00016342312 -0)
(32.046494 -0.00017603427 -0)
(31.986122 -0.00018815876 -4.3012474e-21)
(31.928288 -0.0002003025 4.3012491e-21)
(31.873036 -0.00021172106 -0)
(31.820397 -0.0002225442 -0)
(31.770402 -0.00023300386 -0)
(31.723073 -0.00024295257 -0)
(31.678456 -0.00025214928 -0)
(31.636582 -0.00026088865 -0)
(31.597447 -0.00026912754 -0)
(31.561043 -0.00027678579 1.7748868e-20)
(31.527393 -0.00028372675 -1.7748873e-20)
(31.496554 -0.00028965412 -0)
(31.468572 -0.00029527668 -1.7915969e-20)
(31.443479 -0.0002997141 1.7915973e-20)
(31.421322 -0.00030359 -0)
(31.402128 -0.00030634831 -0)
(31.385928 -0.00030881216 1.8125285e-20)
(31.372743 -0.0003096751 -1.8125285e-20)
(31.362613 -0.000310154 -1.8223574e-20)
(31.355531 -0.00030944119 5.47656e-20)
(31.351542 -0.00030814722 -3.6542025e-20)
(31.350618 -0.00030532147 3.6724633e-20)
(31.35283 -0.00030208072 -3.6724632e-20)
(31.358283 -0.00029687796 -3.6897283e-20)
(31.367059 -0.0002910781 3.6897285e-20)
(31.379129 -0.00028360717 3.7059391e-20)
(31.394524 -0.00027587092 7.6914381e-23)
(31.413127 -0.0002665178 -3.7136297e-20)
(31.43498 -0.00025618905 -0)
(31.459957 -0.00024484732 -0)
(31.488035 -0.0002323524 3.7414606e-20)
(31.519182 -0.00021874234 -3.74146e-20)
(31.55338 -0.00020371 3.7535157e-20)
(31.590681 -0.00018740333 -3.7535151e-20)
(31.631107 -0.00016972989 -0)
(31.674675 -0.00015056398 -0)
(31.72144 -0.00012981667 -0)
(31.771461 -0.00010767376 -0)
(31.824776 -8.3860145e-05 3.7816111e-20)
(31.881421 -5.8529569e-05 -3.7816098e-20)
(31.941492 -3.152855e-05 -0)
(32.005037 -2.8993427e-06 -0)
(32.072147 2.7625968e-05 7.5861977e-20)
(32.142842 5.9639953e-05 -7.5861943e-20)
(32.217216 9.360824e-05 -7.5930318e-20)
(32.295304 0.00012917891 -2.2120908e-23)
(32.377156 0.00016669435 7.5952368e-20)
(32.462837 0.00020595846 -0)
(32.552381 0.00024714291 7.5968711e-20)
(32.645799 0.00029006382 -7.5968671e-20)
(32.743164 0.00033503665 -0)
(32.844426 0.00038168523 -7.5907211e-20)
(32.949667 0.00043048971 3.8386634e-23)
(33.058851 0.00048099406 1.5168985e-19)
(33.172 0.00053367834 -7.5821081e-20)
(33.289112 0.00058822466 7.5697701e-20)
(33.410228 0.00064494288 -7.5697649e-20)
(33.535289 0.0007034342 -0)
(33.664366 0.0007643417 -7.5440057e-20)
(33.797322 0.00082677324 1.0570003e-22)
(33.934272 0.00089177483 7.5334234e-20)
(34.075028 0.00095836725 -0)
(34.219848 0.0010278069 -7.4955483e-20)
(34.368246 0.0010979663 7.4955425e-20)
(34.52099 0.0011728013 -0)
(34.676814 0.001245532 -0)
(34.837817 0.0013272933 -0)
(35.000499 0.0014011334 -0)
(35.1712 0.0014948599 -0)
(35.339407 0.0015711626 7.3697638e-20)
(35.538478 0.0017519437 -5.5299941e-20)
(35.739628 0.0018185426 1.2420343e-22)
(35.922693 0.0019071125 7.3221597e-20)
(36.114769 0.001992839 -1.4566109e-19)
(36.302331 0.0020777298 -7.2409945e-20)
(36.493773 0.0021612645 3.614709e-19)
(36.687472 0.0022469553 -0)
(36.886185 0.0023308548 -0)
(37.088362 0.0024118385 -7.1164466e-20)
(37.294452 0.0024886961 -4.9681378e-19)
(37.50382 0.0025600958 -7.0472344e-20)
(37.71628 0.0026272192 -5.619839e-19)
(37.932008 0.0026863813 7.010889e-20)
(38.150094 0.0027392323 -5.5633777e-19)
(38.370961 0.002783951 -0)
(38.593452 0.0028188851 5.4994655e-19)
(38.816922 0.0028422704 -0)
(39.042261 0.0028613468 -0)
(39.269391 0.0028694225 -0)
(39.497493 0.0028695519 -4.692744e-19)
(39.727023 0.002862114 -6.6774775e-20)
(39.95739 0.002846097 -4.6272507e-19)
(40.188363 0.0028215613 -1.3116112e-19)
(40.419486 0.0027908018 6.5335214e-20)
(40.650722 0.002750282 -0)
(40.881542 0.0027043567 -6.3797018e-20)
(41.111797 0.0026520026 6.3797333e-20)
(41.341177 0.0025951204 5.0395763e-19)
(41.57083 0.0025326612 5.306536e-19)
(41.798864 0.0024662723 4.6401925e-19)
(42.025598 0.0023911136 -0)
(42.249789 0.0023100551 3.0224783e-20)
(42.471884 0.0022238731 -3.0224933e-20)
(42.69055 0.0021296339 -0)
(42.906467 0.002030674 -2.9327774e-20)
(43.118367 0.0019252246 3.0663129e-22)
(43.326921 0.0018136822 4.6218884e-19)
(43.530839 0.0016946599 9.2830534e-19)
(43.730632 0.0015690719 1.4199384e-20)
(43.925464 0.0014394748 -0)
(44.114364 0.0012978618 1.3722346e-20)
(44.295173 0.0011520859 -1.3722416e-20)
(44.469697 0.0010054471 -0)
(44.638309 0.0008571909 -8.590692e-19)
(44.798232 0.00070725749 1.3157341e-20)
(44.95447 0.00056778977 -6.5381971e-21)
(45.095311 0.00041983306 -4.1224286e-19)
(45.240832 0.00029641394 1.5940603e-21)
(45.353654 0.00015754542 -4.0027522e-19)
(45.496083 7.0520089e-05 -1.533597e-21)
(45.559733 -6.7657157e-05 1.5336009e-21)
(45.726044 -8.5062385e-05 -3.8526093e-19)
(45.683734 -0.00024963484 -3.8256461e-19)
(45.960215 -0.00011019988 -3.757235e-19)
(45.668142 -0.00041046566 -3.6617222e-19)
(46.343788 0.00014097778 1.836901e-19)
(45.398149 -0.00077008991 -0)
(47.162217 0.00091258912 -2.7474982e-21)
(44.419443 -0.0019385725 4.5489117e-20)
(49.093101 0.0031490051 -0)
(41.662735 -0.0057151323 -0)
(53.543421 0.010032456 -0)
(35.495171 -0.010471509 -0)
)
;
    }
    hills
    {
        type            calculated;
        value           nonuniform List<vector> 
270
(
(41.861078 0.18367636 -3.6475632e-23)
(28.930951 0.13941595 -2.4524768e-23)
(49.316591 -0.30242148 5.3941077e-22)
(38.035802 -1.1818386 1.7356292e-16)
(41.981766 -2.8308953 -0)
(25.933071 -3.0558867 -0)
(16.319002 -2.9351091 -0)
(-2.2295551 0.49342812 9.0033866e-16)
(-11.169951 3.6708576 1.0152055e-15)
(-15.762767 6.6361038 -1.1409708e-15)
(-13.038452 6.5907098 2.2880858e-21)
(-11.141532 6.4349262 2.4412417e-15)
(-8.4803716 5.4269105 -2.4699591e-15)
(-7.1381353 4.9419551 2.503383e-15)
(-6.1409946 4.5211685 -2.5173021e-15)
(-5.6060831 4.3268381 2.5369856e-15)
(-5.0858788 4.0735066 4.5406418e-20)
(-4.7748379 3.9322576 2.5621124e-15)
(-4.4199484 3.7145677 5.1443707e-15)
(-4.1289106 3.515438 -2.5824359e-15)
(-3.8165806 3.2706998 -2.5902495e-15)
(-3.5439348 3.0369606 2.5970191e-15)
(-3.2898376 2.8011747 9.9162456e-21)
(-3.1005708 2.6103597 -2.6055167e-15)
(-2.9641292 2.4670327 -5.2157824e-15)
(-2.8649487 2.3589145 -0)
(-2.8063647 2.2874867 -0)
(-2.7838067 2.2479658 -0)
(-2.7970392 2.2393209 2.6092936e-15)
(-2.8479788 2.2623304 4.837255e-21)
(-2.9333511 2.3138632 -2.6069085e-15)
(-3.0559033 2.3956394 -5.2108728e-15)
(-3.2110104 2.5038307 -1.9861612e-20)
(-3.3981648 2.6379499 1.3714315e-20)
(-3.6098864 2.7923193 -4.4282802e-20)
(-3.8350368 2.9585821 4.1733405e-20)
(-4.0477337 3.1131325 2.6020705e-15)
(-4.2455771 3.2462089 -2.6031398e-15)
(-4.4338196 3.3597144 2.6049086e-15)
(-4.6068468 3.44822 -5.2147215e-15)
(-4.7647107 3.5107052 2.6104904e-15)
(-4.9015066 3.542067 -0)
(-5.0142633 3.5397515 2.6184619e-15)
(-5.0974258 3.4999313 -0)
(-5.1492617 3.4220307 -2.6274113e-15)
(-5.1647726 3.3039867 2.632427e-15)
(-5.1480386 3.1502173 2.6364136e-15)
(-5.098441 2.9626086 -2.6405205e-15)
(-5.045999 2.7626484 -0)
(-4.9940424 2.5612249 -7.9616939e-21)
(-4.9279213 2.353543 -2.6481311e-15)
(-4.8414478 2.138503 -1.9597724e-21)
(-4.7381206 1.9198584 -1.3246431e-15)
(-4.6025947 1.6941074 -2.6491653e-15)
(-4.4558971 1.4720058 -1.3236333e-15)
(-4.2637591 1.2452484 8.067508e-20)
(-4.0821217 1.0335008 -4.0309227e-20)
(-3.839042 0.82074774 4.0114281e-20)
(-3.6692798 0.6379943 -6.5603805e-16)
(-3.4193944 0.45652865 -1.3078143e-15)
(-3.4092406 0.31614577 3.2496909e-16)
(-3.309808 0.17076047 3.2355399e-16)
(-4.0064557 0.047748653 -7.8310082e-20)
(-5.3724332 0.0015701316 3.901187e-20)
(-6.3206503 0.0014052135 -0)
(-7.2500701 0.0013220946 3.8532942e-20)
(-8.0220097 0.0013536822 -3.8532778e-20)
(-8.7617372 0.0013294038 3.8390188e-20)
(-9.4019891 0.0013606959 -2.4553867e-23)
(-10.007339 0.0013622415 6.1470398e-24)
(-10.54751 0.001393034 3.1440674e-23)
(-11.056411 0.0014080256 -3.8402749e-20)
(-11.520679 0.0014365101 -0)
(-11.958536 0.0014608114 2.1078075e-13)
(-12.364245 0.0014852861 2.1113463e-13)
(-12.747826 0.0015119761 -3.8910865e-20)
(-13.106952 0.0015344194 -1.6325821e-22)
(-13.447244 0.0015557226 7.8329982e-20)
(-13.767861 0.0015760115 -3.9255937e-20)
(-14.072005 0.001594331 -0)
(-14.359438 0.0016102632 -3.990767e-20)
(-14.632026 0.0016199483 3.9907611e-20)
(-14.889747 0.0016385458 4.0425719e-20)
(-15.133655 0.0016442588 -4.0425665e-20)
(-15.363833 0.0016495545 -0)
(-15.580879 0.0016518234 -0)
(-15.784871 0.0016527381 -0)
(-15.976117 0.0016490044 -4.1990836e-20)
(-16.154723 0.001637429 -3.5655445e-22)
(-16.32082 0.0016373525 4.2347314e-20)
(-16.474463 0.0016218105 -4.3101075e-20)
(-16.615778 0.0016059112 2.1352271e-20)
(-16.744833 0.0015872064 2.1748759e-20)
(-16.861774 0.0015664025 -0)
(-16.966653 0.0015437498 -0)
(-17.059633 0.0015135916 -0)
(-17.1408 0.0014813838 -0)
(-17.210222 0.0014600329 -0)
(-17.268118 0.0014191862 -0)
(-17.314536 0.0013897269 -0)
(-17.349696 0.0013479866 -0)
(-17.373741 0.0013061595 -0)
(-17.386829 0.0012607722 -0)
(-17.389014 0.0012166356 -0)
(-17.380361 0.0011699872 -0)
(-17.361044 0.0011216776 -0)
(-17.331243 0.0010712626 -0)
(-17.291157 0.0010196816 -0)
(-17.240991 0.00096628175 -0)
(-17.180962 0.00091218098 -0)
(-17.111298 0.0008565992 -0)
(-17.032236 0.00080042007 -0)
(-16.944017 0.00074312878 -0)
(-16.846893 0.00068553736 -0)
(-16.741123 0.00062712431 -0)
(-16.626972 0.0005686742 -0)
(-16.50471 0.00050971564 -0)
(-16.374611 0.0004505272 1.4238688e-20)
(-16.236955 0.00039099605 -1.4238697e-20)
(-16.092023 0.00033180456 -1.4529748e-20)
(-15.9401 0.00027243751 3.1891419e-13)
(-15.781489 0.00021390946 3.2200478e-13)
(-15.616491 0.00015554035 1.4966532e-20)
(-15.445411 9.7771375e-05 -1.4966543e-20)
(-15.268549 4.0131315e-05 -0)
(-15.08621 -1.6519498e-05 7.7006488e-21)
(-14.898697 -7.2801322e-05 7.2028191e-23)
(-14.706309 -0.00012756748 -7.772696e-21)
(-14.509343 -0.00018193556 -0)
(-14.308088 -0.00023509884 -0)
(-14.102842 -0.0002905845 -0)
(-13.893868 -0.00033455068 4.0639759e-21)
(-13.681435 -0.00039045376 -4.063982e-21)
(-13.465855 -0.00044279738 -0)
(-13.247329 -0.0004841085 -0)
(-13.026214 -0.00053396991 -0)
(-12.802826 -0.00057873245 2.1180111e-21)
(-12.577396 -0.00062544996 -2.1180129e-21)
(-12.350085 -0.00066339149 -0)
(-12.121217 -0.00070732502 -0)
(-11.891016 -0.00074740171 -0)
(-11.659718 -0.00078557019 -0)
(-11.427558 -0.00082346419 -8.8656601e-21)
(-11.194746 -0.00085933489 8.8656762e-21)
(-10.96149 -0.00089355356 -0)
(-10.728006 -0.00092720756 1.8106858e-20)
(-10.494488 -0.00095866509 -1.8106875e-20)
(-10.261123 -0.00098952644 1.8350055e-20)
(-10.028101 -0.0010182146 -1.8350081e-20)
(-9.7955923 -0.0010458509 -1.8587364e-20)
(-9.5637794 -0.0010724205 1.858739e-20)
(-9.3328251 -0.0010972209 1.8818695e-20)
(-9.102906 -0.0011211138 1.1337363e-22)
(-8.8741597 -0.0011437282 -1.893212e-20)
(-8.6467442 -0.0011646712 -0)
(-8.4208124 -0.0011845784 -0)
(-8.1965011 -0.0012032589 -0)
(-7.9739496 -0.0012205435 4.2404789e-13)
(-7.7532718 -0.0012370693 2.0192148e-16)
(-7.5346034 -0.0012525397 -4.2880354e-13)
(-7.318049 -0.0012669248 -0)
(-7.1037294 -0.0012783631 -0)
(-6.891745 -0.0012927266 -0)
(-6.6822084 -0.0013010483 -0)
(-6.4752004 -0.0013135537 -0)
(-6.2708431 -0.0013213021 -0)
(-6.0691975 -0.0013287798 -0)
(-5.8703774 -0.0013356465 -0)
(-5.6744342 -0.0013416232 -0)
(-5.4815007 -0.0013472137 4.1258587e-20)
(-5.2915878 -0.0013518311 -8.269063e-20)
(-5.1048623 -0.0013545439 4.1432075e-20)
(-4.9212849 -0.0013577945 -0)
(-4.7410741 -0.0013598066 -0)
(-4.5641338 -0.0013602818 -0)
(-4.3907417 -0.0013576363 -0)
(-4.2207337 -0.0013634685 4.2415282e-20)
(-4.0544844 -0.0013588885 -4.241529e-20)
(-3.8917044 -0.0013571228 -0)
(-3.7329313 -0.0013537706 -0)
(-3.577711 -0.0013508826 -0)
(-3.4268164 -0.001345951 -0)
(-3.2795077 -0.0013423613 -0)
(-3.1369494 -0.0013360943 -0)
(-2.9979734 -0.001330213 -0)
(-2.864302 -0.0013224358 -0)
(-2.734191 -0.001315411 -0)
(-2.6101244 -0.0013047988 -0)
(-2.4894926 -0.0012971836 -0)
(-2.3759654 -0.0012836816 -0)
(-2.2656122 -0.0012758229 8.8725028e-20)
(-2.1638679 -0.001259409 -8.8725075e-20)
(-2.064835 -0.0012508235 8.921061e-20)
(-1.9765121 -0.0012295069 -8.9210723e-20)
(-1.8901609 -0.0012218478 -0)
(-1.8175077 -0.0011961562 -0)
(-1.7456202 -0.0011879094 -9.0136408e-20)
(-1.6916586 -0.0011550576 9.0136531e-20)
(-1.6366159 -0.0011479666 4.9357863e-13)
(-1.6055488 -0.0011059648 4.9538195e-13)
(-1.5706165 -0.0011008914 -0)
(-1.5680854 -0.0010465497 -0)
(-1.5580271 -0.0010470693 -0)
(-1.5921638 -0.00097431146 -0)
(-1.6135719 -0.0009850944 -0)
(-1.6933507 -0.00090139995 -5.0157286e-13)
(-1.7469963 -0.00094314732 -5.0351316e-13)
(-1.8680706 -0.022163154 -9.4669215e-17)
(-1.9628502 -0.10103409 9.2477485e-20)
(-2.0058713 -0.18460053 7.6013792e-16)
(-2.0621269 -0.27297056 9.3134444e-20)
(-2.0531338 -0.35365591 2.2941815e-22)
(-2.0519919 -0.43446211 -3.063417e-15)
(-1.9957352 -0.50018811 3.0709034e-15)
(-1.936737 -0.55968946 -1.8792519e-19)
(-1.8308321 -0.5980458 3.0874716e-15)
(-1.7112187 -0.62222332 -3.0960231e-15)
(-1.5473949 -0.6185049 3.1042564e-15)
(-1.357619 -0.5903282 -3.1133118e-15)
(-1.1214435 -0.52541849 -1.4674039e-19)
(-0.84679849 -0.42333883 -2.7564326e-22)
(-0.5189566 -0.27247947 -2.7395986e-22)
(-0.1365792 -0.067193868 4.7092005e-20)
(0.32086325 0.20873584 -6.3154583e-15)
(0.84189618 0.55086649 -6.3327845e-15)
(1.4376372 0.96712707 -0)
(2.1006117 1.4529335 6.3603226e-15)
(2.8396991 2.0135365 -6.3723435e-15)
(3.6480944 2.6427921 1.3250169e-20)
(4.532905 3.3431675 1.6919612e-23)
(5.4841855 4.1041682 9.7431524e-20)
(6.5063175 4.9245809 -6.3840458e-15)
(7.582669 5.7867639 1.2752533e-14)
(8.7115361 6.6827899 1.2727638e-14)
(9.8503579 7.5753387 -8.6811681e-20)
(10.961101 8.4483768 -6.3229242e-15)
(12.072652 9.3352 -6.2956242e-15)
(13.205392 10.254164 -0)
(14.369253 11.215888 1.2454198e-14)
(15.58258 12.237485 -6.1853449e-15)
(16.853083 13.328137 -6.1377379e-15)
(18.204493 14.510447 6.0844187e-15)
(19.646396 15.796707 -6.0232445e-15)
(21.219018 17.223176 -4.5124927e-20)
(22.930262 18.803382 -5.8750082e-15)
(24.861433 20.610472 5.7850848e-15)
(27.048435 22.683936 -2.1435217e-20)
(29.711062 25.19977 2.1434539e-20)
(33.039646 28.20136 -5.4088221e-15)
(36.816341 31.421531 -0)
(41.143826 34.883703 1.0019922e-14)
(45.983247 38.474919 9.3080942e-21)
(51.580051 42.286633 -0)
(57.845125 46.109377 -4.0855136e-15)
(65.216821 50.099703 -0)
(73.474489 53.834994 -3.1748219e-15)
(83.351485 57.453107 -1.0899502e-21)
(93.804578 59.799094 -1.9355705e-15)
(105.8974 61.018328 1.2237882e-15)
(116.80101 58.973914 2.0163674e-18)
(126.47062 53.404951 -5.0646876e-16)
(125.06779 41.684251 9.6181746e-22)
(116.13054 29.140544 9.8940843e-16)
(99.197549 17.746026 -6.3128155e-16)
(84.275093 9.9100588 -5.8311018e-16)
(63.267348 4.3423799 -3.2198254e-16)
(53.97706 1.6812879 -1.1535907e-16)
(34.583418 0.24808385 -3.4061257e-17)
(38.454084 -0.21823715 -0)
(19.543846 -0.079989501 -1.4284298e-17)
)
;
    }
    front
    {
        type            empty;
    }
    back
    {
        type            empty;
    }
}


// ************************************************************************* //
