0.00043385 	4.26067e-11 	2.18677e-15 	-5.87681e-30 	4.26067e-11 	1.04284e-28 	4.26067e-11
0.00132759 	9.78274e-11 	5.11316e-14 	1.26209e-28 	9.78274e-11 	2.95227e-27 	9.78274e-11
0.00227498 	4.69345e-10 	4.85475e-13 	3.26466e-28 	4.69346e-10 	-1.48616e-26 	4.69346e-10
0.00327924 	1.55231e-09 	2.72382e-12 	-1.20617e-27 	1.55231e-09 	-5.53937e-26 	1.55231e-09
0.00434378 	4.02139e-09 	1.08139e-11 	1.28392e-26 	4.02142e-09 	2.1912e-25 	4.02141e-09
0.00547221 	8.85311e-09 	3.36367e-11 	-8.8769e-27 	8.85321e-09 	-9.36324e-25 	8.85315e-09
0.00666839 	1.74001e-08 	8.71359e-11 	-2.31651e-25 	1.74004e-08 	-3.2858e-24 	1.74003e-08
0.00793636 	3.14877e-08 	1.94968e-10 	5.63572e-26 	3.14885e-08 	8.55636e-24 	3.14881e-08
0.00928045 	5.35279e-08 	3.84115e-10 	8.94315e-25 	5.35295e-08 	-7.623e-24 	5.35287e-08
0.0107052 	8.6642e-08 	6.68793e-10 	-3.65945e-24 	8.66446e-08 	-3.45521e-23 	8.66433e-08
0.0122155 	1.34766e-07 	1.01139e-09 	-2.35164e-24 	1.34769e-07 	1.54904e-22 	1.34768e-07
0.0138164 	2.02686e-07 	1.24498e-09 	1.90182e-23 	2.02686e-07 	1.2567e-22 	2.02686e-07
0.0155135 	2.95897e-07 	9.45408e-10 	1.06547e-23 	2.95885e-07 	-7.83632e-23 	2.9589e-07
0.0173124 	4.20141e-07 	-7.31607e-10 	-2.85047e-23 	4.20093e-07 	-1.82967e-23 	4.20116e-07
0.0192193 	5.80478e-07 	-5.16711e-09 	-2.56601e-23 	5.80348e-07 	-1.14857e-21 	5.80412e-07
0.0212406 	7.79943e-07 	-1.41921e-08 	1.41917e-22 	7.79655e-07 	-4.72454e-22 	7.79797e-07
0.0233833 	1.0182e-06 	-2.96724e-08 	1.28702e-22 	1.01766e-06 	3.81221e-22 	1.01793e-06
0.0256546 	1.291e-06 	-5.28793e-08 	-3.18542e-22 	1.2901e-06 	-1.9455e-21 	1.29055e-06
0.0280623 	1.59099e-06 	-8.40412e-08 	-2.9993e-22 	1.58967e-06 	2.79104e-21 	1.59032e-06
0.0306144 	1.90952e-06 	-1.22409e-07 	2.28885e-22 	1.90782e-06 	9.34649e-21 	1.90866e-06
0.0333198 	2.23865e-06 	-1.66749e-07 	7.33851e-23 	2.23671e-06 	-2.64509e-21 	2.23767e-06
0.0361875 	2.57225e-06 	-2.15876e-07 	1.79632e-22 	2.57038e-06 	-1.07513e-20 	2.5713e-06
0.0392274 	2.90627e-06 	-2.68949e-07 	-8.07203e-24 	2.90491e-06 	2.0308e-21 	2.90557e-06
0.0424498 	3.23843e-06 	-3.25511e-07 	-4.09671e-26 	3.23818e-06 	7.70123e-21 	3.23828e-06
0.0458656 	3.56771e-06 	-3.85416e-07 	-5.90497e-23 	3.5693e-06 	1.02662e-20 	3.56847e-06
0.0494864 	3.89389e-06 	-4.48724e-07 	-1.77667e-22 	3.8982e-06 	-1.28442e-20 	3.896e-06
0.0533246 	4.21725e-06 	-5.1563e-07 	3.8009e-22 	4.2253e-06 	-1.19145e-20 	4.22123e-06
0.0573931 	4.53832e-06 	-5.86405e-07 	-1.10091e-21 	4.5513e-06 	7.17831e-22 	4.54475e-06
0.0617059 	4.85778e-06 	-6.61363e-07 	8.80581e-22 	4.87702e-06 	-9.23515e-21 	4.86733e-06
0.0662775 	5.17636e-06 	-7.40852e-07 	2.4395e-22 	5.20333e-06 	1.12549e-20 	5.18976e-06
0.0711236 	5.49478e-06 	-8.25244e-07 	2.10356e-26 	5.53114e-06 	5.45675e-21 	5.51286e-06
0.0762605 	5.81379e-06 	-9.14934e-07 	5.95165e-22 	5.86134e-06 	3.10904e-23 	5.83745e-06
0.0817058 	6.13409e-06 	-1.01034e-06 	1.33598e-21 	6.1948e-06 	7.05949e-23 	6.1643e-06
0.087478 	6.45638e-06 	-1.11188e-06 	-1.36974e-21 	6.5324e-06 	1.02352e-21 	6.49422e-06
0.0935966 	6.78136e-06 	-1.22002e-06 	-5.28621e-22 	6.87497e-06 	4.35119e-21 	6.82796e-06
0.100083 	7.10969e-06 	-1.33525e-06 	-9.46245e-22 	7.22333e-06 	-5.29035e-21 	7.16626e-06
0.106958 	7.44203e-06 	-1.45806e-06 	6.3949e-22 	7.57829e-06 	-1.08809e-20 	7.50985e-06
0.114246 	7.77909e-06 	-1.58897e-06 	2.09334e-21 	7.94067e-06 	-6.46742e-21 	7.85951e-06
0.121971 	8.12153e-06 	-1.72855e-06 	6.97121e-21 	8.31121e-06 	1.6842e-20 	8.21592e-06
0.13016 	8.47011e-06 	-1.87735e-06 	-7.61865e-21 	8.69073e-06 	1.84831e-20 	8.57987e-06
0.138841 	8.82562e-06 	-2.03598e-06 	-1.93324e-21 	9.08003e-06 	-1.39907e-20 	8.95216e-06
0.148043 	9.18883e-06 	-2.20513e-06 	1.27578e-25 	9.47983e-06 	-3.10157e-21 	9.33353e-06
0.157797 	9.56063e-06 	-2.38537e-06 	-1.3542e-21 	9.89087e-06 	1.96096e-21 	9.72479e-06
0.168136 	9.94191e-06 	-2.57733e-06 	-3.95958e-21 	1.03139e-05 	-1.00983e-21 	1.01268e-05
0.179097 	1.03337e-05 	-2.78182e-06 	1.02982e-22 	1.07496e-05 	-5.35799e-21 	1.05403e-05
0.190715 	1.07372e-05 	-2.99946e-06 	5.20183e-21 	1.11988e-05 	-1.42031e-20 	1.09663e-05
0.20303 	1.11534e-05 	-3.23108e-06 	1.41589e-20 	1.16619e-05 	1.50627e-20 	1.14057e-05
0.216085 	1.15838e-05 	-3.47732e-06 	-1.26233e-20 	1.21396e-05 	1.91294e-20 	1.18594e-05
0.229923 	1.20297e-05 	-3.73878e-06 	-6.71971e-22 	1.26325e-05 	-1.51061e-20 	1.23285e-05
0.244592 	1.24927e-05 	-4.01639e-06 	-1.94404e-24 	1.31412e-05 	-1.36745e-21 	1.2814e-05
0.260142 	1.29743e-05 	-4.31072e-06 	-8.22048e-23 	1.36658e-05 	-1.99372e-21 	1.33168e-05
0.276625 	1.34766e-05 	-4.62228e-06 	4.12763e-21 	1.42065e-05 	-1.33469e-20 	1.38379e-05
0.294097 	1.40011e-05 	-4.95171e-06 	3.12871e-20 	1.47635e-05 	1.34501e-20 	1.43784e-05
0.312618 	1.455e-05 	-5.29956e-06 	-3.12842e-20 	1.53366e-05 	1.71647e-20 	1.4939e-05
0.332251 	1.51252e-05 	-5.66603e-06 	-4.4211e-21 	1.59253e-05 	-1.29289e-20 	1.55207e-05
0.353063 	1.57286e-05 	-6.05125e-06 	9.84232e-24 	1.65291e-05 	-5.91246e-21 	1.6124e-05
0.375123 	1.63623e-05 	-6.45521e-06 	1.13115e-20 	1.71469e-05 	-2.63681e-20 	1.67494e-05
0.398508 	1.70279e-05 	-6.87749e-06 	6.43354e-20 	1.77771e-05 	2.33308e-20 	1.73971e-05
0.423296 	1.77267e-05 	-7.3175e-06 	-5.8753e-20 	1.84178e-05 	1.37508e-20 	1.80666e-05
0.449573 	1.84595e-05 	-7.77395e-06 	7.04056e-20 	1.90663e-05 	-2.53902e-20 	1.8757e-05
0.477427 	1.92263e-05 	-8.24484e-06 	-1.03669e-20 	1.97189e-05 	3.06783e-20 	1.94666e-05
0.506952 	2.00261e-05 	-8.72735e-06 	-5.67689e-20 	2.03713e-05 	1.93394e-21 	2.01925e-05
0.53825 	2.08566e-05 	-9.21759e-06 	5.92173e-21 	2.10167e-05 	-1.46007e-20 	2.09309e-05
0.571427 	2.17137e-05 	-9.71384e-06 	-1.347e-20 	2.16472e-05 	-3.30508e-22 	2.16761e-05
0.606595 	2.25836e-05 	-1.02307e-05 	-3.47188e-21 	2.22651e-05 	9.89649e-21 	2.24172e-05
0.643874 	2.34338e-05 	-1.07412e-05 	-5.59318e-20 	2.28836e-05 	-8.20862e-21 	2.31514e-05
0.683391 	2.42445e-05 	-1.10958e-05 	4.76113e-20 	2.35073e-05 	-8.04689e-21 	2.38738e-05
0.725279 	2.50199e-05 	-1.14093e-05 	6.6543e-21 	2.40934e-05 	4.62047e-21 	2.45566e-05
0.769683 	2.57184e-05 	-1.16798e-05 	-2.50815e-21 	2.45773e-05 	9.70218e-22 	2.51491e-05
0.816751 	2.62639e-05 	-1.18765e-05 	8.14583e-22 	2.49002e-05 	3.95304e-23 	2.55854e-05
0.856985 	2.65435e-05 	-1.19631e-05 	1.48898e-21 	2.50124e-05 	2.62749e-21 	2.57833e-05
0.882662 	2.66362e-05 	-1.19818e-05 	4.11168e-22 	2.50119e-05 	6.97777e-21 	2.58307e-05
0.919545 	2.66119e-05 	-1.19428e-05 	-4.20882e-20 	2.48831e-05 	7.13574e-21 	2.5756e-05
0.975622 	2.63126e-05 	-1.17748e-05 	-1.07288e-19 	2.44762e-05 	-1.29901e-20 	2.54057e-05
1.03506 	2.56528e-05 	-1.14567e-05 	1.42054e-19 	2.3774e-05 	-1.02533e-20 	2.47272e-05
1.09807 	2.46332e-05 	-1.09911e-05 	-1.54636e-20 	2.27848e-05 	1.55786e-20 	2.37248e-05
1.16486 	2.32802e-05 	-1.03908e-05 	2.01604e-20 	2.15391e-05 	-8.50081e-21 	2.24248e-05
1.23566 	2.16654e-05 	-9.68877e-06 	1.01671e-19 	2.011e-05 	6.21029e-21 	2.09017e-05
1.31071 	1.99037e-05 	-8.93522e-06 	-8.56564e-20 	1.86e-05 	4.52542e-21 	1.92641e-05
1.39026 	1.81222e-05 	-8.18411e-06 	-1.03718e-20 	1.71158e-05 	-4.19953e-21 	1.76296e-05
1.47458 	1.64114e-05 	-7.46979e-06 	3.4289e-22 	1.57254e-05 	-6.72545e-22 	1.60779e-05
1.56136 	1.48651e-05 	-6.82553e-06 	-1.47244e-22 	1.44876e-05 	-7.1427e-24 	1.46832e-05
1.64568 	1.35314e-05 	-6.26859e-06 	-4.48099e-22 	1.34271e-05 	-8.3554e-22 	1.34832e-05
1.7152 	1.2526e-05 	-5.84846e-06 	3.4708e-20 	1.26301e-05 	-8.97443e-22 	1.25802e-05
1.75383 	1.19954e-05 	-5.6267e-06 	8.85338e-20 	1.22106e-05 	2.11806e-21 	1.21043e-05
1.80032 	1.13948e-05 	-5.37463e-06 	3.32444e-20 	1.17346e-05 	3.34223e-21 	1.15653e-05
1.87118 	1.05399e-05 	-5.01135e-06 	-6.30186e-20 	1.10463e-05 	1.66077e-21 	1.07935e-05
1.93802 	9.81908e-06 	-4.67114e-06 	-8.74068e-20 	1.04265e-05 	2.02124e-21 	1.01228e-05
2.00106 	9.21048e-06 	-4.24164e-06 	-2.40448e-19 	9.84156e-06 	-1.24457e-20 	9.52449e-06
2.06053 	8.6669e-06 	-3.81757e-06 	2.75201e-19 	9.29699e-06 	-2.52531e-21 	8.98035e-06
2.11662 	8.16866e-06 	-3.40252e-06 	7.22649e-20 	8.79688e-06 	1.28858e-22 	8.48144e-06
2.16953 	7.71119e-06 	-2.99725e-06 	2.96163e-19 	8.33768e-06 	6.62603e-21 	8.0236e-06
2.21944 	7.29379e-06 	-2.60733e-06 	-1.57013e-20 	7.9136e-06 	1.54823e-20 	7.60279e-06
2.26652 	6.91305e-06 	-2.23634e-06 	-3.29559e-19 	7.52117e-06 	-4.7522e-21 	7.21617e-06
2.31093 	6.56632e-06 	-1.8844e-06 	-3.16773e-20 	7.15776e-06 	-8.85959e-21 	6.861e-06
2.35282 	6.25002e-06 	-1.55276e-06 	-5.7953e-23 	6.82177e-06 	-6.77895e-22 	6.53542e-06
2.39233 	5.96368e-06 	-1.24162e-06 	-4.74089e-23 	6.51139e-06 	2.15139e-21 	6.23725e-06
2.42961 	5.70401e-06 	-9.49086e-07 	-6.72524e-20 	6.22531e-06 	1.93163e-21 	5.96462e-06
2.46477 	5.46981e-06 	-6.74744e-07 	-7.6846e-20 	5.96245e-06 	-5.70711e-21 	5.71603e-06
2.49793 	5.25931e-06 	-4.17636e-07 	6.38655e-20 	5.72245e-06 	-5.62706e-21 	5.49075e-06
2.52922 	5.07139e-06 	-1.76977e-07 	8.31532e-20 	5.50501e-06 	3.68832e-21 	5.28813e-06
2.55874 	4.90548e-06 	4.8482e-08 	-7.58874e-23 	5.30987e-06 	3.25206e-21 	5.10764e-06
2.57797 	4.80367e-06 	1.94741e-07 	-4.06035e-22 	5.18851e-06 	-2.66029e-23 	4.99607e-06
2.59149 	4.73656e-06 	2.97176e-07 	-1.61403e-21 	5.10746e-06 	-9.28668e-23 	4.92201e-06
2.61285 	4.63713e-06 	4.58435e-07 	-1.87365e-21 	4.98583e-06 	-4.52833e-21 	4.81151e-06
2.63764 	4.53444e-06 	6.44346e-07 	7.81546e-20 	4.85733e-06 	-5.53993e-21 	4.69596e-06
2.66101 	4.45284e-06 	8.18729e-07 	1.4103e-19 	4.75163e-06 	1.08368e-20 	4.60235e-06
2.68307 	4.39229e-06 	9.82788e-07 	-1.1812e-19 	4.66882e-06 	4.19783e-22 	4.53073e-06
2.70387 	4.35287e-06 	1.13713e-06 	9.33964e-20 	4.60878e-06 	1.9056e-21 	4.48091e-06
2.72349 	4.33399e-06 	1.2823e-06 	-1.1844e-19 	4.57139e-06 	1.01688e-20 	4.45274e-06
2.742 	4.33498e-06 	1.41907e-06 	-7.30064e-20 	4.55609e-06 	-1.08639e-20 	4.44571e-06
2.75946 	4.35531e-06 	1.54776e-06 	1.45719e-20 	4.56175e-06 	-1.62205e-20 	4.45865e-06
2.77593 	4.39328e-06 	1.66884e-06 	1.78018e-19 	4.58714e-06 	1.50406e-20 	4.49038e-06
2.79147 	4.44743e-06 	1.7826e-06 	-1.49845e-19 	4.63027e-06 	1.5618e-20 	4.53897e-06
2.80612 	4.51547e-06 	1.8892e-06 	-5.73785e-20 	4.68896e-06 	9.20658e-22 	4.60228e-06
2.81995 	4.59488e-06 	1.98878e-06 	-1.60487e-19 	4.76067e-06 	-5.12804e-20 	4.67785e-06
2.83299 	4.68295e-06 	2.0811e-06 	4.72723e-19 	4.84246e-06 	1.83054e-20 	4.76281e-06
2.84529 	4.77688e-06 	2.16607e-06 	-2.38655e-19 	4.9312e-06 	4.09146e-20 	4.8541e-06
2.85689 	4.87367e-06 	2.24339e-06 	-3.04918e-20 	5.02393e-06 	-2.03119e-20 	4.94885e-06
2.86784 	4.97066e-06 	2.31414e-06 	-3.04143e-20 	5.11766e-06 	-2.69105e-21 	5.0442e-06
2.87817 	5.06526e-06 	2.38207e-06 	-2.06325e-21 	5.20965e-06 	-3.88175e-22 	5.1375e-06
2.88791 	5.15558e-06 	2.42884e-06 	-1.01075e-20 	5.29689e-06 	2.87121e-20 	5.22627e-06
2.8971 	5.23867e-06 	2.46725e-06 	-2.38882e-19 	5.37747e-06 	-5.69228e-20 	5.30807e-06
2.90577 	5.31111e-06 	2.50065e-06 	3.98307e-19 	5.44851e-06 	-4.41786e-20 	5.37982e-06
2.91395 	5.37006e-06 	2.52788e-06 	1.61676e-19 	5.50694e-06 	6.47834e-20 	5.43853e-06
2.92166 	5.41365e-06 	2.54825e-06 	-1.03303e-19 	5.55049e-06 	2.13305e-20 	5.48211e-06
2.92894 	5.44103e-06 	2.5611e-06 	-1.30703e-20 	5.57784e-06 	8.43643e-21 	5.50945e-06
2.9358 	5.45202e-06 	2.56594e-06 	-1.49439e-19 	5.58855e-06 	3.41645e-20 	5.52029e-06
2.94228 	5.44695e-06 	2.56337e-06 	-2.41065e-19 	5.58267e-06 	-5.91785e-20 	5.5148e-06
2.94839 	5.42631e-06 	2.55359e-06 	2.14891e-19 	5.56053e-06 	-3.49567e-20 	5.49343e-06
2.95415 	5.39077e-06 	2.53661e-06 	1.88829e-20 	5.52256e-06 	4.88896e-20 	5.45667e-06
2.95959 	5.34083e-06 	2.51245e-06 	-9.01971e-20 	5.46916e-06 	-1.07547e-20 	5.40499e-06
2.96472 	5.27677e-06 	2.48159e-06 	6.27881e-20 	5.40066e-06 	2.12673e-20 	5.33871e-06
2.96955 	5.19872e-06 	2.44416e-06 	-1.78862e-19 	5.31713e-06 	-2.66016e-20 	5.25793e-06
2.97412 	5.10652e-06 	2.39994e-06 	1.69686e-19 	5.21839e-06 	-3.48509e-20 	5.16245e-06
2.97842 	4.99961e-06 	2.34846e-06 	2.81187e-20 	5.10407e-06 	3.08705e-20 	5.05183e-06
2.98249 	4.87709e-06 	2.28973e-06 	-1.02272e-23 	4.97347e-06 	5.15805e-21 	4.92526e-06
2.98632 	4.73771e-06 	2.22304e-06 	1.6897e-24 	4.82553e-06 	-3.00798e-25 	4.78161e-06
2.98993 	4.57996e-06 	2.14758e-06 	6.46273e-25 	4.65888e-06 	3.33077e-25 	4.61942e-06
2.99334 	4.40204e-06 	2.06289e-06 	1.80308e-22 	4.47194e-06 	-3.89087e-21 	4.43698e-06
2.99656 	4.20199e-06 	1.96787e-06 	1.02639e-20 	4.26295e-06 	-3.1621e-20 	4.23247e-06
2.99959 	3.97793e-06 	1.86178e-06 	8.23922e-20 	4.03022e-06 	3.11994e-20 	4.00406e-06
3.00246 	3.72822e-06 	1.74376e-06 	-6.41965e-20 	3.77231e-06 	2.71966e-20 	3.75026e-06
3.00516 	3.45179e-06 	1.61274e-06 	-1.16889e-20 	3.48823e-06 	-1.56448e-20 	3.47001e-06
3.0077 	3.14811e-06 	1.46357e-06 	-5.925e-21 	3.17746e-06 	1.17588e-20 	3.16278e-06
3.01011 	2.81802e-06 	1.29551e-06 	-2.26868e-20 	2.84095e-06 	6.39097e-21 	2.82948e-06
3.01237 	2.46524e-06 	1.11213e-06 	-1.23312e-20 	2.48254e-06 	-2.90915e-20 	2.47389e-06
3.01451 	2.09739e-06 	9.18005e-07 	2.27968e-20 	2.10993e-06 	-6.50541e-21 	2.10366e-06
3.01653 	1.72649e-06 	7.21395e-07 	1.57497e-21 	1.73513e-06 	1.61149e-20 	1.73081e-06
3.01843 	1.36828e-06 	5.33954e-07 	-4.74958e-21 	1.3739e-06 	-6.28648e-21 	1.37109e-06
3.02023 	1.03977e-06 	3.68555e-07 	5.29978e-21 	1.0432e-06 	5.37091e-21 	1.04149e-06
3.02192 	7.5547e-07 	2.35304e-07 	-4.40084e-21 	7.57414e-07 	-5.74349e-22 	7.56442e-07
3.02352 	5.23868e-07 	1.38154e-07 	1.56176e-21 	5.24882e-07 	-3.01298e-21 	5.24376e-07
3.02503 	3.46073e-07 	7.42779e-08 	2.09445e-22 	3.46557e-07 	8.93512e-22 	3.46315e-07
3.02645 	2.17085e-07 	3.63933e-08 	-1.68119e-24 	2.17295e-07 	1.32904e-22 	2.1719e-07
3.02779 	1.28463e-07 	1.61147e-08 	6.85882e-24 	1.28544e-07 	-1.24199e-22 	1.28503e-07
3.02906 	7.08759e-08 	6.34985e-09 	2.74613e-23 	7.09036e-08 	3.91928e-23 	7.08897e-08
3.03025 	3.57367e-08 	2.16734e-09 	-8.16201e-24 	3.57447e-08 	2.4774e-23 	3.57407e-08
3.03138 	1.59257e-08 	6.1233e-10 	-1.48522e-24 	1.59275e-08 	-4.04837e-24 	1.59266e-08
3.03244 	5.92189e-09 	1.32778e-10 	1.3374e-25 	5.92222e-09 	-7.63222e-25 	5.92206e-09
3.03344 	1.65617e-09 	1.95083e-11 	9.71057e-28 	1.65621e-09 	3.78448e-26 	1.65619e-09
3.03439 	2.88917e-10 	1.60431e-12 	8.99732e-29 	2.8892e-10 	-1.00143e-26 	2.88918e-10
3.03528 	4.07997e-11 	5.56234e-14 	6.6658e-29 	4.07998e-11 	3.25055e-28 	4.07997e-11
