0.00132759 	-0.000358019 	-4.36783e-08 	3.43616e-18
0.00227498 	-0.000605283 	-1.30047e-07 	-1.88699e-18
0.00327924 	-0.000860836 	-2.70061e-07 	-2.10453e-18
0.00434378 	-0.00112436 	-4.746e-07 	-1.24356e-19
0.00547221 	-0.00139543 	-7.54747e-07 	6.17344e-19
0.00666839 	-0.0016734 	-1.12317e-06 	4.62853e-18
0.00793636 	-0.00195744 	-1.59445e-06 	-4.83726e-18
0.00928045 	-0.00224631 	-2.18527e-06 	-5.37242e-19
0.0107052 	-0.00253826 	-2.91458e-06 	-5.16909e-19
0.0122155 	-0.00283076 	-3.80387e-06 	-9.60168e-20
0.0138164 	-0.00312021 	-4.87737e-06 	2.66339e-19
0.0155135 	-0.00340168 	-6.16217e-06 	1.07536e-19
0.0173124 	-0.00366888 	-7.68794e-06 	-5.2204e-19
0.0192193 	-0.00391475 	-9.48578e-06 	-2.54444e-18
0.0212406 	-0.00413263 	-1.15856e-05 	8.76735e-18
0.0233833 	-0.00431788 	-1.4013e-05 	-4.60283e-18
0.0256546 	-0.00446897 	-1.67865e-05 	-1.0627e-18
0.0280623 	-0.00458751 	-1.99179e-05 	-4.14407e-18
0.0306144 	-0.0046772 	-2.34143e-05 	2.82053e-18
0.0333198 	-0.00474258 	-2.72807e-05 	-1.2166e-18
0.0361875 	-0.00478804 	-3.15223e-05 	1.77014e-18
0.0392274 	-0.00481737 	-3.61459e-05 	1.70923e-19
0.0424498 	-0.0048336 	-4.11605e-05 	3.57572e-20
0.0458656 	-0.00483907 	-4.65778e-05 	8.0592e-19
0.0494864 	-0.00483552 	-5.24119e-05 	-1.31708e-20
0.0533246 	-0.00482426 	-5.86792e-05 	1.78095e-18
0.0573931 	-0.00480626 	-6.53989e-05 	-2.00305e-18
0.0617059 	-0.00478219 	-7.2592e-05 	-3.25105e-19
0.0662775 	-0.00475257 	-8.02818e-05 	-6.95068e-19
0.0711236 	-0.00471771 	-8.84937e-05 	5.05366e-19
0.0762605 	-0.00467783 	-9.72552e-05 	1.59162e-19
0.0817058 	-0.00463306 	-0.000106596 	1.74123e-20
0.087478 	-0.00458342 	-0.000116547 	1.5537e-19
0.0935966 	-0.00452886 	-0.000127142 	8.95228e-19
0.100083 	-0.0044693 	-0.000138418 	-8.75606e-19
0.106958 	-0.00440456 	-0.000150413 	-9.70263e-20
0.114246 	-0.00433442 	-0.000163167 	-2.42334e-20
0.121971 	-0.00425863 	-0.000176724 	-6.88307e-24
0.13016 	-0.00417683 	-0.000191129 	-6.96859e-25
0.138841 	-0.00408864 	-0.000206432 	-1.4397e-19
0.148043 	-0.00399361 	-0.000222682 	-7.09068e-19
0.157797 	-0.00389121 	-0.000239935 	8.02177e-19
0.168136 	-0.00378084 	-0.000258249 	5.12739e-20
0.179097 	-0.00366183 	-0.000277685 	-3.56134e-19
0.190715 	-0.00353338 	-0.000298307 	2.62459e-19
0.20303 	-0.00339462 	-0.000320185 	4.51895e-20
0.216085 	-0.00324453 	-0.000343393 	2.48397e-20
0.229923 	-0.00308196 	-0.000368006 	-5.04645e-20
0.244592 	-0.00290561 	-0.000394107 	-6.05067e-19
0.260142 	-0.00271399 	-0.000421785 	5.60585e-19
0.276625 	-0.00250539 	-0.000451132 	4.17766e-20
0.294097 	-0.00227788 	-0.000482246 	-6.11168e-19
0.312618 	-0.00202924 	-0.000515234 	5.67838e-19
0.332251 	-0.00175693 	-0.000550206 	9.65289e-20
0.353063 	-0.00145804 	-0.000587281 	-5.97003e-20
0.375123 	-0.00112923 	-0.000626581 	5.38796e-20
0.398508 	-0.000766663 	-0.000668237 	6.28715e-20
0.423296 	-0.000365962 	-0.000712381 	-5.53558e-20
0.449573 	7.79246e-05 	-0.00075914 	2.23161e-19
0.477427 	0.000570778 	-0.000808643 	8.41701e-19
0.506952 	0.00111922 	-0.00086103 	-9.51838e-19
0.53825 	0.00173091 	-0.000916418 	-1.40895e-19
0.571427 	0.00241703 	-0.000974598 	1.10402e-22
0.606595 	0.00320489 	-0.00103583 	-5.27888e-20
0.643874 	0.00413008 	-0.00110039 	2.51409e-21
0.683391 	0.00521061 	-0.00116708 	2.39126e-20
0.725279 	0.00644857 	-0.00123425 	-1.02856e-19
0.769683 	0.00783749 	-0.00129973 	3.10566e-20
0.816751 	0.0093665 	-0.00136082 	9.88621e-20
0.866645 	0.0110192 	-0.0014145 	1.02652e-22
0.919534 	0.0127696 	-0.00145779 	-1.12354e-19
0.975597 	0.0145799 	-0.00148808 	-6.86225e-19
1.03503 	0.016401 	-0.0015034 	6.95862e-19
1.09802 	0.0181782 	-0.00150279 	6.3359e-19
1.1648 	0.0198599 	-0.00148645 	-5.25621e-19
1.23559 	0.0214066 	-0.00145592 	-2.13799e-19
1.31062 	0.0228015 	-0.00141424 	-8.76837e-19
1.39016 	0.0240534 	-0.00136239 	7.32434e-19
1.47447 	0.0251815 	-0.00130181 	1.59872e-19
1.56124 	0.0261721 	-0.00123624 	-9.64173e-20
1.64556 	0.0270005 	-0.00117234 	-5.90738e-19
1.72509 	0.0276815 	-0.00111209 	3.66663e-19
1.80013 	0.0282476 	-0.00105526 	-9.66717e-19
1.87091 	0.0287244 	-0.0010014 	1.12698e-18
1.93769 	0.0291293 	-0.000950272 	3.77445e-20
2.00069 	0.0294746 	-0.000901729 	-5.00894e-19
2.06012 	0.0297697 	-0.00085568 	5.00985e-19
2.11618 	0.0300214 	-0.000812047 	2.18426e-19
2.16907 	0.0302355 	-0.000770753 	-4.04229e-23
2.21896 	0.0304166 	-0.000731711 	-1.83989e-25
2.26603 	0.0305687 	-0.000694828 	1.22028e-23
2.31043 	0.0306946 	-0.000660003 	1.38776e-23
2.35232 	0.0307971 	-0.000627131 	-2.70629e-23
2.39184 	0.030878 	-0.000596105 	2.70156e-23
2.42912 	0.0309391 	-0.000566816 	-1.98565e-19
2.46429 	0.0309816 	-0.000539159 	-2.86226e-19
2.49746 	0.0310064 	-0.00051303 	3.1291e-19
2.52876 	0.0310143 	-0.00048833 	2.24152e-19
2.55829 	0.0310056 	-0.000464961 	-2.67775e-19
2.57809 	0.0309905 	-0.000449244 	-4.26517e-19
2.59161 	0.0309739 	-0.000438477 	-1.50276e-19
2.61242 	0.0309395 	-0.000421852 	3.24254e-19
2.63721 	0.0308822 	-0.000401942 	9.05256e-19
2.66059 	0.0308084 	-0.000383024 	6.79011e-19
2.68265 	0.0307178 	-0.000365023 	-8.22676e-19
2.70346 	0.0306104 	-0.000347867 	-1.00756e-18
2.7231 	0.0304856 	-0.00033149 	-5.49993e-19
2.74162 	0.0303433 	-0.000315826 	1.43162e-18
2.75909 	0.0301831 	-0.000300816 	1.70588e-18
2.77557 	0.0300049 	-0.000286401 	-1.09159e-18
2.79112 	0.0298083 	-0.00027253 	-4.02972e-19
2.80579 	0.0295933 	-0.000259153 	-4.77722e-19
2.81963 	0.0293598 	-0.000246226 	4.00615e-20
2.83268 	0.0291077 	-0.000233709 	1.00358e-18
2.845 	0.028837 	-0.00022157 	-1.10769e-18
2.85662 	0.0285476 	-0.00020978 	5.96173e-19
2.86758 	0.0282396 	-0.000198318 	1.74145e-18
2.87792 	0.0279132 	-0.00018717 	-7.50484e-19
2.88767 	0.0275685 	-0.000176328 	8.04593e-19
2.89687 	0.0272055 	-0.000165791 	-3.36529e-18
2.90555 	0.0268231 	-0.000155527 	-3.30742e-18
2.91374 	0.0264186 	-0.000145485 	1.67159e-18
2.92147 	0.0259901 	-0.000135631 	-4.20335e-19
2.92876 	0.0255376 	-0.000125984 	1.12584e-18
2.93563 	0.0250622 	-0.000116585 	-1.20695e-18
2.94212 	0.0245657 	-0.000107477 	2.02603e-18
2.94824 	0.0240496 	-9.87024e-05 	7.38254e-19
2.95401 	0.0235156 	-9.02986e-05 	-8.07588e-24
2.95945 	0.0229647 	-8.22969e-05 	-6.10548e-24
2.96459 	0.0223978 	-7.47207e-05 	-1.70333e-18
2.96944 	0.0218157 	-6.75857e-05 	-3.22397e-18
2.97401 	0.0212186 	-6.09e-05 	1.64162e-18
2.97832 	0.0206064 	-5.46656e-05 	-1.70394e-18
2.98239 	0.0199787 	-4.88787e-05 	3.68168e-18
2.98623 	0.019335 	-4.35308e-05 	1.83716e-18
2.98985 	0.0186742 	-3.86098e-05 	-6.39734e-25
2.99326 	0.0179953 	-3.41003e-05 	-2.10743e-18
2.99649 	0.0172968 	-2.99849e-05 	-3.04291e-18
2.99953 	0.0165773 	-2.62447e-05 	3.26636e-18
3.00239 	0.0158356 	-2.28599e-05 	-2.37185e-18
3.0051 	0.0150705 	-1.98102e-05 	-2.24487e-18
3.00765 	0.014281 	-1.7073e-05 	7.54044e-18
3.01006 	0.0134656 	-1.46219e-05 	2.47328e-18
3.01233 	0.0126212 	-1.2429e-05 	-9.77076e-18
3.01447 	0.0117462 	-1.04692e-05 	1.34332e-17
3.01649 	0.0108434 	-8.72757e-06 	-3.76347e-19
3.0184 	0.00991991 	-7.19107e-06 	7.99087e-18
3.0202 	0.00898672 	-5.84715e-06 	5.10073e-18
3.0219 	0.00805759 	-4.68406e-06 	-2.45312e-17
3.0235 	0.00714689 	-3.68968e-06 	1.75834e-18
3.02501 	0.00626701 	-2.85075e-06 	1.62706e-18
3.02643 	0.00542674 	-2.15288e-06 	-1.50841e-18
3.02778 	0.00463085 	-1.58112e-06 	1.31784e-18
3.02905 	0.00388085 	-1.12082e-06 	1.3615e-19
