/*--------------------------------*- C++ -*----------------------------------*\
  =========                 |
  \\      /  F ield         | OpenFOAM: The Open Source CFD Toolbox
   \\    /   O peration     | Website:  https://openfoam.org
    \\  /    A nd           | Version:  7
     \\/     M anipulation  |
\*---------------------------------------------------------------------------*/
FoamFile
{
    version     2.0;
    format      ascii;
    class       labelList;
    note        "nPoints: 5268 nCells: 2473 nFaces: 10052 nInternalFaces: 4786";
    location    "constant/polyMesh";
    object      neighbour;
}
// * * * * * * * * * * * * * * * * * * * * * * * * * * * * * * * * * * * * * //


4786
(
1
2
3
4
5
7
7
8
9
9
10
11
11
12
13
13
14
15
15
17
18
17
19
18
20
21
20
22
21
23
24
23
25
24
26
27
26
29
27
30
31
29
32
30
33
31
34
35
33
36
34
37
35
38
39
37
40
38
41
39
42
43
41
45
42
46
43
47
48
45
49
46
50
47
51
48
52
53
50
54
51
55
52
56
53
57
58
55
60
56
61
57
62
58
63
64
60
65
61
66
62
67
63
68
64
69
70
66
71
67
72
68
73
69
74
70
75
76
72
78
73
79
74
80
75
81
76
82
83
78
84
79
85
80
86
81
87
82
88
83
89
90
85
91
86
92
87
93
88
94
89
95
90
96
97
92
99
93
100
94
101
95
102
96
103
97
104
105
99
106
100
107
101
108
102
109
103
110
104
111
105
112
113
107
114
108
115
109
116
110
117
111
118
112
119
113
120
121
115
123
116
124
117
125
118
126
119
127
120
128
121
129
130
123
131
124
132
125
133
126
134
127
135
128
136
129
137
130
138
139
132
140
133
141
134
142
135
143
136
144
137
145
138
146
139
147
148
141
150
142
151
143
152
144
153
145
154
146
155
147
156
148
157
158
150
159
151
160
152
161
153
162
154
163
155
164
156
165
157
166
158
167
168
160
169
161
170
162
171
163
172
164
173
165
174
166
175
167
176
168
177
178
170
180
171
181
172
182
173
183
174
184
175
185
176
186
177
187
178
188
189
180
190
181
191
182
192
183
193
184
194
185
195
186
196
187
197
188
198
189
199
200
191
202
192
203
193
204
194
205
195
206
196
207
197
208
198
209
199
210
200
211
212
202
213
203
214
204
215
205
216
206
217
207
218
208
219
209
220
210
221
211
222
212
223
224
214
225
215
226
216
227
217
228
218
229
219
230
220
231
221
232
222
233
223
234
224
235
236
226
238
227
239
228
240
229
241
230
242
231
243
232
244
233
245
234
246
235
247
236
248
249
238
250
239
251
240
252
241
253
242
254
243
255
244
256
245
257
246
258
247
259
248
260
249
261
262
251
264
252
265
253
266
254
267
255
268
256
269
257
270
258
271
259
272
260
273
261
274
262
275
276
264
277
265
278
266
279
267
280
268
281
269
282
270
283
271
284
272
285
273
286
274
287
275
288
276
289
290
278
292
279
293
280
294
281
295
282
296
283
297
284
298
285
299
286
300
287
301
288
302
289
303
290
304
305
292
306
293
307
294
308
295
309
296
310
297
311
298
312
299
313
300
314
301
315
302
316
303
317
304
318
305
319
320
307
321
308
322
309
323
310
324
311
325
312
326
313
327
314
328
315
329
316
330
317
331
318
332
319
333
320
334
335
322
337
323
338
324
339
325
340
326
341
327
342
328
343
329
344
330
345
331
346
332
347
333
348
334
349
335
350
351
337
352
338
353
339
354
340
355
341
356
342
357
343
358
344
359
345
360
346
361
347
362
348
363
349
364
350
365
351
366
367
353
369
354
370
355
371
356
372
357
373
358
374
359
375
360
376
361
377
362
378
363
379
364
380
365
381
366
382
367
383
384
369
385
370
386
371
387
372
388
373
389
374
390
375
391
376
392
377
393
378
394
379
395
380
396
381
397
382
398
383
399
384
400
401
386
402
387
403
388
404
389
405
390
406
391
407
392
408
393
409
394
410
395
411
396
412
397
413
398
414
399
415
400
416
401
417
418
403
420
404
421
405
422
406
423
407
424
408
425
409
426
410
427
411
428
412
429
413
430
414
431
415
432
416
433
417
434
418
435
436
420
438
421
439
422
440
423
441
424
442
425
443
426
444
427
445
428
446
429
447
430
448
431
449
432
450
433
451
434
452
435
453
436
454
437
455
456
439
457
440
458
441
459
442
460
443
461
444
462
445
463
446
464
447
465
448
466
449
467
450
468
451
469
452
470
453
471
454
472
455
473
456
474
475
458
477
459
478
460
479
461
480
462
481
463
482
464
483
465
484
466
485
467
486
468
487
469
488
470
489
471
490
472
491
473
492
474
493
475
494
495
477
496
478
497
479
498
480
499
481
500
482
501
483
502
484
503
485
504
486
505
487
506
488
507
489
508
490
509
491
510
492
511
493
512
494
513
495
514
515
497
517
498
518
499
519
500
520
501
521
502
522
503
523
504
524
505
525
506
526
507
527
508
528
509
529
510
530
511
531
512
532
513
533
514
534
515
535
536
517
537
518
538
519
539
520
540
521
541
522
542
523
543
524
544
525
545
526
546
527
547
528
548
529
549
530
550
531
551
532
552
533
553
534
554
535
555
536
556
557
538
558
539
559
540
560
541
561
542
562
543
563
544
564
545
565
546
566
547
567
548
568
549
569
550
570
551
571
552
572
553
573
554
574
555
575
556
576
557
577
578
559
580
560
581
561
582
562
583
563
584
564
585
565
586
566
587
567
588
568
589
569
590
570
591
571
592
572
593
573
594
574
595
575
596
576
597
577
598
578
599
600
580
601
581
602
582
603
583
604
584
605
585
606
586
607
587
608
588
609
589
610
590
611
591
612
592
613
593
614
594
615
595
616
596
617
597
618
598
619
599
620
600
621
622
602
623
603
624
604
625
605
626
606
627
607
628
608
629
609
630
610
631
611
632
612
633
613
634
614
635
615
636
616
637
617
638
618
639
619
640
620
641
621
642
622
643
644
624
646
625
647
626
648
627
649
628
650
629
651
630
652
631
653
632
654
633
655
634
656
635
657
636
658
637
659
638
660
639
661
640
662
641
663
642
664
643
665
644
666
667
646
668
647
669
648
670
649
671
650
672
651
673
652
674
653
675
654
676
655
677
656
678
657
679
658
680
659
681
660
682
661
683
662
684
663
685
664
686
665
687
666
688
667
689
690
669
691
670
692
671
693
672
694
673
695
674
696
675
697
676
698
677
699
678
700
679
701
680
702
681
703
682
704
683
705
684
706
685
707
686
708
687
709
688
710
689
711
690
712
713
692
715
693
716
694
717
695
718
696
719
697
720
698
721
699
722
700
723
701
724
702
725
703
726
704
727
705
728
706
729
707
730
708
731
709
732
710
733
711
734
712
735
713
736
737
715
738
716
739
717
740
718
741
719
742
720
743
721
744
722
745
723
746
724
747
725
748
726
749
727
750
728
751
729
752
730
753
731
754
732
755
733
756
734
757
735
758
736
759
737
760
761
739
762
740
763
741
764
742
765
743
766
744
767
745
768
746
769
747
770
748
771
749
772
750
773
751
774
752
775
753
776
754
777
755
778
756
779
757
780
758
781
759
782
760
783
761
784
785
763
787
764
788
765
789
766
790
767
791
768
792
769
793
770
794
771
795
772
796
773
797
774
798
775
799
776
800
777
801
778
802
779
803
780
804
781
805
782
806
783
807
784
808
785
809
810
787
811
788
812
789
813
790
814
791
815
792
816
793
817
794
818
795
819
796
820
797
821
798
822
799
823
800
824
801
825
802
826
803
827
804
828
805
829
806
830
807
831
808
832
809
833
810
834
835
812
836
813
837
814
838
815
839
816
840
817
841
818
842
819
843
820
844
821
845
822
846
823
847
824
848
825
849
826
850
827
851
828
852
829
853
830
854
831
855
832
856
833
857
834
858
835
859
860
837
861
838
862
839
863
840
864
841
865
842
866
843
867
844
868
845
869
846
870
847
871
848
872
849
873
850
874
851
875
852
876
853
877
854
878
855
879
856
880
857
881
858
882
859
883
860
884
885
862
887
863
888
864
889
865
890
866
891
867
892
868
893
869
894
870
895
871
896
872
897
873
898
874
899
875
900
876
901
877
902
878
903
879
904
880
905
881
906
882
907
883
908
884
909
885
910
911
887
912
888
913
889
914
890
915
891
916
892
917
893
918
894
919
895
920
896
921
897
922
898
923
899
924
900
925
901
926
902
927
903
928
904
929
905
930
906
931
907
932
908
933
909
934
910
935
911
936
937
913
938
914
939
915
940
916
941
917
942
918
943
919
944
920
945
921
946
922
947
923
948
924
949
925
950
926
951
927
952
928
953
929
954
930
955
931
956
932
957
933
958
934
959
935
960
936
961
937
962
963
939
964
940
965
941
966
942
967
943
968
944
969
945
970
946
971
947
972
948
973
949
974
950
975
951
976
952
977
953
978
954
979
955
980
956
981
957
982
958
983
959
984
960
985
961
986
962
987
963
988
989
965
991
966
992
967
993
968
994
969
995
970
996
971
997
972
998
973
999
974
1000
975
1001
976
1002
977
1003
978
1004
979
1005
980
1006
981
1007
982
1008
983
1009
984
1010
985
1011
986
1012
987
1013
988
1014
989
1015
1016
991
1017
992
1018
993
1019
994
1020
995
1021
996
1022
997
1023
998
1024
999
1025
1000
1026
1001
1027
1002
1028
1003
1029
1004
1030
1005
1031
1006
1032
1007
1033
1008
1034
1009
1035
1010
1036
1011
1037
1012
1038
1013
1039
1014
1040
1015
1041
1016
1042
1043
1018
1044
1019
1045
1020
1046
1021
1047
1022
1048
1023
1049
1024
1050
1025
1051
1026
1052
1027
1053
1028
1054
1029
1055
1030
1056
1031
1057
1032
1058
1033
1059
1034
1060
1035
1061
1036
1062
1037
1063
1038
1064
1039
1065
1040
1066
1041
1067
1042
1068
1043
1069
1070
1045
1071
1046
1072
1047
1073
1048
1074
1049
1075
1050
1076
1051
1077
1052
1078
1053
1079
1054
1080
1055
1081
1056
1082
1057
1083
1058
1084
1059
1085
1060
1086
1061
1087
1062
1088
1063
1089
1064
1090
1065
1091
1066
1092
1067
1093
1068
1094
1069
1095
1070
1096
1097
1072
1099
1073
1100
1074
1101
1075
1102
1076
1103
1077
1104
1078
1105
1079
1106
1080
1107
1081
1108
1082
1109
1083
1110
1084
1111
1085
1112
1086
1113
1087
1114
1088
1115
1089
1116
1090
1117
1091
1118
1092
1119
1093
1120
1094
1121
1095
1122
1096
1123
1097
1124
1125
1099
1126
1100
1127
1101
1128
1102
1129
1103
1130
1104
1131
1105
1132
1106
1133
1107
1134
1108
1135
1109
1136
1110
1137
1111
1138
1112
1139
1113
1140
1114
1141
1115
1142
1116
1143
1117
1144
1118
1145
1119
1146
1120
1147
1121
1148
1122
1149
1123
1150
1124
1151
1125
1152
1153
1127
1154
1128
1155
1129
1156
1130
1157
1131
1158
1132
1159
1133
1160
1134
1161
1135
1162
1136
1163
1137
1164
1138
1165
1139
1166
1140
1167
1141
1168
1142
1169
1143
1170
1144
1171
1145
1172
1146
1173
1147
1174
1148
1175
1149
1176
1150
1177
1151
1178
1152
1179
1153
1180
1181
1155
1182
1156
1183
1157
1184
1158
1185
1159
1186
1160
1187
1161
1188
1162
1189
1163
1190
1164
1191
1165
1192
1166
1193
1167
1194
1168
1195
1169
1196
1170
1197
1171
1198
1172
1199
1173
1200
1174
1201
1175
1202
1176
1203
1177
1204
1178
1205
1179
1206
1180
1207
1181
1208
1209
1183
1210
1184
1211
1185
1212
1186
1213
1187
1214
1188
1215
1189
1216
1190
1217
1191
1218
1192
1219
1193
1220
1194
1221
1195
1222
1196
1223
1197
1224
1198
1225
1199
1226
1200
1227
1201
1228
1202
1229
1203
1230
1204
1231
1205
1232
1206
1233
1207
1234
1208
1235
1209
1236
1237
1211
1239
1212
1240
1213
1241
1214
1242
1215
1243
1216
1244
1217
1245
1218
1246
1219
1247
1220
1248
1221
1249
1222
1250
1223
1251
1224
1252
1225
1253
1226
1254
1227
1255
1228
1256
1229
1257
1230
1258
1231
1259
1232
1260
1233
1261
1234
1262
1235
1263
1236
1264
1237
1265
1266
1239
1267
1240
1268
1241
1269
1242
1270
1243
1271
1244
1272
1245
1273
1246
1274
1247
1275
1248
1276
1249
1277
1250
1278
1251
1279
1252
1280
1253
1281
1254
1282
1255
1283
1256
1284
1257
1285
1258
1286
1259
1287
1260
1288
1261
1289
1262
1290
1263
1291
1264
1292
1265
1293
1266
1294
1295
1268
1296
1269
1297
1270
1298
1271
1299
1272
1300
1273
1301
1274
1302
1275
1303
1276
1304
1277
1305
1278
1306
1279
1307
1280
1308
1281
1309
1282
1310
1283
1311
1284
1312
1285
1313
1286
1314
1287
1315
1288
1316
1289
1317
1290
1318
1291
1319
1292
1320
1293
1321
1294
1322
1295
1323
1324
1297
1325
1298
1326
1299
1327
1300
1328
1301
1329
1302
1330
1303
1331
1304
1332
1305
1333
1306
1334
1307
1335
1308
1336
1309
1337
1310
1338
1311
1339
1312
1340
1313
1341
1314
1342
1315
1343
1316
1344
1317
1345
1318
1346
1319
1347
1320
1348
1321
1349
1322
1350
1323
1351
1324
1352
1353
1326
1354
1327
1355
1328
1356
1329
1357
1330
1358
1331
1359
1332
1360
1333
1361
1334
1362
1335
1363
1336
1364
1337
1365
1338
1366
1339
1367
1340
1368
1341
1369
1342
1370
1343
1371
1344
1372
1345
1373
1346
1374
1347
1375
1348
1376
1349
1377
1350
1378
1351
1379
1352
1380
1353
1381
1382
1355
1383
1356
1384
1357
1385
1358
1386
1359
1387
1360
1388
1361
1389
1362
1390
1363
1391
1364
1392
1365
1393
1366
1394
1367
1395
1368
1396
1369
1397
1370
1398
1371
1399
1372
1400
1373
1401
1374
1402
1375
1403
1376
1404
1377
1405
1378
1406
1379
1407
1380
1408
1381
1409
1382
1410
1411
1384
1413
1385
1414
1386
1415
1387
1416
1388
1417
1389
1418
1390
1419
1391
1420
1392
1421
1393
1422
1394
1423
1395
1424
1396
1425
1397
1426
1398
1427
1399
1428
1400
1429
1401
1430
1402
1431
1403
1432
1404
1433
1405
1434
1406
1435
1407
1436
1408
1437
1409
1438
1410
1439
1411
1440
1441
1413
1442
1414
1443
1415
1444
1416
1445
1417
1446
1418
1447
1419
1448
1420
1449
1421
1450
1422
1451
1423
1452
1424
1453
1425
1454
1426
1455
1427
1456
1428
1457
1429
1458
1430
1459
1431
1460
1432
1461
1433
1462
1434
1463
1435
1464
1436
1465
1437
1466
1438
1467
1439
1468
1440
1469
1441
1470
1471
1443
1472
1444
1473
1445
1474
1446
1475
1447
1476
1448
1477
1449
1478
1450
1479
1451
1480
1452
1481
1453
1482
1454
1483
1455
1484
1456
1485
1457
1486
1458
1487
1459
1488
1460
1489
1461
1490
1462
1491
1463
1492
1464
1493
1465
1494
1466
1495
1467
1496
1468
1497
1469
1498
1470
1499
1471
1500
1501
1473
1502
1474
1503
1475
1504
1476
1505
1477
1506
1478
1507
1479
1508
1480
1509
1481
1510
1482
1511
1483
1512
1484
1513
1485
1514
1486
1515
1487
1516
1488
1517
1489
1518
1490
1519
1491
1520
1492
1521
1493
1522
1494
1523
1495
1524
1496
1525
1497
1526
1498
1527
1499
1528
1500
1529
1501
1530
1531
1503
1532
1504
1533
1505
1534
1506
1535
1507
1536
1508
1537
1509
1538
1510
1539
1511
1540
1512
1541
1513
1542
1514
1543
1515
1544
1516
1545
1517
1546
1518
1547
1519
1548
1520
1549
1521
1550
1522
1551
1523
1552
1524
1553
1525
1554
1526
1555
1527
1556
1528
1557
1529
1558
1530
1559
1531
1560
1561
1533
1562
1534
1563
1535
1564
1536
1565
1537
1566
1538
1567
1539
1568
1540
1569
1541
1570
1542
1571
1543
1572
1544
1573
1545
1574
1546
1575
1547
1576
1548
1577
1549
1578
1550
1579
1551
1580
1552
1581
1553
1582
1554
1583
1555
1584
1556
1585
1557
1586
1558
1587
1559
1588
1560
1589
1561
1590
1591
1563
1592
1564
1593
1565
1594
1566
1595
1567
1596
1568
1597
1569
1598
1570
1599
1571
1600
1572
1601
1573
1602
1574
1603
1575
1604
1576
1605
1577
1606
1578
1607
1579
1608
1580
1609
1581
1610
1582
1611
1583
1612
1584
1613
1585
1614
1586
1615
1587
1616
1588
1617
1589
1618
1590
1619
1591
1620
1621
1593
1622
1594
1623
1595
1624
1596
1625
1597
1626
1598
1627
1599
1628
1600
1629
1601
1630
1602
1631
1603
1632
1604
1633
1605
1634
1606
1635
1607
1636
1608
1637
1609
1638
1610
1639
1611
1640
1612
1641
1613
1642
1614
1643
1615
1644
1616
1645
1617
1646
1618
1647
1619
1648
1620
1649
1621
1650
1651
1623
1653
1624
1654
1625
1655
1626
1656
1627
1657
1628
1658
1629
1659
1630
1660
1631
1661
1632
1662
1633
1663
1634
1664
1635
1665
1636
1666
1637
1667
1638
1668
1639
1669
1640
1670
1641
1671
1642
1672
1643
1673
1644
1674
1645
1675
1646
1676
1647
1677
1648
1678
1649
1679
1650
1680
1651
1681
1682
1653
1683
1654
1684
1655
1685
1656
1686
1657
1687
1658
1688
1659
1689
1660
1690
1661
1691
1662
1692
1663
1693
1664
1694
1665
1695
1666
1696
1667
1697
1668
1698
1669
1699
1670
1700
1671
1701
1672
1702
1673
1703
1674
1704
1675
1705
1676
1706
1677
1707
1678
1708
1679
1709
1680
1710
1681
1711
1682
1712
1713
1684
1714
1685
1715
1686
1716
1687
1717
1688
1718
1689
1719
1690
1720
1691
1721
1692
1722
1693
1723
1694
1724
1695
1725
1696
1726
1697
1727
1698
1728
1699
1729
1700
1730
1701
1731
1702
1732
1703
1733
1704
1734
1705
1735
1706
1736
1707
1737
1708
1738
1709
1739
1710
1740
1711
1741
1712
1742
1713
1743
1744
1715
1745
1716
1746
1717
1747
1718
1748
1719
1749
1720
1750
1721
1751
1722
1752
1723
1753
1724
1754
1725
1755
1726
1756
1727
1757
1728
1758
1729
1759
1730
1760
1731
1761
1732
1762
1733
1763
1734
1764
1735
1765
1736
1766
1737
1767
1738
1768
1739
1769
1740
1770
1741
1771
1742
1772
1743
1773
1744
1774
1775
1746
1776
1747
1777
1748
1778
1749
1779
1750
1780
1751
1781
1752
1782
1753
1783
1754
1784
1755
1785
1756
1786
1757
1787
1758
1788
1759
1789
1760
1790
1761
1791
1762
1792
1763
1793
1764
1794
1765
1795
1766
1796
1767
1797
1768
1798
1769
1799
1770
1800
1771
1801
1772
1802
1773
1803
1774
1804
1775
1805
1806
1777
1807
1778
1808
1779
1809
1780
1810
1781
1811
1782
1812
1783
1813
1784
1814
1785
1815
1786
1816
1787
1817
1788
1818
1789
1819
1790
1820
1791
1821
1792
1822
1793
1823
1794
1824
1795
1825
1796
1826
1797
1827
1798
1828
1799
1829
1800
1830
1801
1831
1802
1832
1803
1833
1804
1834
1805
1835
1806
1836
1837
1808
1838
1809
1839
1810
1840
1811
1841
1812
1842
1813
1843
1814
1844
1815
1845
1816
1846
1817
1847
1818
1848
1819
1849
1820
1850
1821
1851
1822
1852
1823
1853
1824
1854
1825
1855
1826
1856
1827
1857
1828
1858
1829
1859
1830
1860
1831
1861
1832
1862
1833
1863
1834
1864
1835
1865
1836
1866
1837
1867
1868
1839
1869
1840
1870
1841
1871
1842
1872
1843
1873
1844
1874
1845
1875
1846
1876
1847
1877
1848
1878
1849
1879
1850
1880
1851
1881
1852
1882
1853
1883
1854
1884
1855
1885
1856
1886
1857
1887
1858
1888
1859
1889
1860
1890
1861
1891
1862
1892
1863
1893
1864
1894
1865
1895
1866
1896
1867
1897
1868
1898
1899
1870
1900
1871
1901
1872
1902
1873
1903
1874
1904
1875
1905
1876
1906
1877
1907
1878
1908
1879
1909
1880
1910
1881
1911
1882
1912
1883
1913
1884
1914
1885
1915
1886
1916
1887
1917
1888
1918
1889
1919
1890
1920
1891
1921
1892
1922
1893
1923
1894
1924
1895
1925
1896
1926
1897
1927
1898
1928
1899
1929
1930
1901
1931
1902
1932
1903
1933
1904
1934
1905
1935
1906
1936
1907
1937
1908
1938
1909
1939
1910
1940
1911
1941
1912
1942
1913
1943
1914
1944
1915
1945
1916
1946
1917
1947
1918
1948
1919
1949
1920
1950
1921
1951
1922
1952
1923
1953
1924
1954
1925
1955
1926
1956
1927
1957
1928
1958
1929
1959
1930
1960
1961
1932
1962
1933
1963
1934
1964
1935
1965
1936
1966
1937
1967
1938
1968
1939
1969
1940
1970
1941
1971
1942
1972
1943
1973
1944
1974
1945
1975
1946
1976
1947
1977
1948
1978
1949
1979
1950
1980
1951
1981
1952
1982
1953
1983
1954
1984
1955
1985
1956
1986
1957
1987
1958
1988
1959
1989
1960
1990
1961
1991
1992
1963
1994
1964
1995
1965
1996
1966
1997
1967
1998
1968
1999
1969
2000
1970
2001
1971
2002
1972
2003
1973
2004
1974
2005
1975
2006
1976
2007
1977
2008
1978
2009
1979
2010
1980
2011
1981
2012
1982
2013
1983
2014
1984
2015
1985
2016
1986
2017
1987
2018
1988
2019
1989
2020
1990
2021
1991
2022
1992
2023
2024
1994
2025
1995
2026
1996
2027
1997
2028
1998
2029
1999
2030
2000
2031
2001
2032
2002
2033
2003
2034
2004
2035
2005
2036
2006
2037
2007
2038
2008
2039
2009
2040
2010
2041
2011
2042
2012
2043
2013
2044
2014
2045
2015
2046
2016
2047
2017
2048
2018
2049
2019
2050
2020
2051
2021
2052
2022
2053
2023
2054
2024
2055
2056
2026
2057
2027
2058
2028
2059
2029
2060
2030
2061
2031
2062
2032
2063
2033
2064
2034
2065
2035
2066
2036
2067
2037
2068
2038
2069
2039
2070
2040
2071
2041
2072
2042
2073
2043
2074
2044
2075
2045
2076
2046
2077
2047
2078
2048
2079
2049
2080
2050
2081
2051
2082
2052
2083
2053
2084
2054
2085
2055
2086
2056
2087
2088
2058
2089
2059
2090
2060
2091
2061
2092
2062
2093
2063
2094
2064
2095
2065
2096
2066
2097
2067
2098
2068
2099
2069
2100
2070
2101
2071
2102
2072
2103
2073
2104
2074
2105
2075
2106
2076
2107
2077
2108
2078
2109
2079
2110
2080
2111
2081
2112
2082
2113
2083
2114
2084
2115
2085
2116
2086
2117
2087
2118
2088
2119
2120
2090
2121
2091
2122
2092
2123
2093
2124
2094
2125
2095
2126
2096
2127
2097
2128
2098
2129
2099
2130
2100
2131
2101
2132
2102
2133
2103
2134
2104
2135
2105
2136
2106
2137
2107
2138
2108
2139
2109
2140
2110
2141
2111
2142
2112
2143
2113
2144
2114
2145
2115
2146
2116
2147
2117
2148
2118
2149
2119
2150
2120
2151
2152
2122
2153
2123
2154
2124
2155
2125
2156
2126
2157
2127
2158
2128
2159
2129
2160
2130
2161
2131
2162
2132
2163
2133
2164
2134
2165
2135
2166
2136
2167
2137
2168
2138
2169
2139
2170
2140
2171
2141
2172
2142
2173
2143
2174
2144
2175
2145
2176
2146
2177
2147
2178
2148
2179
2149
2180
2150
2181
2151
2182
2152
2183
2184
2154
2185
2155
2186
2156
2187
2157
2188
2158
2189
2159
2190
2160
2191
2161
2192
2162
2193
2163
2194
2164
2195
2165
2196
2166
2197
2167
2198
2168
2199
2169
2200
2170
2201
2171
2202
2172
2203
2173
2204
2174
2205
2175
2206
2176
2207
2177
2208
2178
2209
2179
2210
2180
2211
2181
2212
2182
2213
2183
2214
2184
2215
2216
2186
2217
2187
2218
2188
2219
2189
2220
2190
2221
2191
2222
2192
2223
2193
2224
2194
2225
2195
2226
2196
2227
2197
2228
2198
2229
2199
2230
2200
2231
2201
2232
2202
2233
2203
2234
2204
2235
2205
2236
2206
2237
2207
2238
2208
2239
2209
2240
2210
2241
2211
2242
2212
2243
2213
2244
2214
2245
2215
2246
2216
2247
2248
2218
2249
2219
2250
2220
2251
2221
2252
2222
2253
2223
2254
2224
2255
2225
2256
2226
2257
2227
2258
2228
2259
2229
2260
2230
2261
2231
2262
2232
2263
2233
2264
2234
2265
2235
2266
2236
2267
2237
2268
2238
2269
2239
2270
2240
2271
2241
2272
2242
2273
2243
2274
2244
2275
2245
2276
2246
2277
2247
2278
2248
2279
2280
2250
2281
2251
2282
2252
2283
2253
2284
2254
2285
2255
2286
2256
2287
2257
2288
2258
2289
2259
2290
2260
2291
2261
2292
2262
2293
2263
2294
2264
2295
2265
2296
2266
2297
2267
2298
2268
2299
2269
2300
2270
2301
2271
2302
2272
2303
2273
2304
2274
2305
2275
2306
2276
2307
2277
2308
2278
2309
2279
2310
2280
2311
2312
2282
2313
2283
2314
2284
2315
2285
2316
2286
2317
2287
2318
2288
2319
2289
2320
2290
2321
2291
2322
2292
2323
2293
2324
2294
2325
2295
2326
2296
2327
2297
2328
2298
2329
2299
2330
2300
2331
2301
2332
2302
2333
2303
2334
2304
2335
2305
2336
2306
2337
2307
2338
2308
2339
2309
2340
2310
2341
2311
2342
2312
2343
2344
2314
2345
2315
2346
2316
2347
2317
2348
2318
2349
2319
2350
2320
2351
2321
2352
2322
2353
2323
2354
2324
2355
2325
2356
2326
2357
2327
2358
2328
2359
2329
2360
2330
2361
2331
2362
2332
2363
2333
2364
2334
2365
2335
2366
2336
2367
2337
2368
2338
2369
2339
2370
2340
2371
2341
2372
2342
2373
2343
2374
2344
2375
2376
2346
2377
2347
2378
2348
2379
2349
2380
2350
2381
2351
2382
2352
2383
2353
2384
2354
2385
2355
2386
2356
2387
2357
2388
2358
2389
2359
2390
2360
2391
2361
2392
2362
2393
2363
2394
2364
2395
2365
2396
2366
2397
2367
2398
2368
2399
2369
2400
2370
2401
2371
2402
2372
2403
2373
2404
2374
2405
2375
2406
2376
2407
2408
2378
2409
2379
2410
2380
2411
2381
2412
2382
2413
2383
2414
2384
2415
2385
2416
2386
2417
2387
2418
2388
2419
2389
2420
2390
2421
2391
2422
2392
2423
2393
2424
2394
2425
2395
2426
2396
2427
2397
2428
2398
2429
2399
2430
2400
2431
2401
2432
2402
2433
2403
2434
2404
2435
2405
2436
2406
2437
2407
2438
2408
2439
2440
2410
2441
2411
2442
2412
2443
2413
2444
2414
2445
2415
2446
2416
2447
2417
2448
2418
2449
2419
2450
2420
2451
2421
2452
2422
2453
2423
2454
2424
2455
2425
2456
2426
2457
2427
2458
2428
2459
2429
2460
2430
2461
2431
2462
2432
2463
2433
2464
2434
2465
2435
2466
2436
2467
2437
2468
2438
2469
2439
2470
2440
2471
2472
2442
2443
2444
2445
2446
2447
2448
2449
2450
2451
2452
2453
2454
2455
2456
2457
2458
2459
2460
2461
2462
2463
2464
2465
2466
2467
2468
2469
2470
2471
2472
)


// ************************************************************************* //
