0.00102579 	5.59095e-07 	-3.88587e-09 	0 	2.0667e-09 	0 	6.66632e-07
0.00324584 	1.19534e-06 	-8.308e-09 	0 	4.4186e-09 	0 	1.42525e-06
0.00588381 	2.36264e-06 	-2.56878e-08 	0 	1.95702e-08 	0 	2.75241e-06
0.00889561 	4.16675e-06 	-6.83854e-08 	0 	6.151e-08 	0 	4.69314e-06
0.0122408 	6.44692e-06 	-1.38612e-07 	0 	1.43463e-07 	0 	7.03368e-06
0.0158868 	8.91737e-06 	-2.3618e-07 	0 	2.83409e-07 	0 	9.42937e-06
0.0198092 	1.13983e-05 	-3.54106e-07 	0 	4.86618e-07 	0 	1.17329e-05
0.0239917 	1.36928e-05 	-4.82686e-07 	0 	7.57509e-07 	0 	1.38095e-05
0.0284241 	1.5707e-05 	-6.16495e-07 	0 	1.09556e-06 	0 	1.56073e-05
0.0331018 	1.74613e-05 	-7.52746e-07 	0 	1.48923e-06 	0 	1.71745e-05
0.0380237 	1.8966e-05 	-8.91181e-07 	0 	1.93213e-06 	0 	1.85291e-05
0.0431921 	2.02197e-05 	-1.03177e-06 	0 	2.41826e-06 	0 	1.96734e-05
0.0486116 	2.12591e-05 	-1.17549e-06 	0 	2.93871e-06 	0 	2.06369e-05
0.0542883 	2.21335e-05 	-1.32372e-06 	0 	3.48543e-06 	0 	2.14569e-05
0.0602299 	2.28742e-05 	-1.47759e-06 	0 	4.05241e-06 	0 	2.21544e-05
0.0664452 	2.35016e-05 	-1.63797e-06 	0 	4.63425e-06 	0 	2.2742e-05
0.0729439 	2.40342e-05 	-1.80534e-06 	0 	5.22599e-06 	0 	2.32324e-05
0.0797362 	2.4488e-05 	-1.98e-06 	0 	5.82368e-06 	0 	2.36371e-05
0.0868332 	2.48762e-05 	-2.16227e-06 	0 	6.4239e-06 	0 	2.39649e-05
0.0942464 	2.5211e-05 	-2.35215e-06 	0 	7.0234e-06 	0 	2.42231e-05
0.101988 	2.55062e-05 	-2.54976e-06 	0 	7.62105e-06 	0 	2.44209e-05
0.11007 	2.57724e-05 	-2.75546e-06 	0 	8.21759e-06 	0 	2.45669e-05
0.118505 	2.60159e-05 	-2.96978e-06 	0 	8.81361e-06 	0 	2.46637e-05
0.127306 	2.62424e-05 	-3.19251e-06 	0 	9.40937e-06 	0 	2.47141e-05
0.136488 	2.64589e-05 	-3.42328e-06 	0 	1.00059e-05 	0 	2.47286e-05
0.146063 	2.66707e-05 	-3.66214e-06 	0 	1.06026e-05 	0 	2.47204e-05
0.156046 	2.68819e-05 	-3.90978e-06 	0 	1.11977e-05 	0 	2.47025e-05
0.166451 	2.70998e-05 	-4.16721e-06 	0 	1.17895e-05 	0 	2.46846e-05
0.177292 	2.73316e-05 	-4.43556e-06 	0 	1.23767e-05 	0 	2.46726e-05
0.188585 	2.758e-05 	-4.71631e-06 	0 	1.29596e-05 	0 	2.46675e-05
0.200343 	2.78453e-05 	-5.01145e-06 	0 	1.35395e-05 	0 	2.46655e-05
0.212583 	2.81291e-05 	-5.32213e-06 	0 	1.41175e-05 	0 	2.46626e-05
0.225318 	2.84331e-05 	-5.64741e-06 	0 	1.46937e-05 	0 	2.46585e-05
0.238565 	2.87595e-05 	-5.98535e-06 	0 	1.52671e-05 	0 	2.46566e-05
0.252337 	2.91077e-05 	-6.33565e-06 	0 	1.58377e-05 	0 	2.46639e-05
0.266651 	2.94771e-05 	-6.70066e-06 	0 	1.64049e-05 	0 	2.46874e-05
0.28152 	2.98663e-05 	-7.08082e-06 	0 	1.69667e-05 	0 	2.4734e-05
0.296961 	3.02727e-05 	-7.47372e-06 	0 	1.75205e-05 	0 	2.48079e-05
0.312986 	3.07058e-05 	-7.87585e-06 	0 	1.80635e-05 	0 	2.49067e-05
0.32961 	3.1183e-05 	-8.28472e-06 	0 	1.85951e-05 	0 	2.50223e-05
0.346847 	3.16972e-05 	-8.69768e-06 	0 	1.91165e-05 	0 	2.51519e-05
0.364709 	3.22343e-05 	-9.11465e-06 	0 	1.96267e-05 	0 	2.52986e-05
0.38321 	3.27924e-05 	-9.53531e-06 	0 	2.01233e-05 	0 	2.54613e-05
0.402362 	3.33802e-05 	-9.96035e-06 	0 	2.06046e-05 	0 	2.5636e-05
0.422175 	3.40006e-05 	-1.03932e-05 	0 	2.10692e-05 	0 	2.58329e-05
0.442659 	3.46447e-05 	-1.08352e-05 	0 	2.15115e-05 	0 	2.60657e-05
0.463825 	3.53121e-05 	-1.12859e-05 	0 	2.19264e-05 	0 	2.63243e-05
0.485681 	3.60029e-05 	-1.17442e-05 	0 	2.23162e-05 	0 	2.65842e-05
0.508233 	3.67384e-05 	-1.22071e-05 	0 	2.26836e-05 	0 	2.68327e-05
0.531487 	3.75434e-05 	-1.26731e-05 	0 	2.30345e-05 	0 	2.70549e-05
0.555448 	3.83857e-05 	-1.31284e-05 	0 	2.33716e-05 	0 	2.72523e-05
0.58012 	3.92218e-05 	-1.35632e-05 	0 	2.36818e-05 	0 	2.7444e-05
0.605503 	4.00347e-05 	-1.39754e-05 	0 	2.39535e-05 	0 	2.76328e-05
0.631598 	4.08071e-05 	-1.43603e-05 	0 	2.41784e-05 	0 	2.78197e-05
0.658402 	4.15331e-05 	-1.47154e-05 	0 	2.43524e-05 	0 	2.79878e-05
0.685912 	4.22609e-05 	-1.50447e-05 	0 	2.44805e-05 	0 	2.81506e-05
0.714123 	4.29957e-05 	-1.53508e-05 	0 	2.45689e-05 	0 	2.8292e-05
0.743026 	4.37244e-05 	-1.56311e-05 	0 	2.4616e-05 	0 	2.84021e-05
0.772613 	4.44055e-05 	-1.58788e-05 	0 	2.46212e-05 	0 	2.84395e-05
0.802872 	4.50206e-05 	-1.60769e-05 	0 	2.45919e-05 	0 	2.84346e-05
0.833789 	4.55279e-05 	-1.62221e-05 	0 	2.45391e-05 	0 	2.838e-05
0.865349 	4.59352e-05 	-1.63163e-05 	0 	2.44287e-05 	0 	2.82944e-05
0.897534 	4.63456e-05 	-1.63572e-05 	0 	2.42318e-05 	0 	2.81368e-05
0.930323 	4.67725e-05 	-1.63434e-05 	0 	2.39489e-05 	0 	2.78719e-05
0.963695 	4.71155e-05 	-1.62681e-05 	0 	2.36128e-05 	0 	2.75378e-05
0.997626 	4.72398e-05 	-1.61264e-05 	0 	2.32535e-05 	0 	2.72105e-05
1.03209 	4.7161e-05 	-1.59238e-05 	0 	2.28876e-05 	0 	2.68653e-05
1.06706 	4.69684e-05 	-1.56731e-05 	0 	2.25131e-05 	0 	2.64615e-05
1.1025 	4.66636e-05 	-1.53816e-05 	0 	2.21064e-05 	0 	2.59856e-05
1.13839 	4.61802e-05 	-1.50355e-05 	0 	2.16473e-05 	0 	2.54301e-05
1.17469 	4.54831e-05 	-1.46237e-05 	0 	2.11251e-05 	0 	2.48544e-05
1.21136 	4.46053e-05 	-1.41718e-05 	0 	2.05662e-05 	0 	2.42428e-05
1.24837 	4.36193e-05 	-1.37059e-05 	0 	2.0002e-05 	0 	2.3556e-05
1.28569 	4.26341e-05 	-1.32194e-05 	0 	1.94481e-05 	0 	2.28093e-05
1.32327 	4.1635e-05 	-1.27069e-05 	0 	1.88901e-05 	0 	2.20511e-05
1.36107 	4.0583e-05 	-1.21829e-05 	0 	1.83085e-05 	0 	2.12282e-05
1.39905 	3.94852e-05 	-1.16509e-05 	0 	1.7706e-05 	0 	2.03952e-05
1.43718 	3.82959e-05 	-1.11212e-05 	0 	1.70847e-05 	0 	1.96014e-05
1.47541 	3.69772e-05 	-1.0593e-05 	0 	1.64553e-05 	0 	1.88382e-05
1.51369 	3.55409e-05 	-1.00704e-05 	0 	1.58382e-05 	0 	1.80545e-05
1.552 	3.40422e-05 	-9.55237e-06 	0 	1.52459e-05 	0 	1.72597e-05
1.59028 	3.25884e-05 	-9.04847e-06 	0 	1.46608e-05 	0 	1.65008e-05
1.62849 	3.11978e-05 	-8.5709e-06 	0 	1.4088e-05 	0 	1.58114e-05
1.66659 	2.98705e-05 	-8.11876e-06 	0 	1.35489e-05 	0 	1.51589e-05
1.70455 	2.86168e-05 	-7.69014e-06 	0 	1.30266e-05 	0 	1.45395e-05
1.74231 	2.73879e-05 	-7.27909e-06 	0 	1.25111e-05 	0 	1.39595e-05
1.77985 	2.6182e-05 	-6.8881e-06 	0 	1.20051e-05 	0 	1.33723e-05
1.81712 	2.50439e-05 	-6.51936e-06 	0 	1.15202e-05 	0 	1.27594e-05
1.85409 	2.3963e-05 	-6.16542e-06 	0 	1.1065e-05 	0 	1.21773e-05
1.89072 	2.29167e-05 	-5.82374e-06 	0 	1.06433e-05 	0 	1.16489e-05
1.92697 	2.1939e-05 	-5.49557e-06 	0 	1.02581e-05 	0 	1.11657e-05
1.96282 	2.10542e-05 	-5.18079e-06 	0 	9.89964e-06 	0 	1.07173e-05
1.99823 	2.02355e-05 	-4.87871e-06 	0 	9.55676e-06 	0 	1.02996e-05
2.03317 	1.94536e-05 	-4.59522e-06 	0 	9.22661e-06 	0 	9.91464e-06
2.06761 	1.87092e-05 	-4.33009e-06 	0 	8.90724e-06 	0 	9.55818e-06
2.10153 	1.80168e-05 	-4.07565e-06 	0 	8.59854e-06 	0 	9.23002e-06
2.13491 	1.73661e-05 	-3.82688e-06 	0 	8.29882e-06 	0 	8.92285e-06
2.16771 	1.67461e-05 	-3.58107e-06 	0 	8.01219e-06 	0 	8.64249e-06
2.19993 	1.61622e-05 	-3.34007e-06 	0 	7.74024e-06 	0 	8.38553e-06
2.23154 	1.56112e-05 	-3.10663e-06 	0 	7.48343e-06 	0 	8.15357e-06
2.26253 	1.50788e-05 	-2.8787e-06 	0 	7.24341e-06 	0 	7.95475e-06
2.29287 	1.45657e-05 	-2.65521e-06 	0 	7.01503e-06 	0 	7.78286e-06
2.32257 	1.40778e-05 	-2.43836e-06 	0 	6.79039e-06 	0 	7.63098e-06
2.3516 	1.3609e-05 	-2.22611e-06 	0 	6.56971e-06 	0 	7.49758e-06
2.37996 	1.31644e-05 	-2.0167e-06 	0 	6.35582e-06 	0 	7.38403e-06
2.40764 	1.27628e-05 	-1.81239e-06 	0 	6.14802e-06 	0 	7.29095e-06
2.43464 	1.24061e-05 	-1.61344e-06 	0 	5.94485e-06 	0 	7.21226e-06
2.46095 	1.20748e-05 	-1.41783e-06 	0 	5.74517e-06 	0 	7.14646e-06
2.48657 	1.17585e-05 	-1.22471e-06 	0 	5.54867e-06 	0 	7.09702e-06
2.5115 	1.14623e-05 	-1.03561e-06 	0 	5.35712e-06 	0 	7.07081e-06
2.53574 	1.11974e-05 	-8.50543e-07 	0 	5.173e-06 	0 	7.06884e-06
2.5593 	1.09724e-05 	-6.6904e-07 	0 	4.9993e-06 	0 	7.08075e-06
2.58217 	1.07924e-05 	-4.90595e-07 	0 	4.8382e-06 	0 	7.09673e-06
2.60436 	1.06596e-05 	-3.1461e-07 	0 	4.68951e-06 	0 	7.11258e-06
2.62588 	1.05775e-05 	-1.39752e-07 	0 	4.55148e-06 	0 	7.13091e-06
2.64674 	1.05507e-05 	3.61379e-08 	0 	4.4233e-06 	0 	7.16123e-06
2.66693 	1.05763e-05 	2.13916e-07 	0 	4.30642e-06 	0 	7.21426e-06
2.68648 	1.06464e-05 	3.92866e-07 	0 	4.20249e-06 	0 	7.29051e-06
2.70539 	1.07569e-05 	5.71704e-07 	0 	4.112e-06 	0 	7.38379e-06
2.72368 	1.09105e-05 	7.49611e-07 	0 	4.03444e-06 	0 	7.48971e-06
2.74134 	1.11131e-05 	9.2648e-07 	0 	3.96818e-06 	0 	7.60625e-06
2.7584 	1.13663e-05 	1.10173e-06 	0 	3.91117e-06 	0 	7.72902e-06
2.77487 	1.16682e-05 	1.27441e-06 	0 	3.86214e-06 	0 	7.85307e-06
2.79076 	1.20153e-05 	1.44367e-06 	0 	3.82007e-06 	0 	7.97488e-06
2.80608 	1.24047e-05 	1.60793e-06 	0 	3.78308e-06 	0 	8.09249e-06
2.82085 	1.28325e-05 	1.76513e-06 	0 	3.74817e-06 	0 	8.20592e-06
2.83508 	1.3297e-05 	1.91305e-06 	0 	3.7122e-06 	0 	8.31435e-06
2.84878 	1.37972e-05 	2.04923e-06 	0 	3.67266e-06 	0 	8.41322e-06
2.86197 	1.43285e-05 	2.17148e-06 	0 	3.62721e-06 	0 	8.49852e-06
2.87466 	1.4886e-05 	2.27872e-06 	0 	3.57244e-06 	0 	8.56928e-06
2.88687 	1.54666e-05 	2.37024e-06 	0 	3.50412e-06 	0 	8.62381e-06
2.8986 	1.6067e-05 	2.44487e-06 	0 	3.41817e-06 	0 	8.65734e-06
2.90988 	1.66822e-05 	2.50143e-06 	0 	3.31101e-06 	0 	8.66425e-06
2.92071 	1.73046e-05 	2.53918e-06 	0 	3.1797e-06 	0 	8.6417e-06
2.93111 	1.79263e-05 	2.55677e-06 	0 	3.02133e-06 	0 	8.58982e-06
2.94109 	1.854e-05 	2.5518e-06 	0 	2.83268e-06 	0 	8.50731e-06
2.95066 	1.9134e-05 	2.52218e-06 	0 	2.61222e-06 	0 	8.38953e-06
2.95983 	1.96875e-05 	2.46539e-06 	0 	2.36038e-06 	0 	8.22892e-06
2.96861 	2.01631e-05 	2.37636e-06 	0 	2.07909e-06 	0 	8.01314e-06
2.97701 	2.05025e-05 	2.24931e-06 	0 	1.77388e-06 	0 	7.72674e-06
2.98503 	2.0613e-05 	2.07853e-06 	0 	1.45449e-06 	0 	7.3521e-06
2.99267 	2.03192e-05 	1.8548e-06 	0 	1.13364e-06 	0 	6.86123e-06
2.99992 	1.93593e-05 	1.5702e-06 	0 	8.27375e-07 	0 	6.22208e-06
3.00678 	1.74517e-05 	1.22967e-06 	0 	5.53555e-07 	0 	5.41517e-06
3.01322 	1.44095e-05 	8.58053e-07 	0 	3.28677e-07 	0 	4.4374e-06
3.01921 	1.03969e-05 	5.04047e-07 	0 	1.64449e-07 	0 	3.31565e-06
3.02472 	6.08618e-06 	2.26052e-07 	0 	6.27924e-08 	0 	2.12354e-06
3.02967 	2.64811e-06 	6.64205e-08 	0 	1.50594e-08 	0 	1.06647e-06
3.036 	6.24531e-07 	8.79969e-09 	0 	1.26051e-09 	0 	2.90919e-07
