0.458493 	6.57427e-07 	4.9489e-07 	0 	4.13907e-07 	0 	3.33518e-06
0.461294 	1.38527e-06 	1.03916e-06 	0 	8.64338e-07 	0 	6.96264e-06
0.464584 	2.61049e-06 	1.93427e-06 	0 	1.58932e-06 	0 	1.21538e-05
0.468306 	4.51947e-06 	3.29721e-06 	0 	2.69355e-06 	0 	1.83834e-05
0.472411 	6.81227e-06 	4.86111e-06 	0 	3.98013e-06 	0 	2.52893e-05
0.476858 	8.76952e-06 	6.02959e-06 	0 	5.00013e-06 	0 	3.17911e-05
0.481616 	1.02717e-05 	6.78126e-06 	0 	5.79919e-06 	0 	3.74338e-05
0.486667 	1.13326e-05 	7.14539e-06 	0 	6.43666e-06 	0 	4.20252e-05
0.491995 	1.21678e-05 	7.26719e-06 	0 	6.98617e-06 	0 	4.59046e-05
0.497594 	1.2815e-05 	7.19794e-06 	0 	7.47748e-06 	0 	4.91076e-05
0.503459 	1.32359e-05 	6.95576e-06 	0 	7.9468e-06 	0 	5.13714e-05
0.509592 	1.3586e-05 	6.58018e-06 	0 	8.36986e-06 	0 	5.31209e-05
0.515995 	1.39217e-05 	6.15057e-06 	0 	8.79598e-06 	0 	5.45237e-05
0.522671 	1.4236e-05 	5.69253e-06 	0 	9.23937e-06 	0 	5.56714e-05
0.529627 	1.451e-05 	5.15701e-06 	0 	9.64071e-06 	0 	5.63386e-05
0.536868 	1.47812e-05 	4.57323e-06 	0 	1.00243e-05 	0 	5.6785e-05
0.544402 	1.50853e-05 	4.00096e-06 	0 	1.04229e-05 	0 	5.69861e-05
0.552236 	1.54076e-05 	3.42703e-06 	0 	1.08343e-05 	0 	5.69833e-05
0.560379 	1.57398e-05 	2.84931e-06 	0 	1.12474e-05 	0 	5.68108e-05
0.568837 	1.6095e-05 	2.27438e-06 	0 	1.16657e-05 	0 	5.6493e-05
0.57762 	1.64707e-05 	1.70051e-06 	0 	1.20991e-05 	0 	5.60419e-05
0.586735 	1.68532e-05 	1.10876e-06 	0 	1.25376e-05 	0 	5.54603e-05
0.59619 	1.72547e-05 	5.20978e-07 	0 	1.29801e-05 	0 	5.47792e-05
0.605994 	1.7675e-05 	-5.50025e-08 	0 	1.34008e-05 	0 	5.39668e-05
0.616154 	1.81144e-05 	-6.36136e-07 	0 	1.38517e-05 	0 	5.31103e-05
0.626678 	1.85536e-05 	-1.21991e-06 	0 	1.43186e-05 	0 	5.21873e-05
0.637575 	1.90008e-05 	-1.8102e-06 	0 	1.479e-05 	0 	5.11783e-05
0.648851 	1.94579e-05 	-2.39359e-06 	0 	1.52519e-05 	0 	5.00864e-05
0.660514 	1.99354e-05 	-2.96203e-06 	0 	1.57181e-05 	0 	4.89517e-05
0.672571 	2.04206e-05 	-3.52959e-06 	0 	1.61993e-05 	0 	4.77832e-05
0.685029 	2.09122e-05 	-4.10284e-06 	0 	1.66845e-05 	0 	4.65752e-05
0.697895 	2.14154e-05 	-4.67405e-06 	0 	1.7166e-05 	0 	4.53354e-05
0.711175 	2.19297e-05 	-5.23264e-06 	0 	1.76383e-05 	0 	4.40924e-05
0.724875 	2.24423e-05 	-5.77916e-06 	0 	1.81069e-05 	0 	4.28881e-05
0.739001 	2.29459e-05 	-6.32138e-06 	0 	1.85747e-05 	0 	4.17132e-05
0.753557 	2.34395e-05 	-6.86111e-06 	0 	1.90386e-05 	0 	4.05606e-05
0.768549 	2.39367e-05 	-7.39734e-06 	0 	1.95017e-05 	0 	3.94248e-05
0.783981 	2.44394e-05 	-7.91848e-06 	0 	1.99578e-05 	0 	3.83467e-05
0.799857 	2.49456e-05 	-8.4288e-06 	0 	2.04032e-05 	0 	3.73453e-05
0.816181 	2.54503e-05 	-8.92916e-06 	0 	2.08367e-05 	0 	3.64215e-05
0.832957 	2.59542e-05 	-9.41858e-06 	0 	2.12595e-05 	0 	3.55546e-05
0.850188 	2.64635e-05 	-9.90092e-06 	0 	2.1665e-05 	0 	3.47138e-05
0.867876 	2.69776e-05 	-1.03774e-05 	0 	2.20486e-05 	0 	3.38917e-05
0.886023 	2.75001e-05 	-1.08401e-05 	0 	2.24057e-05 	0 	3.30988e-05
0.904631 	2.80288e-05 	-1.1281e-05 	0 	2.27292e-05 	0 	3.23454e-05
0.923702 	2.85466e-05 	-1.1698e-05 	0 	2.30174e-05 	0 	3.16269e-05
0.943237 	2.90456e-05 	-1.20927e-05 	0 	2.32716e-05 	0 	3.09435e-05
0.963236 	2.95212e-05 	-1.24545e-05 	0 	2.34905e-05 	0 	3.03035e-05
0.983699 	2.99709e-05 	-1.27951e-05 	0 	2.36735e-05 	0 	2.97018e-05
1.00463 	3.03826e-05 	-1.31183e-05 	0 	2.38237e-05 	0 	2.91283e-05
1.02602 	3.07683e-05 	-1.34195e-05 	0 	2.39415e-05 	0 	2.85792e-05
1.04787 	3.11532e-05 	-1.36852e-05 	0 	2.40279e-05 	0 	2.8059e-05
1.07019 	3.15414e-05 	-1.39115e-05 	0 	2.40836e-05 	0 	2.75773e-05
1.09296 	3.19018e-05 	-1.41003e-05 	0 	2.41041e-05 	0 	2.715e-05
1.11618 	3.22401e-05 	-1.42568e-05 	0 	2.40813e-05 	0 	2.67522e-05
1.13986 	3.2535e-05 	-1.43858e-05 	0 	2.40168e-05 	0 	2.63478e-05
1.16399 	3.27431e-05 	-1.44947e-05 	0 	2.39134e-05 	0 	2.59291e-05
1.18855 	3.28954e-05 	-1.45748e-05 	0 	2.37676e-05 	0 	2.55253e-05
1.21355 	3.30526e-05 	-1.46218e-05 	0 	2.35745e-05 	0 	2.51612e-05
1.23898 	3.32038e-05 	-1.46302e-05 	0 	2.33403e-05 	0 	2.48259e-05
1.26482 	3.33479e-05 	-1.46086e-05 	0 	2.30806e-05 	0 	2.44722e-05
1.29107 	3.34721e-05 	-1.45625e-05 	0 	2.28049e-05 	0 	2.40987e-05
1.31772 	3.35219e-05 	-1.44909e-05 	0 	2.24996e-05 	0 	2.37461e-05
1.34476 	3.35152e-05 	-1.43811e-05 	0 	2.21717e-05 	0 	2.33926e-05
1.37217 	3.34839e-05 	-1.42309e-05 	0 	2.1832e-05 	0 	2.29696e-05
1.39994 	3.34161e-05 	-1.40424e-05 	0 	2.14765e-05 	0 	2.24929e-05
1.42805 	3.32923e-05 	-1.38325e-05 	0 	2.1091e-05 	0 	2.20063e-05
1.45649 	3.31238e-05 	-1.35998e-05 	0 	2.06644e-05 	0 	2.15232e-05
1.48524 	3.29022e-05 	-1.33325e-05 	0 	2.01945e-05 	0 	2.10431e-05
1.51427 	3.26109e-05 	-1.30342e-05 	0 	1.97056e-05 	0 	2.06029e-05
1.54357 	3.22674e-05 	-1.27035e-05 	0 	1.9215e-05 	0 	2.01594e-05
1.57311 	3.18501e-05 	-1.23544e-05 	0 	1.87244e-05 	0 	1.96954e-05
1.60287 	3.13556e-05 	-1.19952e-05 	0 	1.82227e-05 	0 	1.91936e-05
1.63283 	3.07998e-05 	-1.16315e-05 	0 	1.77137e-05 	0 	1.86804e-05
1.66296 	3.01962e-05 	-1.12571e-05 	0 	1.72046e-05 	0 	1.8178e-05
1.69323 	2.95396e-05 	-1.0874e-05 	0 	1.66985e-05 	0 	1.76796e-05
1.72362 	2.88474e-05 	-1.04809e-05 	0 	1.61939e-05 	0 	1.71434e-05
1.75409 	2.81079e-05 	-1.00766e-05 	0 	1.56935e-05 	0 	1.66024e-05
1.78463 	2.73328e-05 	-9.65902e-06 	0 	1.51983e-05 	0 	1.60594e-05
1.81519 	2.6539e-05 	-9.24904e-06 	0 	1.47069e-05 	0 	1.55578e-05
1.84575 	2.57215e-05 	-8.85432e-06 	0 	1.42291e-05 	0 	1.50744e-05
1.87629 	2.49109e-05 	-8.45973e-06 	0 	1.37721e-05 	0 	1.45868e-05
1.90676 	2.40966e-05 	-8.06551e-06 	0 	1.33249e-05 	0 	1.40947e-05
1.93714 	2.32518e-05 	-7.67933e-06 	0 	1.28859e-05 	0 	1.36085e-05
1.9674 	2.24008e-05 	-7.29851e-06 	0 	1.24521e-05 	0 	1.31213e-05
1.9975 	2.15886e-05 	-6.92137e-06 	0 	1.20303e-05 	0 	1.26348e-05
2.02743 	2.08089e-05 	-6.55827e-06 	0 	1.16259e-05 	0 	1.21642e-05
2.05714 	2.00544e-05 	-6.21167e-06 	0 	1.12405e-05 	0 	1.17257e-05
2.08662 	1.93134e-05 	-5.8786e-06 	0 	1.08611e-05 	0 	1.13371e-05
2.11583 	1.8612e-05 	-5.55532e-06 	0 	1.04793e-05 	0 	1.09867e-05
2.14475 	1.79406e-05 	-5.23895e-06 	0 	1.01007e-05 	0 	1.06534e-05
2.17335 	1.72672e-05 	-4.93042e-06 	0 	9.73364e-06 	0 	1.03182e-05
2.20161 	1.66001e-05 	-4.6274e-06 	0 	9.3853e-06 	0 	9.98015e-06
2.2295 	1.59536e-05 	-4.32994e-06 	0 	9.05894e-06 	0 	9.64911e-06
2.257 	1.53402e-05 	-4.03782e-06 	0 	8.74861e-06 	0 	9.34047e-06
2.28409 	1.47732e-05 	-3.75381e-06 	0 	8.44804e-06 	0 	9.04415e-06
2.31075 	1.42406e-05 	-3.48084e-06 	0 	8.15457e-06 	0 	8.77209e-06
2.33697 	1.37394e-05 	-3.21627e-06 	0 	7.86613e-06 	0 	8.53184e-06
2.36272 	1.32715e-05 	-2.95654e-06 	0 	7.58301e-06 	0 	8.31411e-06
2.38799 	1.28313e-05 	-2.70226e-06 	0 	7.30818e-06 	0 	8.12702e-06
2.41277 	1.24207e-05 	-2.4571e-06 	0 	7.04391e-06 	0 	7.97141e-06
2.43705 	1.20393e-05 	-2.22522e-06 	0 	6.78938e-06 	0 	7.84138e-06
2.46081 	1.16841e-05 	-2.00552e-06 	0 	6.5457e-06 	0 	7.7307e-06
2.48404 	1.13538e-05 	-1.79451e-06 	0 	6.31324e-06 	0 	7.62796e-06
2.50675 	1.10545e-05 	-1.5881e-06 	0 	6.09094e-06 	0 	7.53728e-06
2.52891 	1.07855e-05 	-1.38415e-06 	0 	5.87924e-06 	0 	7.46247e-06
2.55054 	1.05466e-05 	-1.18351e-06 	0 	5.67867e-06 	0 	7.40309e-06
2.57161 	1.03404e-05 	-9.85834e-07 	0 	5.49037e-06 	0 	7.3581e-06
2.59214 	1.01623e-05 	-7.8915e-07 	0 	5.31623e-06 	0 	7.32783e-06
2.61212 	1.00062e-05 	-5.93313e-07 	0 	5.15653e-06 	0 	7.31103e-06
2.63155 	9.87336e-06 	-4.00509e-07 	0 	5.01026e-06 	0 	7.30718e-06
2.65043 	9.76838e-06 	-2.12031e-07 	0 	4.87577e-06 	0 	7.31479e-06
2.66877 	9.6895e-06 	-2.79951e-08 	0 	4.75167e-06 	0 	7.33198e-06
2.68656 	9.63236e-06 	1.51324e-07 	0 	4.63696e-06 	0 	7.3573e-06
2.70382 	9.59906e-06 	3.24691e-07 	0 	4.53067e-06 	0 	7.38978e-06
2.72055 	9.59145e-06 	4.89928e-07 	0 	4.43177e-06 	0 	7.42839e-06
2.73675 	9.60724e-06 	6.45621e-07 	0 	4.3391e-06 	0 	7.47196e-06
2.75243 	9.64421e-06 	7.91551e-07 	0 	4.2515e-06 	0 	7.51924e-06
2.7676 	9.69877e-06 	9.28232e-07 	0 	4.16814e-06 	0 	7.56995e-06
2.78227 	9.76676e-06 	1.05574e-06 	0 	4.08777e-06 	0 	7.62631e-06
2.79644 	9.84712e-06 	1.1739e-06 	0 	4.00874e-06 	0 	7.68975e-06
2.81014 	9.9403e-06 	1.28232e-06 	0 	3.92943e-06 	0 	7.75653e-06
2.82335 	1.00465e-05 	1.38022e-06 	0 	3.84822e-06 	0 	7.82239e-06
2.8361 	1.01658e-05 	1.46728e-06 	0 	3.76336e-06 	0 	7.88544e-06
2.8484 	1.0299e-05 	1.54375e-06 	0 	3.67335e-06 	0 	7.94476e-06
2.86025 	1.04471e-05 	1.61e-06 	0 	3.57723e-06 	0 	7.99918e-06
2.87167 	1.06097e-05 	1.66636e-06 	0 	3.47407e-06 	0 	8.04738e-06
2.88267 	1.07866e-05 	1.71312e-06 	0 	3.36252e-06 	0 	8.08935e-06
2.89326 	1.09786e-05 	1.75069e-06 	0 	3.24068e-06 	0 	8.1266e-06
2.90345 	1.11884e-05 	1.7796e-06 	0 	3.10652e-06 	0 	8.15947e-06
2.91325 	1.14207e-05 	1.8006e-06 	0 	2.95873e-06 	0 	8.18522e-06
2.92267 	1.16815e-05 	1.81456e-06 	0 	2.79683e-06 	0 	8.19926e-06
2.93173 	1.19779e-05 	1.8219e-06 	0 	2.61986e-06 	0 	8.19708e-06
2.94043 	1.2313e-05 	1.82285e-06 	0 	2.42819e-06 	0 	8.1757e-06
2.94878 	1.26925e-05 	1.81716e-06 	0 	2.22237e-06 	0 	8.13016e-06
2.95681 	1.31239e-05 	1.80387e-06 	0 	2.00311e-06 	0 	8.05179e-06
2.9645 	1.36064e-05 	1.78162e-06 	0 	1.77328e-06 	0 	7.93061e-06
2.97189 	1.41285e-05 	1.74804e-06 	0 	1.53681e-06 	0 	7.75451e-06
2.97896 	1.46637e-05 	1.6987e-06 	0 	1.29789e-06 	0 	7.50808e-06
2.98575 	1.51592e-05 	1.62657e-06 	0 	1.06184e-06 	0 	7.17362e-06
2.99224 	1.55209e-05 	1.52201e-06 	0 	8.35205e-07 	0 	6.73256e-06
2.99845 	1.55887e-05 	1.37363e-06 	0 	6.25299e-07 	0 	6.16782e-06
3.00438 	1.51172e-05 	1.17249e-06 	0 	4.39823e-07 	0 	5.46823e-06
3.01003 	1.38097e-05 	9.20789e-07 	0 	2.85389e-07 	0 	4.63533e-06
3.01541 	1.14926e-05 	6.42234e-07 	0 	1.66234e-07 	0 	3.69091e-06
3.02051 	8.37381e-06 	3.80061e-07 	0 	8.31143e-08 	0 	2.68392e-06
3.02532 	4.99454e-06 	1.74018e-07 	0 	3.22038e-08 	0 	1.68145e-06
3.02983 	2.22844e-06 	5.21418e-08 	0 	7.73421e-09 	0 	8.32051e-07
3.034 	8.48353e-07 	1.15286e-08 	0 	1.07424e-09 	0 	3.53003e-07
