/*--------------------------------*- C++ -*----------------------------------*\
  =========                 |
  \\      /  F ield         | OpenFOAM: The Open Source CFD Toolbox
   \\    /   O peration     | Website:  https://openfoam.org
    \\  /    A nd           | Version:  7
     \\/     M anipulation  |
\*---------------------------------------------------------------------------*/
FoamFile
{
    version     2.0;
    format      ascii;
    class       volVectorField;
    location    "25000";
    object      U;
}
// * * * * * * * * * * * * * * * * * * * * * * * * * * * * * * * * * * * * * //

dimensions      [0 1 -1 0 0 0 0];

internalField   nonuniform List<vector> 
2444
(
(0.00102892 -2.76195e-08 1.8243e-28)
(0.0010357 -2.99815e-08 -1.82411e-28)
(0.00104312 -3.22066e-08 -2.94662e-28)
(0.00105117 -3.4352e-08 -7.11595e-26)
(0.00105982 -3.60285e-08 9.6846e-28)
(0.00106905 -3.7899e-08 -4.49271e-28)
(0.00107883 -3.93213e-08 0)
(0.0010891 -4.06442e-08 0)
(0.0010999 -4.07717e-08 0)
(0.00111119 -4.18481e-08 7.35716e-26)
(0.00112289 -4.14002e-08 8.05164e-26)
(0.00113503 -4.27776e-08 1.88318e-28)
(0.00114747 -4.42516e-08 -3.05292e-28)
(0.00116016 -4.44024e-08 -7.77089e-28)
(0.00117316 -4.46202e-08 4.4658e-26)
(0.00118642 -4.49605e-08 -5.78753e-26)
(0.00119988 -4.55754e-08 0)
(0.00121349 -4.56704e-08 2.79383e-27)
(0.00122729 -4.61021e-08 -2.79248e-27)
(0.00124122 -4.64506e-08 0)
(0.00125528 -4.74322e-08 0)
(0.00126944 -4.83837e-08 0)
(0.00128369 -4.98891e-08 0)
(0.00129802 -5.20126e-08 1.83869e-26)
(0.00131243 -5.48812e-08 -9.91658e-27)
(0.0013269 -5.78419e-08 -2.06939e-26)
(0.00134146 -6.28686e-08 2.10226e-26)
(0.00135607 -6.65156e-08 -2.14027e-26)
(0.00137081 -7.52984e-08 -1.09924e-26)
(0.00138564 -8.04229e-08 2.26954e-26)
(0.00140051 -9.12146e-08 0)
(0.00141556 -1.00146e-07 0)
(0.00143063 -1.11665e-07 -1.1585e-26)
(0.00332619 -6.12342e-07 1.62601e-25)
(0.0033478 -6.73165e-07 0)
(0.00337115 -7.31487e-07 -2.02948e-24)
(0.00339621 -7.87695e-07 3.71241e-24)
(0.00342285 -8.40199e-07 3.64592e-25)
(0.00345099 -8.91401e-07 -2.74455e-24)
(0.00348055 -9.38305e-07 -3.07728e-25)
(0.00351137 -9.82574e-07 3.195e-24)
(0.00354348 -1.02168e-06 3.93637e-25)
(0.00357679 -1.06049e-06 -2.95683e-25)
(0.00361108 -1.09238e-06 5.2321e-26)
(0.00364632 -1.12683e-06 0)
(0.00368221 -1.15733e-06 2.45369e-25)
(0.0037186 -1.18181e-06 -2.44942e-25)
(0.00375556 -1.20488e-06 -6.58371e-26)
(0.00379296 -1.22525e-06 8.80954e-26)
(0.00383065 -1.24301e-06 0)
(0.00386846 -1.25685e-06 0)
(0.00390643 -1.26982e-06 9.51721e-24)
(0.00394445 -1.27983e-06 0)
(0.00398245 -1.28998e-06 -3.06588e-24)
(0.00402037 -1.2975e-06 3.05802e-24)
(0.00405813 -1.30492e-06 0)
(0.00409572 -1.31294e-06 -2.8321e-26)
(0.00413313 -1.32118e-06 0)
(0.00417029 -1.32785e-06 3.10778e-26)
(0.00420723 -1.33931e-06 0)
(0.00424389 -1.34496e-06 3.39558e-23)
(0.00428039 -1.36627e-06 0)
(0.00431672 -1.36964e-06 -3.44424e-26)
(0.00435267 -1.39104e-06 -3.56437e-23)
(0.00438858 -1.40224e-06 3.58078e-23)
(0.00442408 -1.41932e-06 -3.57612e-23)
(0.00600101 -1.94709e-06 2.83312e-24)
(0.0060366 -2.15227e-06 0)
(0.00607499 -2.34888e-06 -5.40935e-25)
(0.00611593 -2.53657e-06 3.55107e-24)
(0.0061593 -2.71625e-06 -4.5895e-24)
(0.00620492 -2.88471e-06 -1.33861e-23)
(0.00625262 -3.04617e-06 2.19653e-24)
(0.00630223 -3.19484e-06 1.23682e-24)
(0.00635351 -3.33404e-06 -4.39415e-24)
(0.00640639 -3.45846e-06 2.16269e-25)
(0.00646074 -3.57808e-06 -7.23339e-24)
(0.00651617 -3.67919e-06 4.28485e-24)
(0.00657258 -3.77817e-06 5.29062e-26)
(0.00662954 -3.86478e-06 -2.27519e-24)
(0.00668681 -3.93469e-06 -5.44268e-24)
(0.0067444 -3.99815e-06 -9.62344e-24)
(0.00680207 -4.05085e-06 2.79965e-24)
(0.00685955 -4.09413e-06 -1.56986e-24)
(0.00691659 -4.12475e-06 3.29639e-23)
(0.00697319 -4.15027e-06 -4.43388e-24)
(0.00702914 -4.16602e-06 -1.0568e-23)
(0.00708431 -4.17836e-06 5.54766e-24)
(0.00713859 -4.18212e-06 -6.54598e-24)
(0.00719184 -4.18269e-06 1.34958e-23)
(0.00724402 -4.18185e-06 -6.94733e-24)
(0.00729508 -4.1787e-06 0)
(0.00734493 -4.16998e-06 6.27471e-23)
(0.00739355 -4.16804e-06 -1.29874e-22)
(0.00744092 -4.15438e-06 1.0012e-22)
(0.00748709 -4.16748e-06 1.36393e-22)
(0.00753213 -4.14401e-06 -1.74345e-23)
(0.00757571 -4.15128e-06 5.23018e-23)
(0.00761829 -4.13595e-06 -3.50691e-23)
(0.00895025 -4.59982e-06 -3.06926e-24)
(0.00900225 -5.0351e-06 1.67311e-24)
(0.00905755 -5.45134e-06 -1.07892e-24)
(0.00911581 -5.8464e-06 0)
(0.00917684 -6.22189e-06 -1.52979e-24)
(0.00924038 -6.57278e-06 1.42365e-23)
(0.00930618 -6.90452e-06 -1.31843e-24)
(0.00937398 -7.20916e-06 0)
(0.00944344 -7.49083e-06 -1.15421e-23)
(0.00951441 -7.74014e-06 -1.01853e-23)
(0.00958666 -7.97539e-06 5.66173e-24)
(0.0096597 -8.17297e-06 -3.38943e-24)
(0.00973333 -8.3577e-06 1.08893e-24)
(0.00980706 -8.51678e-06 2.2207e-24)
(0.00988056 -8.64075e-06 4.88904e-24)
(0.00995372 -8.7478e-06 5.33512e-24)
(0.0100262 -8.83001e-06 2.20024e-24)
(0.0100977 -8.89173e-06 -3.42073e-24)
(0.0101679 -8.92602e-06 3.70026e-23)
(0.0102366 -8.94702e-06 -7.19318e-23)
(0.0103037 -8.94759e-06 -5.00755e-24)
(0.0103688 -8.93736e-06 4.99296e-24)
(0.0104319 -8.90969e-06 -1.17906e-23)
(0.0104928 -8.87285e-06 1.17553e-23)
(0.0105513 -8.83008e-06 -1.32751e-23)
(0.0106074 -8.78083e-06 1.32338e-23)
(0.0106611 -8.72079e-06 -1.8453e-22)
(0.0107122 -8.66723e-06 2.34402e-22)
(0.0107606 -8.59631e-06 -3.47697e-22)
(0.0108065 -8.55865e-06 -1.23593e-22)
(0.01085 -8.46942e-06 -2.51137e-22)
(0.0108906 -8.41635e-06 -2.53763e-22)
(0.0109288 -8.32884e-06 2.54866e-22)
(0.0117573 -8.63083e-06 4.88874e-25)
(0.0118239 -9.36334e-06 4.02922e-25)
(0.0118939 -1.00612e-05 7.18824e-25)
(0.0119671 -1.07198e-05 -1.60576e-24)
(0.0120431 -1.1341e-05 -2.1562e-23)
(0.0121215 -1.19187e-05 0)
(0.0122022 -1.24583e-05 -1.84248e-24)
(0.0122847 -1.29511e-05 3.31674e-25)
(0.0123687 -1.34008e-05 1.22229e-23)
(0.0124539 -1.37943e-05 8.1036e-24)
(0.0125399 -1.41584e-05 -5.37114e-25)
(0.0126264 -1.4461e-05 8.01449e-26)
(0.0127129 -1.47333e-05 -7.4783e-25)
(0.0127991 -1.49621e-05 -7.27818e-25)
(0.0128844 -1.51327e-05 7.26557e-25)
(0.0129687 -1.52703e-05 1.83308e-24)
(0.0130516 -1.53648e-05 -3.77122e-23)
(0.0131327 -1.5424e-05 2.3492e-24)
(0.0132116 -1.54372e-05 -4.94381e-23)
(0.0132882 -1.54253e-05 4.92527e-23)
(0.0133621 -1.53797e-05 -8.51878e-25)
(0.0134332 -1.53126e-05 8.36568e-24)
(0.0135011 -1.52171e-05 0)
(0.0135658 -1.51036e-05 1.74319e-22)
(0.0136269 -1.49767e-05 -1.0551e-23)
(0.0136845 -1.48383e-05 0)
(0.0137385 -1.46848e-05 9.57682e-23)
(0.0137886 -1.45352e-05 -9.93593e-23)
(0.013835 -1.43637e-05 2.04798e-22)
(0.0138775 -1.42243e-05 0)
(0.0139164 -1.40234e-05 2.40409e-22)
(0.013951 -1.38532e-05 2.16456e-22)
(0.013982 -1.36381e-05 -2.44558e-22)
(0.0141323 -1.39826e-05 2.14405e-25)
(0.0142126 -1.50516e-05 0)
(0.0142964 -1.60659e-05 2.19219e-23)
(0.0143832 -1.7018e-05 0)
(0.0144727 -1.79101e-05 1.74639e-23)
(0.0145645 -1.87349e-05 -3.05172e-23)
(0.0146583 -1.94976e-05 0)
(0.0147537 -2.01893e-05 -2.17643e-23)
(0.0148503 -2.08125e-05 9.5871e-25)
(0.0149477 -2.13514e-05 -9.57995e-25)
(0.0150456 -2.18398e-05 -1.81333e-23)
(0.0151433 -2.22399e-05 -9.9842e-24)
(0.0152407 -2.25869e-05 0)
(0.0153371 -2.28689e-05 -5.93429e-25)
(0.0154321 -2.30668e-05 1.48759e-23)
(0.0155255 -2.32111e-05 -1.05492e-24)
(0.0156168 -2.32907e-05 8.63871e-23)
(0.0157056 -2.33172e-05 -8.54133e-24)
(0.0157916 -2.32769e-05 -7.66098e-23)
(0.0158744 -2.31962e-05 -6.21031e-24)
(0.0159537 -2.30663e-05 6.21001e-24)
(0.0160293 -2.29006e-05 0)
(0.016101 -2.26939e-05 -1.18064e-22)
(0.0161684 -2.24597e-05 -1.5269e-22)
(0.0162314 -2.22054e-05 8.75222e-24)
(0.01629 -2.19334e-05 0)
(0.016344 -2.16403e-05 3.38715e-22)
(0.0163932 -2.13445e-05 -4.12984e-23)
(0.0164376 -2.10211e-05 -2.98701e-22)
(0.0164772 -2.07208e-05 -4.37119e-23)
(0.0165119 -2.0354e-05 2.20917e-23)
(0.0165413 -2.00017e-05 2.27129e-23)
(0.0165658 -1.95944e-05 -3.87325e-22)
(0.0161085 -2.06777e-05 1.09075e-23)
(0.0162016 -2.21102e-05 0)
(0.0162979 -2.3463e-05 8.87833e-27)
(0.0163971 -2.47266e-05 0)
(0.0164987 -2.59027e-05 0)
(0.0166024 -2.69836e-05 5.07201e-23)
(0.0167077 -2.79734e-05 2.17339e-23)
(0.0168143 -2.88639e-05 1.81101e-23)
(0.0169216 -2.96557e-05 2.91247e-23)
(0.0170294 -3.03318e-05 2.0922e-23)
(0.017137 -3.09302e-05 3.14534e-23)
(0.0172441 -3.14113e-05 8.02172e-24)
(0.0173502 -3.18116e-05 3.86948e-24)
(0.0174548 -3.21214e-05 -9.58142e-24)
(0.0175574 -3.23194e-05 -3.31489e-23)
(0.0176579 -3.2439e-05 -3.42723e-23)
(0.0177555 -3.24697e-05 -4.61189e-23)
(0.0178501 -3.24262e-05 3.92598e-24)
(0.0179411 -3.22936e-05 1.32595e-22)
(0.0180283 -3.21019e-05 7.85837e-23)
(0.0181113 -3.18432e-05 0)
(0.0181898 -3.15328e-05 2.0174e-22)
(0.0182637 -3.11706e-05 3.26445e-22)
(0.0183325 -3.07705e-05 -1.37954e-23)
(0.0183963 -3.03392e-05 -1.56314e-23)
(0.0184549 -2.98815e-05 -7.91906e-25)
(0.0185081 -2.93955e-05 -2.52465e-22)
(0.0185556 -2.88971e-05 0)
(0.0185975 -2.83645e-05 2.88663e-22)
(0.0186336 -2.78387e-05 1.87043e-23)
(0.0186639 -2.72416e-05 3.21941e-25)
(0.0186878 -2.6635e-05 -3.82752e-23)
(0.0187059 -2.59618e-05 3.28491e-22)
(0.0177889 -2.8789e-05 4.46798e-27)
(0.0178928 -3.0597e-05 -1.01768e-24)
(0.0179996 -3.22951e-05 -1.54117e-23)
(0.0181089 -3.38721e-05 9.21294e-25)
(0.0182203 -3.53291e-05 1.4525e-24)
(0.0183334 -3.66585e-05 -2.31358e-23)
(0.0184476 -3.78629e-05 -2.0716e-23)
(0.0185627 -3.89353e-05 2.13254e-24)
(0.018678 -3.98748e-05 -2.62986e-23)
(0.0187933 -4.0664e-05 -1.75396e-23)
(0.0189079 -4.13437e-05 -3.90401e-23)
(0.0190215 -4.18744e-05 0)
(0.0191335 -4.22925e-05 -2.9664e-24)
(0.0192434 -4.25908e-05 8.13712e-24)
(0.019351 -4.27477e-05 3.78252e-23)
(0.0194556 -4.27983e-05 2.94235e-23)
(0.019557 -4.27336e-05 -3.9491e-23)
(0.0196546 -4.25709e-05 0)
(0.0197481 -4.22955e-05 -5.86488e-23)
(0.0198371 -4.19403e-05 6.74641e-23)
(0.0199214 -4.15004e-05 1.41981e-22)
(0.0200007 -4.09933e-05 -3.25857e-22)
(0.0200746 -4.04219e-05 -3.65492e-22)
(0.0201431 -3.97996e-05 0)
(0.0202058 -3.91337e-05 -2.2259e-22)
(0.0202626 -3.843e-05 1.34386e-23)
(0.0203133 -3.76877e-05 0)
(0.0203578 -3.69202e-05 2.40287e-22)
(0.0203958 -3.61102e-05 1.5718e-23)
(0.0204273 -3.52862e-05 3.64737e-25)
(0.0204521 -3.43864e-05 -1.6089e-23)
(0.0204699 -3.34473e-05 5.27515e-22)
(0.0204809 -3.2429e-05 5.15337e-22)
(0.0192442 -3.82e-05 -8.12787e-24)
(0.0193566 -4.03791e-05 0)
(0.0194715 -4.24135e-05 2.5542e-23)
(0.0195885 -4.42906e-05 -2.28277e-23)
(0.0197072 -4.60109e-05 0)
(0.019827 -4.75671e-05 -4.02136e-23)
(0.0199476 -4.89604e-05 -2.85209e-23)
(0.0200684 -5.01856e-05 -3.40156e-24)
(0.020189 -5.124e-05 4.53089e-23)
(0.0203089 -5.21077e-05 0)
(0.0204277 -5.28296e-05 -6.36309e-26)
(0.0205448 -5.33687e-05 0)
(0.0206599 -5.37605e-05 -1.35986e-25)
(0.0207724 -5.40003e-05 8.7175e-25)
(0.0208819 -5.40677e-05 -1.7275e-23)
(0.020988 -5.39989e-05 1.88224e-24)
(0.0210902 -5.37868e-05 3.02849e-23)
(0.0211882 -5.34511e-05 -8.37385e-23)
(0.0212815 -5.29789e-05 -1.02556e-22)
(0.0213699 -5.24058e-05 -2.36475e-22)
(0.0214531 -5.1731e-05 -1.41752e-22)
(0.0215307 -5.09724e-05 1.55565e-22)
(0.0216025 -5.0135e-05 1.59735e-22)
(0.0216683 -4.92309e-05 1.10754e-23)
(0.0217279 -4.82676e-05 1.71668e-22)
(0.021781 -4.72531e-05 0)
(0.0218274 -4.61882e-05 4.03386e-22)
(0.021867 -4.50834e-05 1.96263e-22)
(0.0218996 -4.39269e-05 -1.40992e-23)
(0.021925 -4.27339e-05 -3.88781e-22)
(0.0219433 -4.14606e-05 -2.80354e-23)
(0.0219539 -4.01161e-05 -4.30619e-22)
(0.0219571 -3.86788e-05 -4.91923e-22)
(0.0205254 -4.87853e-05 7.2559e-24)
(0.020644 -5.13176e-05 -2.66373e-23)
(0.0207647 -5.36661e-05 -2.42137e-23)
(0.020887 -5.58174e-05 2.17945e-23)
(0.0210104 -5.77714e-05 3.76371e-23)
(0.0211344 -5.95213e-05 3.50275e-23)
(0.0212586 -6.10671e-05 2.90611e-23)
(0.0213826 -6.24055e-05 -4.85885e-23)
(0.0215057 -6.35324e-05 -3.90207e-23)
(0.0216277 -6.44342e-05 2.96873e-23)
(0.021748 -6.51516e-05 -5.68038e-26)
(0.021866 -6.56507e-05 -4.30535e-25)
(0.0219815 -6.59656e-05 3.12947e-25)
(0.0220939 -6.60946e-05 7.69794e-25)
(0.0222027 -6.60193e-05 2.9767e-23)
(0.0223077 -6.57763e-05 4.60913e-23)
(0.0224083 -6.53608e-05 -6.30494e-23)
(0.0225043 -6.47952e-05 7.66389e-23)
(0.0225951 -6.40699e-05 1.82287e-22)
(0.0226805 -6.32228e-05 1.04966e-22)
(0.0227603 -6.22563e-05 -1.1785e-22)
(0.0228341 -6.11877e-05 8.48771e-24)
(0.0229017 -6.00236e-05 -2.91257e-22)
(0.0229629 -5.87751e-05 0)
(0.0230174 -5.74505e-05 0)
(0.023065 -5.60604e-05 -1.08947e-23)
(0.0231056 -5.46074e-05 3.35127e-23)
(0.0231388 -5.30991e-05 -3.92763e-22)
(0.0231647 -5.15296e-05 0)
(0.023183 -4.99017e-05 3.66767e-22)
(0.0231937 -4.81899e-05 4.97921e-23)
(0.0231964 -4.63757e-05 3.79085e-22)
(0.0231913 -4.44552e-05 0)
(0.0216672 -6.03912e-05 -6.35819e-24)
(0.0217898 -6.32469e-05 -1.70043e-26)
(0.0219139 -6.58761e-05 0)
(0.022039 -6.82649e-05 0)
(0.0221647 -7.04131e-05 2.08717e-24)
(0.0222905 -7.23145e-05 -2.74975e-25)
(0.0224159 -7.39677e-05 5.23944e-23)
(0.0225405 -7.53716e-05 8.63742e-23)
(0.0226638 -7.6521e-05 -1.94258e-24)
(0.0227853 -7.74052e-05 -2.62807e-23)
(0.0229046 -7.8064e-05 3.92635e-23)
(0.0230212 -7.84682e-05 -8.98346e-25)
(0.0231347 -7.86508e-05 1.03398e-25)
(0.0232447 -7.86128e-05 -6.88202e-25)
(0.0233507 -7.83387e-05 5.05141e-25)
(0.0234523 -7.78651e-05 -4.40447e-23)
(0.0235493 -7.71894e-05 6.20959e-23)
(0.0236411 -7.63364e-05 -7.26385e-23)
(0.0237275 -7.53009e-05 -1.63578e-22)
(0.0238081 -7.4122e-05 -1.8801e-22)
(0.0238828 -7.28045e-05 1.05589e-22)
(0.0239511 -7.13655e-05 -2.32697e-22)
(0.0240129 -6.98148e-05 2.44686e-22)
(0.0240679 -6.8163e-05 2.79546e-22)
(0.0241159 -6.64187e-05 1.85193e-23)
(0.0241569 -6.45941e-05 -3.79112e-23)
(0.0241905 -6.26943e-05 -2.77739e-22)
(0.0242166 -6.0724e-05 -4.11046e-23)
(0.0242351 -5.8683e-05 -3.18499e-22)
(0.0242457 -5.65631e-05 0)
(0.0242485 -5.43569e-05 -3.53969e-22)
(0.024243 -5.20212e-05 4.25075e-26)
(0.0242296 -4.95673e-05 0)
(0.0226929 -7.28391e-05 0)
(0.0228171 -7.59787e-05 2.34211e-23)
(0.0229423 -7.88461e-05 -4.15329e-23)
(0.023068 -8.14274e-05 -3.61725e-23)
(0.0231937 -8.37224e-05 -3.20967e-23)
(0.0233189 -8.57262e-05 0)
(0.0234433 -8.74363e-05 -4.94644e-23)
(0.0235663 -8.88535e-05 -3.98706e-23)
(0.0236875 -8.99716e-05 1.13103e-24)
(0.0238065 -9.07828e-05 0)
(0.0239227 -9.1326e-05 -1.68432e-23)
(0.0240359 -9.15779e-05 0)
(0.0241455 -9.15705e-05 0)
(0.0242511 -9.13083e-05 -9.99523e-24)
(0.0243524 -9.07794e-05 -2.38411e-23)
(0.024449 -9.00204e-05 0)
(0.0245406 -8.90302e-05 -3.50753e-24)
(0.0246268 -8.78351e-05 6.57677e-23)
(0.0247074 -8.64344e-05 6.89244e-23)
(0.0247819 -8.48674e-05 1.74676e-22)
(0.0248502 -8.31413e-05 0)
(0.0249119 -8.12746e-05 2.02788e-22)
(0.0249668 -7.92822e-05 2.34283e-22)
(0.0250148 -7.71751e-05 -2.43957e-22)
(0.0250557 -7.49618e-05 -1.66297e-23)
(0.0250894 -7.26551e-05 1.65828e-23)
(0.0251157 -7.02617e-05 0)
(0.0251344 -6.77836e-05 0)
(0.0251454 -6.52252e-05 3.03623e-22)
(0.0251485 -6.25681e-05 0)
(0.0251436 -5.98211e-05 9.48539e-22)
(0.0251304 -5.69241e-05 -3.19803e-22)
(0.0251092 -5.39023e-05 0)
(0.0236174 -8.59328e-05 0)
(0.0237412 -8.93103e-05 0)
(0.0238654 -9.2367e-05 3.59553e-23)
(0.0239896 -9.50899e-05 3.44049e-23)
(0.0241132 -9.74792e-05 0)
(0.0242359 -9.95316e-05 1.49927e-24)
(0.0243572 -0.000101245 -4.7027e-23)
(0.0244767 -0.000102622 3.60927e-23)
(0.024594 -0.000103655 2.0767e-24)
(0.0247087 -0.000104339 0)
(0.0248203 -0.000104711 0)
(0.0249284 -0.000104755 -1.7269e-23)
(0.0250326 -0.000104502 8.18229e-26)
(0.0251326 -0.00010396 9.04112e-24)
(0.0252279 -0.000103122 1.73429e-24)
(0.0253183 -0.000102026 -3.30117e-23)
(0.0254035 -0.000100672 -2.47348e-24)
(0.0254831 -9.90875e-05 0)
(0.0255569 -9.72743e-05 0)
(0.0256246 -9.52713e-05 -1.5375e-22)
(0.025686 -9.30888e-05 0)
(0.0257407 -9.07469e-05 0)
(0.0257886 -8.82651e-05 -1.02918e-26)
(0.0258294 -8.56572e-05 0)
(0.0258631 -8.29365e-05 0)
(0.0258897 -8.01149e-05 0)
(0.0259089 -7.71967e-05 0)
(0.0259206 -7.41822e-05 0)
(0.0259247 -7.10785e-05 1.73119e-23)
(0.0259209 -6.78571e-05 5.24537e-22)
(0.0259094 -6.45387e-05 -5.51079e-22)
(0.0258894 -6.10559e-05 0)
(0.0258616 -5.74483e-05 -5.78606e-22)
(0.0243293 -9.55198e-05 -5.31076e-25)
(0.0244504 -9.94677e-05 -1.67881e-25)
(0.0245719 -0.000103035 -1.12738e-24)
(0.0246934 -0.00010623 3.5442e-23)
(0.0248142 -0.000109042 -3.08163e-23)
(0.0249342 -0.000111471 -1.59987e-24)
(0.0250527 -0.000113517 -4.74854e-23)
(0.0251694 -0.000115179 4.4483e-23)
(0.025284 -0.000116462 -2.29343e-24)
(0.025396 -0.00011736 -5.45685e-23)
(0.025505 -0.000117868 0)
(0.0256107 -0.000118021 0)
(0.0257128 -0.00011781 3.17061e-23)
(0.0258107 -0.000117264 0)
(0.0259043 -0.000116393 -8.77769e-25)
(0.025993 -0.000115197 2.4587e-24)
(0.0260766 -0.000113714 9.31306e-23)
(0.0261549 -0.000111953 -2.25555e-24)
(0.0262276 -0.000109942 -9.94191e-23)
(0.0262945 -0.000107681 -3.50714e-24)
(0.0263554 -0.000105209 1.39859e-22)
(0.0264099 -0.00010254 1.5662e-22)
(0.0264579 -9.96926e-05 -1.72254e-22)
(0.0264992 -9.66893e-05 1.21265e-23)
(0.0265335 -9.3548e-05 -2.4967e-23)
(0.0265607 -9.02945e-05 2.64851e-23)
(0.0265809 -8.69405e-05 -1.35791e-23)
(0.026594 -8.34827e-05 0)
(0.0265996 -7.99204e-05 0)
(0.0265979 -7.62631e-05 0)
(0.0265886 -7.24754e-05 -5.08168e-22)
(0.0265717 -6.85911e-05 -5.16987e-22)
(0.0265469 -6.45294e-05 0)
(0.0265143 -6.03326e-05 1.62047e-23)
(0.0250808 -0.000109098 6.48869e-25)
(0.0251984 -0.00011324 5.73546e-25)
(0.025316 -0.00011695 -5.72131e-25)
(0.0254332 -0.000120237 -3.17442e-23)
(0.0255494 -0.00012309 8.54789e-23)
(0.0256644 -0.000125511 0)
(0.0257776 -0.000127501 4.39868e-23)
(0.0258888 -0.000129059 2.15705e-24)
(0.0259975 -0.000130196 2.92147e-23)
(0.0261033 -0.000130909 5.01877e-23)
(0.026206 -0.0001312 3.90902e-23)
(0.0263053 -0.000131099 -2.72001e-23)
(0.0264008 -0.000130596 -1.45715e-23)
(0.0264922 -0.000129724 -1.3241e-25)
(0.0265792 -0.000128492 -6.70584e-25)
(0.0266614 -0.000126903 3.69265e-23)
(0.0267385 -0.000124995 -3.41634e-26)
(0.0268102 -0.000122791 7.84434e-23)
(0.0268764 -0.000120327 1.82445e-22)
(0.026937 -0.000117598 6.95904e-24)
(0.0269916 -0.00011464 -1.40186e-22)
(0.0270401 -0.00011147 -1.3485e-22)
(0.0270823 -0.00010811 1.57644e-22)
(0.0271181 -0.000104585 1.70991e-22)
(0.0271472 -0.00010092 0)
(0.0271696 -9.71389e-05 0)
(0.0271851 -9.32482e-05 0)
(0.0271937 -8.92481e-05 4.27248e-22)
(0.027195 -8.51368e-05 0)
(0.0271892 -8.09262e-05 1.44493e-23)
(0.0271759 -7.65755e-05 -1.44111e-23)
(0.0271553 -7.21217e-05 4.75305e-22)
(0.027127 -6.74733e-05 0)
(0.0270911 -6.26806e-05 4.6894e-22)
(0.0257531 -0.00012278 -2.89588e-25)
(0.0258661 -0.000127066 2.8866e-25)
(0.0259786 -0.000130876 0)
(0.0260905 -0.000134215 0)
(0.0262012 -0.000137071 -5.10815e-23)
(0.0263105 -0.000139448 -2.91315e-24)
(0.0264179 -0.000141344 -9.973e-25)
(0.0265231 -0.000142762 -6.70731e-23)
(0.0266258 -0.00014371 -5.76968e-23)
(0.0267254 -0.000144194 1.27326e-24)
(0.0268218 -0.000144231 -2.92996e-25)
(0.0269148 -0.000143848 2.37877e-23)
(0.027004 -0.000143031 -5.86587e-25)
(0.0270893 -0.000141811 0)
(0.0271702 -0.000140203 0)
(0.0272466 -0.000138212 -3.32939e-23)
(0.0273182 -0.000135884 -5.00728e-23)
(0.0273847 -0.000133247 -7.17275e-23)
(0.0274459 -0.000130328 4.72449e-27)
(0.0275016 -0.000127128 1.02934e-22)
(0.0275516 -0.000123683 1.18126e-22)
(0.0275956 -0.000120014 -2.64881e-22)
(0.0276335 -0.000116145 0)
(0.0276652 -0.000112102 -3.16239e-22)
(0.0276906 -0.000107908 3.39176e-22)
(0.0277095 -0.000103589 1.15619e-23)
(0.0277217 -9.91582e-05 5.88546e-25)
(0.027727 -9.46125e-05 -4.07731e-22)
(0.0277253 -8.99499e-05 4.10562e-22)
(0.0277166 -8.51842e-05 4.23054e-22)
(0.0277006 -8.0272e-05 -4.33345e-22)
(0.0276774 -7.52548e-05 -2.77635e-23)
(0.0276466 -7.00238e-05 2.76933e-23)
(0.0263503 -0.000136431 0)
(0.0264581 -0.000140811 4.9211e-25)
(0.0265653 -0.000144678 -4.90412e-25)
(0.0266716 -0.000148035 0)
(0.0267767 -0.000150862 -4.73438e-23)
(0.0268802 -0.000153165 -1.43345e-24)
(0.026982 -0.000154946 -3.76332e-23)
(0.0270816 -0.000156204 6.24012e-23)
(0.0271787 -0.000156959 1.83669e-24)
(0.0272731 -0.000157222 4.1763e-23)
(0.0273644 -0.000157009 -6.3945e-23)
(0.0274524 -0.000156338 0)
(0.0275367 -0.000155204 2.5097e-23)
(0.0276171 -0.000153637 5.83487e-24)
(0.0276934 -0.000151657 -1.28519e-23)
(0.0277653 -0.000149271 -1.2407e-24)
(0.0278326 -0.000146521 1.2377e-24)
(0.0278952 -0.00014344 6.72354e-23)
(0.0279526 -0.00014006 -8.30357e-23)
(0.0280046 -0.000136385 -1.02221e-22)
(0.0280511 -0.000132451 -8.83626e-25)
(0.0280918 -0.000128283 5.08658e-22)
(0.0281266 -0.000123906 -8.08446e-24)
(0.0281553 -0.000119351 0)
(0.0281777 -0.000114637 1.56496e-25)
(0.0281938 -0.000109781 3.35595e-22)
(0.0282033 -0.000104799 -1.12949e-23)
(0.0282062 -9.96989e-05 1.12666e-23)
(0.0282022 -9.44766e-05 2.23613e-25)
(0.0281913 -8.91465e-05 -4.19112e-22)
(0.0281733 -8.3662e-05 4.03168e-22)
(0.0281481 -7.80657e-05 -3.85846e-22)
(0.0281155 -7.22394e-05 0)
(0.0268787 -0.000149967 -2.49516e-25)
(0.026982 -0.000154442 2.48706e-25)
(0.0270846 -0.000158364 0)
(0.0271863 -0.000161728 0)
(0.0272867 -0.00016452 4.54394e-23)
(0.0273857 -0.000166747 -4.02884e-23)
(0.0274828 -0.000168411 3.51034e-23)
(0.0275779 -0.000169516 0)
(0.0276706 -0.000170079 5.00453e-23)
(0.0277608 -0.000170111 -4.013e-23)
(0.0278481 -0.000169637 6.09447e-23)
(0.0279321 -0.000168674 0)
(0.0280126 -0.00016722 -2.39221e-23)
(0.0280893 -0.000165307 3.72516e-25)
(0.0281619 -0.000162954 1.27688e-23)
(0.0282303 -0.000160177 -6.40028e-25)
(0.0282942 -0.000157018 -4.52285e-23)
(0.0283534 -0.000153499 -6.07412e-23)
(0.0284076 -0.00014965 -8.07506e-23)
(0.0284565 -0.000145489 5.15279e-24)
(0.0285001 -0.000141056 -1.98977e-22)
(0.028538 -0.000136378 -6.66748e-24)
(0.0285702 -0.000131481 8.28956e-24)
(0.0285965 -0.000126399 2.67479e-22)
(0.0286167 -0.000121147 -3.05067e-22)
(0.0286306 -0.000115744 -2.9419e-22)
(0.0286381 -0.000110206 -2.06233e-23)
(0.0286392 -0.000104546 1.05435e-23)
(0.0286336 -9.87582e-05 -3.57977e-22)
(0.0286211 -9.28567e-05 0)
(0.0286018 -8.67924e-05 -2.3882e-23)
(0.0285754 -8.0607e-05 4.33013e-22)
(0.0285417 -7.41783e-05 -7.80061e-22)
(0.0273506 -0.000163497 9.74178e-25)
(0.0274501 -0.000168055 -1.35002e-23)
(0.0275489 -0.000172017 -2.71221e-23)
(0.0276469 -0.000175381 4.7617e-23)
(0.0277436 -0.000178133 4.27179e-23)
(0.0278387 -0.00018028 3.78077e-23)
(0.0279322 -0.000181828 0)
(0.0280235 -0.000182783 0)
(0.0281126 -0.000183165 4.61898e-26)
(0.0281991 -0.000182979 0)
(0.0282828 -0.000182239 -2.86237e-23)
(0.0283632 -0.000180971 9.62255e-25)
(0.0284403 -0.000179184 -5.34672e-25)
(0.0285137 -0.00017691 -5.56899e-24)
(0.0285831 -0.000174172 0)
(0.0286484 -0.000170988 1.09004e-24)
(0.0287094 -0.000167399 4.44271e-23)
(0.0287657 -0.000163427 -3.10132e-24)
(0.0288172 -0.000159104 6.59933e-23)
(0.0288637 -0.000154453 4.83334e-24)
(0.0289049 -0.000149517 1.92923e-22)
(0.0289406 -0.000144324 -2.16321e-22)
(0.0289708 -0.000138901 7.77729e-24)
(0.0289952 -0.000133283 -5.33452e-22)
(0.0290137 -0.000127486 2.85913e-22)
(0.0290262 -0.000121529 -3.13673e-22)
(0.0290324 -0.000115432 1.88802e-23)
(0.0290322 -0.000109207 0)
(0.0290256 -0.000102849 -3.1517e-22)
(0.0290123 -9.63699e-05 -2.13332e-23)
(0.0289923 -8.972e-05 -2.24494e-23)
(0.0289653 -8.29391e-05 -3.99705e-25)
(0.0289312 -7.59031e-05 1.49012e-21)
(0.0277758 -0.000177098 -1.13853e-24)
(0.0278718 -0.000181748 1.37462e-23)
(0.0279671 -0.000185745 2.62077e-23)
(0.0280614 -0.000189093 -8.98351e-23)
(0.0281546 -0.000191789 -1.28665e-24)
(0.0282463 -0.000193842 -2.08707e-24)
(0.0283362 -0.000195258 2.08089e-24)
(0.0284242 -0.000196047 -1.52348e-24)
(0.0285099 -0.000196226 2.80915e-24)
(0.0285931 -0.000195802 3.42885e-23)
(0.0286735 -0.000194787 -5.39213e-23)
(0.0287509 -0.000193211 3.71477e-23)
(0.0288249 -0.000191088 2.07768e-23)
(0.0288954 -0.00018845 4.84188e-24)
(0.0289621 -0.000185323 -5.66295e-25)
(0.0290249 -0.000181726 5.6475e-25)
(0.0290833 -0.0001777 0)
(0.0291374 -0.000173268 -3.76449e-24)
(0.0291867 -0.000168467 8.31113e-24)
(0.0292312 -0.000163324 -1.62674e-22)
(0.0292706 -0.00015788 1.8157e-22)
(0.0293048 -0.000152167 -2.03616e-22)
(0.0293335 -0.000146214 -2.31573e-22)
(0.0293566 -0.000140055 2.50514e-22)
(0.029374 -0.000133708 -2.60943e-22)
(0.0293855 -0.000127194 2.77187e-22)
(0.029391 -0.000120534 0)
(0.0293902 -0.000113739 0)
(0.0293832 -0.000106805 3.36925e-22)
(0.0293696 -9.97439e-05 -6.74309e-22)
(0.0293495 -9.25036e-05 6.70795e-22)
(0.0293225 -8.51215e-05 6.83542e-22)
(0.0292886 -7.74733e-05 -6.91952e-22)
(0.0281583 -0.000190745 6.42215e-25)
(0.0282509 -0.000195467 0)
(0.0283429 -0.000199489 1.39228e-24)
(0.0284339 -0.000202819 8.3191e-23)
(0.0285238 -0.000205457 -3.79001e-23)
(0.0286123 -0.000207412 -6.71932e-23)
(0.0286991 -0.000208693 0)
(0.028784 -0.00020931 -5.00875e-23)
(0.0288667 -0.00020928 -8.33801e-23)
(0.028947 -0.000208611 3.53423e-23)
(0.0290246 -0.000207318 -3.2162e-24)
(0.0290993 -0.000205432 -3.36243e-23)
(0.0291708 -0.000202971 -1.99316e-23)
(0.0292388 -0.000199966 3.63129e-25)
(0.0293033 -0.000196446 0)
(0.0293639 -0.000192431 0)
(0.0294204 -0.000187964 -2.7568e-24)
(0.0294726 -0.00018307 2.74624e-24)
(0.0295203 -0.000177789 1.25604e-22)
(0.0295633 -0.000172149 1.48791e-22)
(0.0296015 -0.000166195 -1.65199e-22)
(0.0296345 -0.000159959 3.77894e-22)
(0.0296623 -0.000153471 2.11143e-22)
(0.0296847 -0.000146767 1.48799e-23)
(0.0297015 -0.000139866 -1.48466e-23)
(0.0297126 -0.000132792 2.61743e-22)
(0.0297178 -0.000125564 0)
(0.029717 -0.000118195 5.76688e-22)
(0.02971 -0.000110682 0)
(0.0296968 -0.000103033 1.216e-21)
(0.029677 -9.51973e-05 -6.13791e-22)
(0.0296506 -8.72084e-05 -6.25288e-22)
(0.0296173 -7.8943e-05 -2.03162e-23)
(0.0285015 -0.000204444 -4.23423e-25)
(0.028591 -0.000209231 7.21874e-25)
(0.0286799 -0.000213274 -7.19342e-25)
(0.028768 -0.000216583 -3.98745e-23)
(0.0288549 -0.000219161 0)
(0.0289405 -0.000221017 6.33052e-23)
(0.0290245 -0.000222161 0)
(0.0291067 -0.000222602 4.71814e-23)
(0.0291868 -0.00022236 3.92879e-23)
(0.0292646 -0.000221444 -6.30579e-23)
(0.0293398 -0.000219872 4.784e-23)
(0.0294122 -0.000217674 0)
(0.0294815 -0.000214873 0)
(0.0295477 -0.000211499 -4.20004e-24)
(0.0296103 -0.000207583 -8.13877e-26)
(0.0296692 -0.000203149 0)
(0.0297242 -0.000198238 0)
(0.029775 -0.00019288 0)
(0.0298216 -0.000187116 -2.36819e-22)
(0.0298636 -0.000180978 0)
(0.0299008 -0.00017451 -1.61453e-22)
(0.0299332 -0.000167747 -1.80874e-22)
(0.0299605 -0.000160721 1.30173e-23)
(0.0299826 -0.000153468 -2.15704e-22)
(0.0299993 -0.00014601 -1.40239e-23)
(0.0300104 -0.000138371 -2.62904e-22)
(0.0300159 -0.000130572 1.58559e-23)
(0.0300155 -0.000122625 -5.44692e-22)
(0.030009 -0.000114527 0)
(0.0299965 -0.000106285 -5.84361e-22)
(0.0299776 -9.78495e-05 1.89487e-23)
(0.0299522 -8.92481e-05 -6.31449e-22)
(0.0299201 -8.03598e-05 -6.01879e-22)
(0.0288085 -0.000218213 9.70483e-28)
(0.0288952 -0.000223063 1.07015e-23)
(0.0289813 -0.000227126 6.78986e-25)
(0.0290667 -0.000230415 0)
(0.029151 -0.000232932 0)
(0.0292341 -0.000234687 0)
(0.0293157 -0.000235692 5.21271e-23)
(0.0293955 -0.000235958 4.19999e-23)
(0.0294734 -0.000235503 2.54614e-24)
(0.029549 -0.000234339 1.63664e-24)
(0.0296222 -0.000232488 -1.63253e-24)
(0.0296927 -0.000229979 0)
(0.0297604 -0.000226835 0)
(0.0298249 -0.000223092 0)
(0.0298861 -0.000218778 0)
(0.0299437 -0.000213922 0)
(0.0299976 -0.000208566 -6.94582e-23)
(0.0300475 -0.000202743 -8.75511e-23)
(0.0300932 -0.000196494 2.27492e-22)
(0.0301346 -0.000189855 -3.8153e-24)
(0.0301715 -0.000182871 2.99778e-22)
(0.0302036 -0.000175577 1.76215e-22)
(0.0302308 -0.000168009 -2.00951e-22)
(0.030253 -0.000160204 6.13562e-22)
(0.0302699 -0.000152184 1.32631e-23)
(0.0302815 -0.000143976 0)
(0.0302875 -0.000135601 0)
(0.0302879 -0.000127071 0)
(0.0302824 -0.000118383 5.36886e-22)
(0.0302709 -0.000109543 1.75523e-23)
(0.0302533 -0.000100502 -1.75482e-23)
(0.0302293 -9.12816e-05 -9.21253e-25)
(0.0301988 -8.1764e-05 5.88872e-22)
(0.0290821 -0.000232079 -1.07977e-24)
(0.0291663 -0.000236992 -9.7414e-24)
(0.02925 -0.000241077 3.86343e-23)
(0.029333 -0.000244346 -3.55665e-23)
(0.029415 -0.000246803 -1.87996e-24)
(0.0294959 -0.000248459 5.83124e-23)
(0.0295754 -0.000249326 -4.91434e-23)
(0.0296532 -0.000249416 4.20897e-23)
(0.0297292 -0.000248749 -7.00088e-23)
(0.0298031 -0.000247338 5.61657e-23)
(0.0298747 -0.000245207 1.12425e-24)
(0.0299437 -0.000242386 -1.12181e-24)
(0.03001 -0.000238901 0)
(0.0300733 -0.000234787 0)
(0.0301334 -0.000230075 1.70558e-23)
(0.0301901 -0.000224796 1.62675e-24)
(0.0302432 -0.000218993 -1.795e-24)
(0.0302925 -0.000212701 8.48899e-23)
(0.0303378 -0.000205965 2.28629e-25)
(0.0303789 -0.000198822 -1.25565e-22)
(0.0304156 -0.000191317 9.84474e-24)
(0.0304478 -0.000183489 -1.71159e-22)
(0.0304752 -0.000175375 1.78168e-22)
(0.0304978 -0.000167012 -7.75202e-22)
(0.0305153 -0.000158427 -1.34317e-23)
(0.0305277 -0.000149645 1.342e-23)
(0.0305346 -0.000140688 0)
(0.0305361 -0.000131569 0)
(0.0305319 -0.000122286 -5.08238e-22)
(0.0305218 -0.000112842 0)
(0.0305058 -0.000103189 5.40483e-22)
(0.0304835 -9.33428e-05 5.50887e-22)
(0.0304549 -8.31889e-05 1.7581e-23)
(0.029325 -0.00024607 6.89445e-25)
(0.029407 -0.00025105 -2.03028e-23)
(0.0294885 -0.00025516 -3.70387e-23)
(0.0295695 -0.000258411 3.35398e-23)
(0.0296496 -0.00026081 1.77497e-24)
(0.0297286 -0.000262368 -5.34312e-23)
(0.0298063 -0.000263099 -1.55471e-24)
(0.0298825 -0.000263015 -7.93061e-23)
(0.0299569 -0.000262137 6.60274e-23)
(0.0300293 -0.000260481 -5.44333e-23)
(0.0300996 -0.000258071 -3.87384e-23)
(0.0301674 -0.000254938 0)
(0.0302326 -0.000251111 -3.07983e-23)
(0.030295 -0.000246624 6.93612e-24)
(0.0303543 -0.000241512 1.25377e-25)
(0.0304104 -0.000235808 0)
(0.030463 -0.000229555 5.97825e-23)
(0.030512 -0.000222793 2.82383e-24)
(0.0305571 -0.000215566 -1.02712e-22)
(0.0305982 -0.000207914 1.18547e-22)
(0.0306351 -0.000199885 -1.36233e-22)
(0.0306676 -0.000191518 2.96432e-22)
(0.0306956 -0.000182852 1.0052e-23)
(0.0307188 -0.000173927 3.66662e-22)
(0.0307372 -0.00016477 0)
(0.0307505 -0.000155408 -4.33479e-22)
(0.0307587 -0.000145864 1.34739e-23)
(0.0307615 -0.00013615 0)
(0.0307588 -0.000126264 4.98291e-22)
(0.0307504 -0.00011621 -5.14734e-22)
(0.0307362 -0.000105938 -1.02554e-21)
(0.030716 -9.54586e-05 -3.29913e-23)
(0.0295396 -0.000260223 -6.5035e-25)
(0.0296196 -0.000265273 1.85767e-23)
(0.0296994 -0.00026941 1.61602e-24)
(0.0297786 -0.000272648 -1.0403e-24)
(0.029857 -0.000274992 5.51851e-23)
(0.0299344 -0.000276455 5.20002e-23)
(0.0300107 -0.000277051 -4.38676e-23)
(0.0300854 -0.000276794 2.14813e-24)
(0.0301586 -0.000275707 -2.14225e-24)
(0.0302299 -0.000273806 -5.14298e-23)
(0.0302991 -0.000271117 3.82992e-23)
(0.030366 -0.000267673 2.26872e-24)
(0.0304304 -0.000263502 2.78031e-23)
(0.0304921 -0.000258641 -6.546e-24)
(0.0305509 -0.000253127 -1.52978e-23)
(0.0306066 -0.000246994 0)
(0.030659 -0.00024029 0)
(0.0307079 -0.000233052 0)
(0.0307531 -0.00022533 9.48246e-23)
(0.0307944 -0.000217165 0)
(0.0308317 -0.000208605 0)
(0.0308648 -0.000199693 -2.99152e-22)
(0.0308934 -0.00019047 -3.10614e-22)
(0.0309175 -0.000180976 3.48076e-22)
(0.0309369 -0.00017124 1.20554e-23)
(0.0309515 -0.000161292 3.85298e-22)
(0.030961 -0.000151152 4.20266e-22)
(0.0309654 -0.000140836 0)
(0.0309644 -0.000130341 -9.44899e-22)
(0.0309579 -0.000119668 5.02332e-22)
(0.0309458 -0.00010877 4.86535e-22)
(0.0309277 -9.76492e-05 4.98305e-22)
(0.0297281 -0.000274572 -3.19122e-25)
(0.0298065 -0.000279696 -1.8126e-23)
(0.0298847 -0.000283866 -9.86705e-25)
(0.0299624 -0.000287093 9.83044e-25)
(0.0300394 -0.000289385 -5.20691e-23)
(0.0301155 -0.000290756 -4.90706e-23)
(0.0301905 -0.00029122 4.38008e-23)
(0.0302642 -0.000290792 -4.42621e-24)
(0.0303363 -0.000289496 2.02399e-24)
(0.0304067 -0.00028735 4.8547e-23)
(0.0304751 -0.000284383 -1.29657e-24)
(0.0305413 -0.000280625 0)
(0.0306052 -0.000276109 -2.73193e-23)
(0.0306665 -0.000270872 5.96865e-24)
(0.030725 -0.000264952 1.47248e-23)
(0.0307805 -0.000258388 1.38311e-24)
(0.0308328 -0.000251226 5.91636e-25)
(0.0308818 -0.000243509 -7.03015e-24)
(0.0309272 -0.000235285 -1.74374e-22)
(0.030969 -0.0002266 -2.06056e-22)
(0.0310068 -0.000217503 2.29754e-22)
(0.0310405 -0.00020804 8.11062e-24)
(0.0310701 -0.000198251 3.02671e-22)
(0.0310952 -0.000188181 7.8803e-25)
(0.0311158 -0.000177859 3.54705e-22)
(0.0311317 -0.000167315 0)
(0.0311427 -0.000156573 -3.97802e-22)
(0.0311488 -0.000145646 -2.6608e-23)
(0.0311497 -0.000134533 8.95965e-22)
(0.0311452 -0.000123233 0)
(0.0311353 -0.0001117 4.34004e-22)
(0.0311196 -9.99291e-05 -4.43268e-22)
(0.0298927 -0.000289153 2.79719e-25)
(0.0299697 -0.000294356 7.17372e-25)
(0.0300465 -0.000298563 -1.02186e-24)
(0.030123 -0.000301784 0)
(0.0301988 -0.000304027 0)
(0.0302738 -0.000305308 4.75953e-23)
(0.0303478 -0.000305641 -2.62355e-24)
(0.0304206 -0.000305044 6.69651e-23)
(0.0304919 -0.00030354 0)
(0.0305616 -0.000301149 0)
(0.0306294 -0.000297901 3.38397e-23)
(0.0306951 -0.000293828 0)
(0.0307586 -0.000288964 2.58111e-23)
(0.0308196 -0.000283347 -5.5044e-24)
(0.030878 -0.000277018 -1.40396e-23)
(0.0309335 -0.000270017 0)
(0.0309859 -0.000262392 5.11321e-23)
(0.0310352 -0.000254188 -6.85568e-23)
(0.031081 -0.000245456 2.55351e-22)
(0.0311232 -0.000236244 4.10504e-22)
(0.0311617 -0.000226602 -6.0727e-24)
(0.0311963 -0.000216578 0)
(0.0312268 -0.000206215 2.78381e-22)
(0.0312531 -0.000195559 6.51171e-26)
(0.031275 -0.000184642 -3.36334e-22)
(0.0312923 -0.000173494 1.08445e-23)
(0.031305 -0.000162139 -3.78393e-22)
(0.0313128 -0.000150593 0)
(0.0313156 -0.000138853 -4.12215e-22)
(0.0313133 -0.000126917 -4.00745e-22)
(0.0313057 -0.00011474 -1.34664e-21)
(0.0312925 -0.000102308 0)
(0.0300352 -0.000304 -2.08665e-26)
(0.030111 -0.000309289 1.68967e-23)
(0.0301867 -0.000313536 -3.14759e-23)
(0.0302621 -0.000316754 8.79554e-25)
(0.030337 -0.000318952 0)
(0.0304111 -0.000320145 -8.50271e-23)
(0.0304843 -0.000320349 0)
(0.0305564 -0.000319583 -6.32787e-23)
(0.0306271 -0.00031787 0)
(0.0306962 -0.000315234 0)
(0.0307636 -0.000311703 -3.19864e-23)
(0.030829 -0.000307312 -1.06553e-24)
(0.0308922 -0.000302095 1.06426e-24)
(0.0309531 -0.000296094 0)
(0.0310115 -0.00028935 0)
(0.0310671 -0.000281906 -1.24806e-24)
(0.0311198 -0.000273811 -4.35459e-23)
(0.0311694 -0.000265113 1.86936e-22)
(0.0312157 -0.000255864 -1.56621e-22)
(0.0312586 -0.000246115 -1.97662e-22)
(0.0312979 -0.000235918 -2.1335e-22)
(0.0313333 -0.000225324 0)
(0.0313649 -0.000214378 -2.72288e-22)
(0.0313924 -0.000203126 -2.96198e-22)
(0.0314156 -0.000191603 3.19432e-22)
(0.0314345 -0.00017984 0)
(0.0314488 -0.000167863 3.35386e-22)
(0.0314585 -0.000155686 4.69756e-23)
(0.0314633 -0.000143309 -2.40341e-23)
(0.0314632 -0.000130726 4.31176e-22)
(0.0314579 -0.000117894 1.64579e-21)
(0.0314472 -0.000104793 -8.29443e-22)
(0.0301574 -0.000319148 -2.50716e-25)
(0.0302322 -0.000324527 2.49743e-25)
(0.030307 -0.000328819 2.63388e-23)
(0.0303815 -0.000332037 5.39889e-23)
(0.0304556 -0.000334192 -1.5015e-24)
(0.030529 -0.000335299 1.20832e-22)
(0.0306016 -0.000335375 -2.0359e-24)
(0.030673 -0.00033444 2.03049e-24)
(0.0307433 -0.000332518 0)
(0.030812 -0.000329633 -3.9989e-23)
(0.0308791 -0.000325817 1.59457e-24)
(0.0309443 -0.000321103 -1.59227e-24)
(0.0310075 -0.00031553 2.28212e-23)
(0.0310684 -0.000309138 0)
(0.0311269 -0.000301973 0)
(0.0311827 -0.000294077 2.99179e-23)
(0.0312357 -0.000285504 3.37595e-24)
(0.0312858 -0.000276303 -2.50424e-22)
(0.0313327 -0.000266528 0)
(0.0313762 -0.000256232 -1.82375e-22)
(0.0314163 -0.00024547 6.94062e-24)
(0.0314528 -0.000234294 -2.42168e-22)
(0.0314854 -0.000222752 0)
(0.0315142 -0.000210893 2.82239e-22)
(0.0315388 -0.000198752 -6.06057e-22)
(0.0315592 -0.000186363 -3.02524e-22)
(0.0315752 -0.000173751 1.05777e-24)
(0.0315868 -0.000160933 -7.38118e-22)
(0.0315936 -0.000147907 7.70124e-22)
(0.0315957 -0.000134667 -7.96926e-22)
(0.0315928 -0.000121169 -7.9359e-22)
(0.0315846 -0.000107387 8.12151e-22)
(0.0302608 -0.000334628 -2.37782e-25)
(0.0303348 -0.000340101 2.36876e-25)
(0.0304088 -0.000344443 -2.50327e-23)
(0.0304827 -0.000347664 -5.11146e-23)
(0.0305561 -0.000349778 3.96943e-24)
(0.030629 -0.0003508 -7.88473e-23)
(0.030701 -0.000350748 6.65981e-23)
(0.0307721 -0.000349643 5.6882e-23)
(0.030842 -0.00034751 -4.73072e-23)
(0.0309105 -0.000344374 1.11575e-22)
(0.0309774 -0.000340268 2.07722e-24)
(0.0310425 -0.000335228 0)
(0.0311057 -0.000329291 -2.16177e-23)
(0.0311667 -0.000322503 0)
(0.0312254 -0.000314907 1.2468e-23)
(0.0312815 -0.000306552 -5.69248e-23)
(0.031335 -0.000297491 -8.81896e-23)
(0.0313855 -0.000287776 -6.37357e-25)
(0.031433 -0.000277463 -4.99289e-24)
(0.0314774 -0.000266609 3.45538e-22)
(0.0315183 -0.000255269 -1.93554e-22)
(0.0315558 -0.000243499 2.2293e-22)
(0.0315896 -0.000231349 -2.54874e-22)
(0.0316196 -0.000218869 -2.59488e-22)
(0.0316456 -0.000206098 2.87709e-22)
(0.0316676 -0.00019307 3.06463e-22)
(0.0316853 -0.000179811 -2.07455e-23)
(0.0316987 -0.000166338 1.38146e-21)
(0.0317076 -0.000152651 -7.0794e-22)
(0.0317119 -0.000138742 7.33407e-22)
(0.0317113 -0.000124567 2.38908e-23)
(0.0303471 -0.00035047 -2.25858e-25)
(0.0304204 -0.000356042 -1.27909e-23)
(0.0304937 -0.000360436 2.44072e-23)
(0.030567 -0.000363664 4.57829e-23)
(0.0306399 -0.000365738 0)
(0.0307123 -0.000366676 -7.25965e-23)
(0.030784 -0.000366496 -1.26397e-22)
(0.0308548 -0.000365219 -1.09498e-22)
(0.0309245 -0.000362872 4.89376e-23)
(0.0309928 -0.000359482 -7.44006e-23)
(0.0310597 -0.000355081 -5.43174e-23)
(0.0311248 -0.000349708 8.98279e-25)
(0.0311881 -0.000343402 1.89809e-23)
(0.0312493 -0.000336208 3.77818e-25)
(0.0313082 -0.000328174 1.4493e-24)
(0.0313647 -0.000319349 2.58915e-23)
(0.0314186 -0.000309789 8.36568e-23)
(0.0314698 -0.000299548 1.07961e-22)
(0.031518 -0.000288686 -1.35722e-22)
(0.0315631 -0.00027726 -1.64672e-22)
(0.031605 -0.000265329 1.89159e-22)
(0.0316434 -0.000252952 -6.99376e-24)
(0.0316784 -0.00024018 2.25904e-22)
(0.0317096 -0.000227065 1.53113e-23)
(0.0317371 -0.000213649 1.77059e-23)
(0.0317606 -0.000199968 -1.77218e-23)
(0.0317801 -0.000186048 0)
(0.0317953 -0.000171907 -6.46812e-22)
(0.0318062 -0.000157546 2.14571e-23)
(0.0318126 -0.000142955 -2.15143e-23)
(0.0318144 -0.00012809 -7.21843e-22)
(0.0304174 -0.0003667 8.9493e-25)
(0.0304901 -0.000372375 1.23557e-23)
(0.030563 -0.000376825 7.8534e-25)
(0.0306358 -0.000380062 1.38205e-24)
(0.0307083 -0.000382098 -1.28718e-24)
(0.0307804 -0.000382952 6.89486e-23)
(0.0308518 -0.000382643 1.20236e-22)
(0.0309224 -0.000381193 5.13034e-23)
(0.0309919 -0.000378629 8.7785e-23)
(0.0310602 -0.000374979 -2.39851e-24)
(0.031127 -0.000370278 5.16098e-23)
(0.0311923 -0.000364565 3.43038e-23)
(0.0312557 -0.000357882 -1.80394e-23)
(0.0313172 -0.000350274 -3.53973e-25)
(0.0313764 -0.000341791 -1.14463e-23)
(0.0314334 -0.000332486 -2.07636e-24)
(0.0314878 -0.000322415 -7.56907e-23)
(0.0315396 -0.000311636 -2.92989e-24)
(0.0315885 -0.00030021 1.32695e-22)
(0.0316344 -0.000288199 0)
(0.0316772 -0.000275663 -1.81455e-22)
(0.0317167 -0.000262662 0)
(0.0317528 -0.000249253 1.46107e-23)
(0.0317854 -0.000235489 -1.46107e-23)
(0.0318143 -0.000221412 -5.07944e-22)
(0.0318393 -0.000207063 -3.48164e-23)
(0.0318605 -0.000192468 -5.72474e-22)
(0.0318775 -0.000177645 -1.96987e-23)
(0.0318904 -0.000162595 4.02132e-23)
(0.0318989 -0.000147309 -2.05217e-23)
(0.031903 -0.000131739 6.85967e-22)
(0.0304729 -0.000383343 -8.51161e-25)
(0.0305452 -0.000389127 0)
(0.0306176 -0.000393636 1.3665e-24)
(0.0306901 -0.000396883 -8.43455e-23)
(0.0307623 -0.000398882 -7.44234e-23)
(0.0308341 -0.000399652 1.92535e-24)
(0.0309054 -0.000399212 -1.18174e-22)
(0.0309758 -0.000397586 4.45871e-24)
(0.0310453 -0.000394801 -2.74212e-24)
(0.0311136 -0.000390887 0)
(0.0311806 -0.00038588 4.90274e-23)
(0.031246 -0.00037982 6.92793e-25)
(0.0313096 -0.00037275 -8.03733e-25)
(0.0313714 -0.000364718 -3.0737e-24)
(0.0314311 -0.000355776 -1.14056e-24)
(0.0314885 -0.000345978 -8.5798e-25)
(0.0315435 -0.000335384 7.88065e-23)
(0.0315959 -0.000324053 -3.60276e-24)
(0.0316455 -0.000312049 7.94929e-24)
(0.0316923 -0.000299437 -4.34655e-24)
(0.0317361 -0.00028628 1.66986e-22)
(0.0317766 -0.000272641 -1.89053e-22)
(0.0318139 -0.000258578 0)
(0.0318478 -0.000244148 -4.5174e-22)
(0.031878 -0.000229396 4.84454e-22)
(0.0319046 -0.000214362 5.51422e-22)
(0.0319274 -0.000199075 1.09111e-21)
(0.0319463 -0.000183555 -7.80251e-25)
(0.0319611 -0.000167802 1.88677e-23)
(0.0319717 -0.000151806 -2.02024e-23)
(0.031978 -0.000135518 4.0989e-23)
(0.0305147 -0.000400423 -8.15419e-25)
(0.0305866 -0.000406318 0)
(0.0306587 -0.000410889 -4.38448e-23)
(0.0307309 -0.000414149 7.92856e-23)
(0.0308029 -0.000416112 7.30519e-23)
(0.0308746 -0.000416797 -2.08865e-24)
(0.0309457 -0.000416224 5.46792e-23)
(0.0310161 -0.000414419 0)
(0.0310856 -0.000411408 -7.75603e-23)
(0.031154 -0.000407225 0)
(0.0312211 -0.000401905 -4.67681e-23)
(0.0312867 -0.00039549 -3.25833e-23)
(0.0313507 -0.000388024 1.77589e-23)
(0.0314128 -0.000379558 8.07698e-24)
(0.0314729 -0.000370145 2.5572e-25)
(0.0315309 -0.000359842 -4.89582e-23)
(0.0315865 -0.00034871 0)
(0.0316396 -0.000336813 3.4612e-24)
(0.03169 -0.000324216 1.19386e-22)
(0.0317377 -0.000310988 1.45299e-22)
(0.0317824 -0.000297193 1.77651e-22)
(0.031824 -0.000282898 1.74775e-22)
(0.0318625 -0.000268165 0)
(0.0318976 -0.000253051 4.30734e-22)
(0.0319293 -0.000237606 2.99388e-23)
(0.0319574 -0.000221871 -5.08552e-22)
(0.0319818 -0.000205877 -1.39172e-23)
(0.0320025 -0.000189643 1.80235e-23)
(0.0320192 -0.000173171 -1.80644e-23)
(0.0320319 -0.00015645 1.93402e-23)
(0.0320403 -0.00013943 -1.93781e-23)
(0.0305437 -0.00041796 1.15384e-24)
(0.0306152 -0.000423971 -3.73734e-25)
(0.0306871 -0.000428606 4.06377e-23)
(0.0307591 -0.00043188 1.33356e-24)
(0.030831 -0.000433807 0)
(0.0309026 -0.000434406 6.02111e-23)
(0.0309737 -0.000433699 0)
(0.0310441 -0.00043171 0)
(0.0311137 -0.00042847 -2.08672e-24)
(0.0311822 -0.000424011 3.70709e-24)
(0.0312495 -0.000418371 4.29285e-23)
(0.0313154 -0.000411592 0)
(0.0313797 -0.000403721 -1.62474e-23)
(0.0314422 -0.000394809 -1.00861e-23)
(0.0315028 -0.000384913 2.21414e-23)
(0.0315613 -0.000374092 4.68021e-23)
(0.0316176 -0.000362408 0)
(0.0316714 -0.000349929 -9.5752e-23)
(0.0317226 -0.000336724 -1.17426e-22)
(0.0317712 -0.000322861 -1.38889e-22)
(0.0318169 -0.000308412 -1.59273e-22)
(0.0318596 -0.000293444 3.59302e-22)
(0.0318992 -0.000278023 -1.28665e-23)
(0.0319356 -0.000262208 -4.17098e-22)
(0.0319687 -0.000246051 4.61909e-22)
(0.0319983 -0.000229597 0)
(0.0320244 -0.000212878 -5.16381e-22)
(0.0320468 -0.000195914 0)
(0.0320654 -0.000178708 0)
(0.0320801 -0.000161246 -5.87143e-22)
(0.0305605 -0.000435972 0)
(0.0306319 -0.000442102 0)
(0.0307036 -0.000446805 0)
(0.0307754 -0.000450094 -3.64001e-23)
(0.0308472 -0.000451985 0)
(0.0309188 -0.000452497 1.02482e-25)
(0.0309899 -0.000451653 0)
(0.0310604 -0.000449478 2.45218e-24)
(0.0311301 -0.000446004 -4.48694e-25)
(0.0311989 -0.000441262 -3.54982e-24)
(0.0312664 -0.000435294 -4.11415e-23)
(0.0313326 -0.000428142 0)
(0.0313973 -0.000419855 5.42862e-25)
(0.0314603 -0.000410487 3.65704e-24)
(0.0315214 -0.000400095 1.96358e-24)
(0.0315805 -0.000388741 4.51925e-23)
(0.0316374 -0.000376491 0)
(0.031692 -0.000363415 -4.12123e-24)
(0.0317441 -0.000349583 -1.1114e-22)
(0.0317935 -0.00033507 -1.26012e-22)
(0.0318402 -0.000319948 -9.01415e-24)
(0.031884 -0.000304289 -3.44186e-22)
(0.0319249 -0.00028816 3.69057e-22)
(0.0319626 -0.000271626 9.92137e-24)
(0.0319971 -0.00025474 -4.42323e-22)
(0.0320282 -0.000237549 -4.58149e-22)
(0.0320559 -0.000220087 -5.14693e-22)
(0.0320801 -0.000202376 0)
(0.0321006 -0.000184418 -3.45599e-23)
(0.0321172 -0.0001662 5.96388e-22)
(0.0305659 -0.000454476 0)
(0.0306371 -0.000460729 0)
(0.0307087 -0.000465502 0)
(0.0307805 -0.000468807 0)
(0.0308522 -0.000470662 6.47291e-23)
(0.0309238 -0.000471086 -1.14539e-22)
(0.030995 -0.000470102 -4.67311e-23)
(0.0310657 -0.000467738 0)
(0.0311356 -0.000464023 0)
(0.0312045 -0.000458993 0)
(0.0312724 -0.000452688 -4.07779e-23)
(0.031339 -0.000445154 -2.74117e-23)
(0.0314041 -0.000436441 0)
(0.0314675 -0.000426604 3.16679e-24)
(0.0315292 -0.000415703 -2.07599e-23)
(0.0315889 -0.000403803 -4.61766e-23)
(0.0316466 -0.000390971 1.75459e-24)
(0.0317019 -0.000377281 9.21114e-23)
(0.0317549 -0.000362807 1.1424e-22)
(0.0318053 -0.000347625 -8.60323e-24)
(0.031853 -0.000331812 0)
(0.031898 -0.000315442 0)
(0.03194 -0.000298587 -3.54246e-22)
(0.031979 -0.000281314 3.85689e-22)
(0.0320149 -0.00026368 0)
(0.0320476 -0.000245734 4.5419e-22)
(0.0320769 -0.000227511 4.79267e-22)
(0.0321028 -0.000209035 -4.72998e-22)
(0.0321252 -0.000190309 4.93819e-22)
(0.0321438 -0.000171318 0)
(0.0305605 -0.000473485 -1.72767e-24)
(0.0306315 -0.000479865 2.08406e-23)
(0.030703 -0.00048471 -1.11435e-24)
(0.0307747 -0.000488033 3.29812e-23)
(0.0308465 -0.000489852 -5.85258e-23)
(0.0309182 -0.000490186 -8.95281e-26)
(0.0309895 -0.00048906 4.38557e-23)
(0.0310603 -0.000486501 8.20836e-23)
(0.0311304 -0.000482541 0)
(0.0311997 -0.000477216 0)
(0.0312679 -0.000470567 3.9274e-23)
(0.0313349 -0.000462642 2.64023e-23)
(0.0314004 -0.000453491 -4.69333e-25)
(0.0314644 -0.000443173 -4.98159e-24)
(0.0315267 -0.00043175 2.03969e-23)
(0.0315871 -0.000419288 1.0144e-24)
(0.0316455 -0.000405859 0)
(0.0317016 -0.000391539 -9.36992e-23)
(0.0317555 -0.000376404 1.06584e-22)
(0.0318069 -0.000360535 1.41688e-22)
(0.0318557 -0.000344012 2.91724e-22)
(0.0319018 -0.000326913 -9.57494e-24)
(0.0319451 -0.000309313 1.16071e-23)
(0.0319854 -0.000291282 -3.99445e-22)
(0.0320228 -0.000272881 -1.33685e-23)
(0.032057 -0.00025416 2.75223e-23)
(0.032088 -0.000235158 4.67244e-22)
(0.0321156 -0.000215899 5.01779e-22)
(0.0321398 -0.000196388 -5.04431e-22)
(0.0321605 -0.000176609 -6.55235e-23)
(0.0305445 -0.000493012 -4.21466e-27)
(0.0306155 -0.000499522 -1.97844e-23)
(0.0306869 -0.000504441 3.62231e-23)
(0.0307587 -0.000507783 -3.269e-23)
(0.0308305 -0.000509566 5.86538e-23)
(0.0309023 -0.00050981 1.03549e-22)
(0.0309737 -0.000508539 9.00739e-23)
(0.0310448 -0.000505781 -7.66418e-23)
(0.0311151 -0.00050157 -1.78094e-24)
(0.0311847 -0.000495943 1.77864e-24)
(0.0312533 -0.000488942 -1.96503e-24)
(0.0313207 -0.000480615 1.96355e-24)
(0.0313868 -0.000471017 2.59253e-23)
(0.0314514 -0.000460206 1.88436e-24)
(0.0315143 -0.000448246 -2.06751e-23)
(0.0315754 -0.000435209 0)
(0.0316345 -0.000421167 6.51569e-23)
(0.0316915 -0.000406198 9.05182e-23)
(0.0317463 -0.000390386 -1.10005e-22)
(0.0317987 -0.000373812 0)
(0.0318486 -0.000356559 -5.6345e-22)
(0.0318959 -0.000338712 0)
(0.0319404 -0.000320347 0)
(0.0319822 -0.000301538 -2.843e-24)
(0.032021 -0.00028235 -4.17219e-22)
(0.0320568 -0.000262835 4.28754e-22)
(0.0320894 -0.000243036 -4.35967e-22)
(0.0321189 -0.000222977 0)
(0.032145 -0.000202664 -4.62007e-22)
(0.0321676 -0.00018208 -3.12765e-23)
(0.0305184 -0.000513065 1.61771e-24)
(0.0305893 -0.000519709 -1.46328e-24)
(0.0306608 -0.000524705 -3.28481e-23)
(0.0307325 -0.000528067 -2.9244e-24)
(0.0308045 -0.000529814 -5.48754e-23)
(0.0308763 -0.000529965 3.00743e-24)
(0.030948 -0.000528547 -9.01003e-23)
(0.0310193 -0.000525587 -7.20833e-23)
(0.03109 -0.000521119 -6.34453e-23)
(0.0311599 -0.000515183 0)
(0.0312289 -0.000507821 -1.88869e-24)
(0.0312968 -0.000499084 3.02297e-24)
(0.0313634 -0.000489026 -2.54088e-23)
(0.0314286 -0.00047771 -3.97836e-25)
(0.0314922 -0.000465201 0)
(0.031554 -0.000451572 -4.49905e-23)
(0.0316139 -0.000436901 -5.68007e-23)
(0.0316719 -0.000421269 7.94591e-23)
(0.0317276 -0.00040476 0)
(0.031781 -0.000387462 -8.07155e-24)
(0.0318321 -0.000369462 5.58346e-22)
(0.0318806 -0.000350846 -1.00849e-23)
(0.0319265 -0.000331696 1.00721e-23)
(0.0319696 -0.00031209 3.64483e-22)
(0.0320099 -0.000292096 7.84625e-22)
(0.0320473 -0.000271769 -3.88374e-22)
(0.0320817 -0.000251154 -5.48144e-23)
(0.0321129 -0.000230277 2.80853e-23)
(0.032141 -0.000209145 4.76304e-22)
(0.0304824 -0.000533653 -1.29705e-24)
(0.0305533 -0.000540434 -3.04442e-25)
(0.0306247 -0.000545509 -3.51843e-23)
(0.0306966 -0.000548892 2.84309e-24)
(0.0307686 -0.000550602 -1.99036e-25)
(0.0308407 -0.00055066 -4.74925e-23)
(0.0309125 -0.000549091 -2.84402e-24)
(0.0309841 -0.000545925 7.20047e-23)
(0.0310551 -0.000541196 5.78499e-23)
(0.0311254 -0.000534943 4.87178e-23)
(0.0311948 -0.000527213 0)
(0.0312632 -0.000518055 -4.59644e-23)
(0.0313304 -0.000507527 -3.64436e-25)
(0.0313962 -0.000495693 4.30742e-25)
(0.0314605 -0.000482621 -1.00273e-24)
(0.0315232 -0.000468387 4.46915e-23)
(0.031584 -0.000453071 -1.64409e-24)
(0.0316428 -0.000436757 -1.70039e-22)
(0.0316996 -0.000419535 -1.96854e-22)
(0.0317541 -0.000401494 0)
(0.0318063 -0.000382727 -2.68162e-22)
(0.0318561 -0.000363323 0)
(0.0319033 -0.000343369 0)
(0.0319479 -0.000322947 -3.59313e-22)
(0.0319898 -0.000302127 -3.81654e-22)
(0.0320288 -0.000280969 -2.61044e-23)
(0.032065 -0.00025952 5.34903e-23)
(0.0320981 -0.000237808 1.16253e-24)
(0.0321281 -0.000215842 -2.85736e-23)
(0.0304366 -0.00055478 9.152e-25)
(0.0305075 -0.000561701 0)
(0.030579 -0.000566857 3.32227e-23)
(0.0306509 -0.000570263 0)
(0.0307231 -0.000571936 -5.22638e-23)
(0.0307953 -0.000571899 -4.63144e-23)
(0.0308675 -0.000570177 -2.76913e-24)
(0.0309393 -0.0005668 0)
(0.0310107 -0.000561804 5.76975e-23)
(0.0310814 -0.000555229 -4.57826e-23)
(0.0311513 -0.000547121 6.73922e-23)
(0.0312202 -0.000537534 4.47262e-23)
(0.031288 -0.000526526 -2.08712e-23)
(0.0313545 -0.000514161 -4.33416e-26)
(0.0314195 -0.000500513 6.5765e-25)
(0.031483 -0.000485659 -4.07646e-23)
(0.0315447 -0.000469682 -3.26815e-24)
(0.0316045 -0.00045267 8.61531e-23)
(0.0316623 -0.000434716 1.91373e-22)
(0.031718 -0.000415915 -2.34068e-22)
(0.0317714 -0.000396361 0)
(0.0318225 -0.00037615 0)
(0.0318712 -0.000355373 -1.05517e-23)
(0.0319173 -0.000334115 3.59656e-22)
(0.0319607 -0.00031245 0)
(0.0320015 -0.000290444 0)
(0.0320395 -0.000268144 4.47854e-22)
(0.0320745 -0.00024558 -4.94866e-22)
(0.0321066 -0.000222764 9.42644e-22)
(0.0303812 -0.000576448 -9.22464e-25)
(0.0304521 -0.000583513 -2.90314e-25)
(0.0305236 -0.000588752 1.93644e-24)
(0.0305957 -0.000592181 -6.07761e-23)
(0.030668 -0.000593817 1.03547e-22)
(0.0307404 -0.000593683 -4.48746e-23)
(0.0308128 -0.000591806 -7.8081e-23)
(0.030885 -0.000588215 6.58712e-23)
(0.0309567 -0.000582946 -1.13981e-22)
(0.0310279 -0.000576042 -8.39458e-25)
(0.0310983 -0.00056755 -6.33332e-23)
(0.0311678 -0.000557523 -9.83899e-25)
(0.0312362 -0.000546023 2.16612e-23)
(0.0313034 -0.000533117 1.92445e-24)
(0.0313692 -0.00051888 0)
(0.0314335 -0.000503391 8.18773e-23)
(0.0314961 -0.000486737 6.58533e-23)
(0.0315569 -0.000469011 0)
(0.0316158 -0.000450308 0)
(0.0316727 -0.000430727 2.28168e-22)
(0.0317274 -0.000410369 8.64088e-24)
(0.0317799 -0.000389332 -8.62249e-24)
(0.03183 -0.000367713 1.03822e-23)
(0.0318777 -0.0003456 -3.79372e-22)
(0.0319229 -0.000323073 2.22951e-23)
(0.0319654 -0.0003002 0)
(0.0320052 -0.000277032 3.63329e-24)
(0.0320423 -0.000253602 4.28132e-22)
(0.0303162 -0.000598657 -2.72493e-26)
(0.0303871 -0.000605868 1.72075e-23)
(0.0304587 -0.000611192 1.89687e-24)
(0.0305308 -0.000614645 5.5616e-23)
(0.0306033 -0.000616244 -1.02887e-22)
(0.030676 -0.000616013 1.81394e-22)
(0.0307486 -0.000613977 1.57202e-22)
(0.0308211 -0.000610168 -6.85709e-23)
(0.0308933 -0.000604622 5.8313e-23)
(0.0309649 -0.000597382 -1.52975e-24)
(0.0310358 -0.000588497 1.63081e-24)
(0.0311059 -0.000578023 -2.56629e-24)
(0.031175 -0.000566021 9.33368e-25)
(0.0312429 -0.000552562 -1.88179e-24)
(0.0313095 -0.000537721 0)
(0.0313747 -0.000521584 -4.54885e-23)
(0.0314383 -0.000504238 -5.79202e-23)
(0.0315002 -0.000485781 0)
(0.0315602 -0.000466312 1.89693e-22)
(0.0316183 -0.000445935 6.58971e-24)
(0.0316744 -0.000424754 -8.54449e-24)
(0.0317283 -0.000402873 -2.80881e-22)
(0.0317799 -0.000380392 3.16683e-22)
(0.0318292 -0.000357407 6.58479e-22)
(0.0318761 -0.000334 3.87532e-22)
(0.0319205 -0.000310243 -3.87164e-22)
(0.0319624 -0.000286192 -4.0312e-22)
(0.0320015 -0.00026188 0)
(0.0302415 -0.000621404 1.18779e-24)
(0.0303124 -0.000628764 -1.68528e-23)
(0.0303841 -0.000634175 0)
(0.0304563 -0.000637652 0)
(0.030529 -0.000639214 5.04429e-23)
(0.0306019 -0.000638883 -8.891e-23)
(0.0306748 -0.000636687 -7.47998e-23)
(0.0307477 -0.000632656 6.29111e-23)
(0.0308202 -0.000626828 0)
(0.0308923 -0.000619246 -8.14972e-23)
(0.0309638 -0.000609961 -6.49447e-23)
(0.0310345 -0.00059903 -3.81787e-23)
(0.0311042 -0.000586516 8.87076e-25)
(0.0311729 -0.000572492 0)
(0.0312404 -0.000557036 2.54468e-23)
(0.0313065 -0.000540236 -1.04647e-24)
(0.0313711 -0.000522184 -1.25581e-22)
(0.031434 -0.000502981 1.61466e-22)
(0.0314953 -0.000482729 -3.8789e-22)
(0.0315547 -0.000461538 -7.55389e-24)
(0.0316121 -0.000439516 2.65919e-22)
(0.0316675 -0.000416773 -3.66467e-24)
(0.0317208 -0.000393414 -6.43916e-22)
(0.0317718 -0.000369538 -3.14445e-22)
(0.0318205 -0.000345235 3.87672e-24)
(0.0318669 -0.000320579 3.78565e-22)
(0.0319108 -0.000295629 -2.55405e-23)
(0.0319521 -0.000270423 -8.12691e-22)
(0.030157 -0.000644682 -1.1512e-24)
(0.030228 -0.000652193 1.69206e-23)
(0.0302997 -0.000657692 -2.90037e-23)
(0.0303721 -0.000661195 -5.74934e-23)
(0.0304449 -0.000662719 2.91882e-24)
(0.0305181 -0.000662288 -2.91463e-24)
(0.0305913 -0.000659928 -7.33819e-23)
(0.0306645 -0.000655671 -6.61633e-23)
(0.0307374 -0.000649556 0)
(0.03081 -0.000641627 8.23078e-23)
(0.030882 -0.000631935 6.00316e-23)
(0.0309534 -0.000620538 3.8187e-23)
(0.0310238 -0.000607502 0)
(0.0310933 -0.000592902 5.18051e-24)
(0.0311616 -0.000576819 -2.3968e-23)
(0.0312287 -0.000559343 0)
(0.0312943 -0.000540571 1.23344e-22)
(0.0313585 -0.000520605 3.3341e-24)
(0.031421 -0.000499555 1.92045e-22)
(0.0314817 -0.000477533 0)
(0.0315406 -0.000454654 -2.6202e-22)
(0.0315975 -0.000431031 2.8999e-22)
(0.0316525 -0.000406777 6.39484e-22)
(0.0317053 -0.000381995 -3.34443e-22)
(0.0317559 -0.000356779 -3.98782e-22)
(0.0318043 -0.00033121 7.8073e-22)
(0.0318504 -0.000305349 -7.95272e-22)
(0.0300627 -0.000668483 8.37771e-25)
(0.0301336 -0.000676148 4.90571e-26)
(0.0302055 -0.000681736 6.07678e-23)
(0.030278 -0.000685264 5.4787e-23)
(0.030351 -0.00068675 2.87514e-24)
(0.0304244 -0.000686216 -8.64168e-23)
(0.0304979 -0.00068369 7.18915e-23)
(0.0305714 -0.000679204 0)
(0.0306448 -0.000672797 0)
(0.0307179 -0.000664514 -7.97177e-23)
(0.0307905 -0.000654408 0)
(0.0308624 -0.000642537 -3.56382e-23)
(0.0309336 -0.000628971 1.42254e-25)
(0.0310039 -0.000613784 -5.24333e-24)
(0.0310731 -0.000597062 0)
(0.0311412 -0.000578897 9.11379e-23)
(0.0312079 -0.00055939 0)
(0.0312732 -0.000538648 3.54356e-24)
(0.031337 -0.000516783 -6.57184e-24)
(0.0313991 -0.000493915 2.26584e-22)
(0.0314595 -0.000470162 -9.17335e-25)
(0.0315181 -0.000445644 2.83909e-22)
(0.0315748 -0.000420478 1.33826e-23)
(0.0316295 -0.000394774 3.30147e-22)
(0.0316821 -0.000368632 2.27919e-23)
(0.0317327 -0.000342137 -7.42953e-22)
(0.031781 -0.000315353 -5.76732e-23)
(0.0299583 -0.000692796 -1.14681e-24)
(0.0300293 -0.000700614 -1.67372e-23)
(0.0301011 -0.000706293 -3.00044e-23)
(0.0301738 -0.000709846 0)
(0.030247 -0.000711292 -4.8323e-23)
(0.0303206 -0.000710654 8.49052e-23)
(0.0303944 -0.000707959 2.11063e-24)
(0.0304683 -0.00070324 -2.10856e-24)
(0.0305421 -0.000696537 -2.79823e-24)
(0.0306156 -0.000687894 1.59368e-22)
(0.0306888 -0.000677366 1.42022e-24)
(0.0307614 -0.000665014 3.37589e-23)
(0.0308334 -0.000650907 0)
(0.0309045 -0.000635124 7.22839e-24)
(0.0309746 -0.000617751 2.80172e-24)
(0.0310437 -0.000598885 1.08235e-24)
(0.0311115 -0.00057863 1.29723e-22)
(0.0311781 -0.000557097 -1.60679e-22)
(0.0312432 -0.000534404 6.60232e-24)
(0.0313068 -0.000510674 -2.30947e-22)
(0.0313687 -0.000486031 0)
(0.031429 -0.000460603 -2.80623e-22)
(0.0314875 -0.000434511 4.3806e-24)
(0.0315442 -0.000407872 -3.33723e-22)
(0.0315989 -0.00038079 0)
(0.0316517 -0.000353357 -2.38795e-23)
(0.0317024 -0.000325641 8.25148e-22)
(0.0298436 -0.000717605 1.40046e-24)
(0.0299146 -0.000725578 -9.76489e-25)
(0.0299865 -0.000731346 9.75137e-25)
(0.0300593 -0.000734924 0)
(0.0301326 -0.000736329 -2.82509e-26)
(0.0302064 -0.000735584 8.14451e-23)
(0.0302805 -0.000732717 2.43992e-24)
(0.0303548 -0.000727761 -1.72461e-24)
(0.030429 -0.000720756 1.72328e-24)
(0.0305031 -0.000711748 -7.4992e-23)
(0.0305768 -0.000700792 -6.79345e-25)
(0.0306501 -0.00068795 -3.38451e-23)
(0.0307228 -0.000673293 5.54142e-26)
(0.0307947 -0.000656904 -7.15704e-24)
(0.0308658 -0.00063887 -5.61073e-23)
(0.0309359 -0.000619291 -1.90389e-22)
(0.0310049 -0.000598275 -1.28259e-22)
(0.0310727 -0.000575938 0)
(0.0311392 -0.000552402 -1.99232e-22)
(0.0312043 -0.000527796 7.58602e-24)
(0.0312679 -0.00050225 -2.665e-22)
(0.03133 -0.000475896 0)
(0.0313904 -0.000448865 -3.2635e-22)
(0.0314491 -0.000421277 3.27871e-22)
(0.031506 -0.000393245 2.13511e-23)
(0.0315612 -0.000364864 -2.38333e-23)
(0.0297184 -0.000742893 2.65225e-25)
(0.0297894 -0.000751021 -2.64878e-25)
(0.0298614 -0.000756877 2.95728e-23)
(0.0299342 -0.000760478 5.16851e-23)
(0.0300077 -0.000761839 1.43691e-22)
(0.0300817 -0.000760985 -8.07034e-23)
(0.0301561 -0.000757943 -2.41442e-24)
(0.0302307 -0.000752745 -1.69951e-24)
(0.0303054 -0.000745433 1.69832e-24)
(0.0303799 -0.000736053 7.25573e-23)
(0.0304543 -0.000724662 2.00143e-24)
(0.0305282 -0.000711322 6.52711e-25)
(0.0306016 -0.000696108 6.4668e-25)
(0.0306744 -0.000679102 8.17495e-27)
(0.0307465 -0.000660396 5.73737e-23)
(0.0308176 -0.000640093 9.49397e-23)
(0.0308878 -0.000618304 0)
(0.0309569 -0.00059515 0)
(0.0310248 -0.000570758 -4.41672e-24)
(0.0310914 -0.000545262 2.39986e-22)
(0.0311567 -0.000518799 2.57204e-22)
(0.0312206 -0.000491508 2.7921e-22)
(0.031283 -0.000463524 6.04693e-22)
(0.0313439 -0.000434977 4.1528e-23)
(0.0314031 -0.000405985 -2.14012e-23)
(0.0314607 -0.000376649 -2.38477e-23)
(0.0295824 -0.000768641 -1.38899e-24)
(0.0296533 -0.000776921 0)
(0.0297254 -0.000782864 -8.81711e-23)
(0.0297983 -0.000786485 6.12303e-26)
(0.0298719 -0.0007878 -9.40707e-23)
(0.0299462 -0.000786833 0)
(0.0300208 -0.00078361 0)
(0.0300958 -0.000778166 0)
(0.0301708 -0.000770541 0)
(0.0302459 -0.000760784 -7.40504e-23)
(0.0303207 -0.000748949 5.09183e-23)
(0.0303953 -0.000735104 3.12796e-23)
(0.0304695 -0.000719323 -6.05644e-25)
(0.0305432 -0.00070169 -1.24097e-23)
(0.0306162 -0.000682302 -2.54356e-24)
(0.0306884 -0.000661264 6.23014e-24)
(0.0307598 -0.000638691 -3.68165e-24)
(0.0308302 -0.000614708 0)
(0.0308995 -0.000589447 1.93372e-22)
(0.0309678 -0.000563049 1.1616e-23)
(0.0310348 -0.000535657 2.55212e-22)
(0.0311006 -0.000507415 -2.76683e-22)
(0.0311651 -0.000478468 -6.39531e-22)
(0.0312282 -0.000448952 2.01688e-23)
(0.0312898 -0.000418992 -7.15356e-22)
(0.03135 -0.000388695 -2.39215e-23)
(0.0294353 -0.000794825 2.19596e-24)
(0.0295062 -0.000803255 0)
(0.0295782 -0.000809282 -1.10042e-25)
(0.0296512 -0.000812919 -1.0533e-22)
(0.029725 -0.000814184 -2.74243e-24)
(0.0297994 -0.000813098 8.69179e-23)
(0.0298743 -0.000809691 -4.39074e-24)
(0.0299496 -0.000803994 2.0138e-24)
(0.030025 -0.00079605 -2.60533e-24)
(0.0301005 -0.000785907 6.95364e-25)
(0.030176 -0.000773622 -4.99897e-23)
(0.0302512 -0.000759263 1.7814e-24)
(0.0303261 -0.000742906 5.79439e-24)
(0.0304006 -0.000724637 1.23506e-23)
(0.0304746 -0.000704556 6.7971e-23)
(0.0305479 -0.000682771 0)
(0.0306205 -0.000659402 -1.42e-22)
(0.0306922 -0.000634579 1.76285e-22)
(0.0307631 -0.000608438 0)
(0.030833 -0.000581126 -2.3393e-22)
(0.0309018 -0.000552793 -2.62163e-22)
(0.0309696 -0.000523591 0)
(0.0310362 -0.000493671 2.04441e-23)
(0.0311016 -0.000463178 -2.03473e-23)
(0.0311657 -0.000432243 7.09781e-22)
(0.0292767 -0.000821422 -2.59407e-25)
(0.0293476 -0.000829998 -6.96935e-25)
(0.0294196 -0.000836103 1.19572e-22)
(0.0294926 -0.000839751 5.07713e-23)
(0.0295665 -0.00084096 0)
(0.0296411 -0.000839751 -7.91671e-23)
(0.0297162 -0.000836152 -3.62945e-25)
(0.0297918 -0.000830196 -1.9978e-24)
(0.0298676 -0.000821925 9.02752e-23)
(0.0299436 -0.000811388 7.268e-23)
(0.0300196 -0.000798644 -4.77859e-23)
(0.0300955 -0.000783761 -2.59074e-23)
(0.0301711 -0.000766818 -6.17931e-24)
(0.0302465 -0.000747903 -1.51815e-25)
(0.0303214 -0.000727119 -6.49873e-23)
(0.0303958 -0.000704577 -1.12865e-22)
(0.0304695 -0.000680401 1.41532e-22)
(0.0305427 -0.000654725 -1.75667e-22)
(0.030615 -0.000627693 0)
(0.0306866 -0.000599456 2.43448e-22)
(0.0307572 -0.000570172 0)
(0.030827 -0.00054 0)
(0.0308958 -0.000509099 0)
(0.0309636 -0.000477622 0)
(0.0310304 -0.000445709 -2.31828e-23)
(0.0291063 -0.000848405 -8.1064e-25)
(0.0291771 -0.000857121 -3.22273e-23)
(0.0292491 -0.000863299 -5.83835e-23)
(0.0293222 -0.000866952 0)
(0.0293962 -0.000868098 0)
(0.0294709 -0.000866757 2.35268e-24)
(0.0295463 -0.000862958 6.88414e-23)
(0.0296221 -0.000856734 -1.16881e-22)
(0.0296983 -0.000848127 -9.5256e-23)
(0.0297747 -0.000837188 -6.75145e-23)
(0.0298512 -0.000823975 4.88609e-23)
(0.0299277 -0.000808558 2.47559e-23)
(0.0300041 -0.000791017 -2.38248e-24)
(0.0300803 -0.000771446 -2.12561e-25)
(0.0301561 -0.000749946 0)
(0.0302316 -0.000726635 2.24753e-22)
(0.0303066 -0.00070164 0)
(0.030381 -0.000675101 1.85736e-22)
(0.0304549 -0.000647166 0)
(0.0305282 -0.000617994 -2.51063e-22)
(0.0306007 -0.000587749 -2.68753e-22)
(0.0306725 -0.000556599 0)
(0.0307436 -0.00052471 0)
(0.0308139 -0.000492244 -6.97283e-22)
(0.0308834 -0.000459352 7.36607e-22)
(0.0289237 -0.000875748 1.38994e-24)
(0.0289944 -0.000884596 6.45195e-23)
(0.0290664 -0.000890839 -1.73523e-24)
(0.0291395 -0.00089449 -5.07799e-23)
(0.0292136 -0.000895564 9.29373e-23)
(0.0292885 -0.000894082 0)
(0.029364 -0.000890074 -6.92406e-23)
(0.0294402 -0.000883571 1.14962e-22)
(0.0295167 -0.000874618 2.48819e-24)
(0.0295935 -0.000863264 -2.48754e-24)
(0.0296706 -0.00084957 -4.46138e-23)
(0.0297477 -0.000833606 0)
(0.0298247 -0.000815457 2.31989e-24)
(0.0299017 -0.000795215 -6.44179e-25)
(0.0299785 -0.000772987 -7.73768e-23)
(0.030055 -0.000748895 -1.13676e-22)
(0.0301312 -0.000723069 -4.23091e-24)
(0.030207 -0.000695655 -1.92196e-22)
(0.0302824 -0.000666806 6.38507e-24)
(0.0303573 -0.000636689 -2.54503e-22)
(0.0304318 -0.000605474 -2.98059e-22)
(0.0305057 -0.000573337 9.12139e-24)
(0.0305791 -0.000540455 0)
(0.030652 -0.000506998 6.95976e-22)
(0.0287284 -0.000903425 -1.1047e-24)
(0.0287991 -0.000912396 -3.33147e-23)
(0.028871 -0.000918695 9.64503e-25)
(0.0289441 -0.000922332 1.05239e-22)
(0.0290183 -0.000923324 -9.17681e-23)
(0.0290933 -0.000921691 -1.35925e-24)
(0.0291691 -0.000917461 -1.96546e-24)
(0.0292455 -0.000910667 1.96493e-24)
(0.0293224 -0.000901354 1.22622e-24)
(0.0293996 -0.000889572 -1.22598e-24)
(0.0294772 -0.000875383 4.37091e-23)
(0.0295548 -0.000858859 1.01995e-24)
(0.0296326 -0.000840085 0)
(0.0297104 -0.000819159 -4.58249e-23)
(0.029788 -0.000796189 8.15867e-23)
(0.0298656 -0.0007713 4.43163e-24)
(0.029943 -0.00074463 -4.40915e-24)
(0.0300201 -0.000716327 0)
(0.030097 -0.000686552 -2.30569e-22)
(0.0301736 -0.000655479 -6.30633e-24)
(0.03025 -0.000623284 1.14524e-21)
(0.030326 -0.000590155 0)
(0.0304018 -0.000556275 -7.00341e-22)
(0.0304773 -0.000521825 -6.99901e-22)
(0.02852 -0.00093141 1.40502e-24)
(0.0285906 -0.000940494 9.69813e-25)
(0.0286625 -0.000946837 -9.60248e-26)
(0.0287357 -0.00095045 -5.36921e-23)
(0.0288099 -0.000951347 0)
(0.0288851 -0.000949549 2.34001e-24)
(0.0289611 -0.000945083 -7.08774e-23)
(0.0290378 -0.000937984 1.12658e-22)
(0.029115 -0.000928296 1.20895e-24)
(0.0291926 -0.00091607 -1.2088e-24)
(0.0292706 -0.000901369 -4.22807e-23)
(0.0293489 -0.000884267 9.64473e-25)
(0.0294273 -0.000864851 0)
(0.0295059 -0.000843222 -5.02178e-24)
(0.0295844 -0.000819492 9.41712e-23)
(0.029663 -0.000793791 1.30246e-22)
(0.0297415 -0.000766259 0)
(0.02982 -0.000737052 -6.83655e-24)
(0.0298984 -0.000706338 2.46023e-22)
(0.0299767 -0.000674296 2.63005e-22)
(0.0300549 -0.000641113 -5.79813e-22)
(0.0301331 -0.000606983 6.57623e-22)
(0.0302112 -0.000572101 6.59351e-22)
(0.0282979 -0.000959679 -1.12049e-24)
(0.0283684 -0.000968864 0)
(0.0284403 -0.000975239 5.93933e-23)
(0.0285135 -0.000978814 0)
(0.0285879 -0.000979603 9.49437e-23)
(0.0286632 -0.000977626 8.19756e-23)
(0.0287394 -0.000972908 -1.8847e-24)
(0.0288164 -0.000965486 -1.1903e-24)
(0.028894 -0.000955404 0)
(0.0289721 -0.000942715 -1.63848e-24)
(0.0290506 -0.000927482 4.32115e-23)
(0.0291294 -0.000909782 1.91183e-25)
(0.0292085 -0.000889703 -1.30377e-23)
(0.0292878 -0.00086735 5.13922e-23)
(0.0293673 -0.000842839 5.69329e-24)
(0.0294468 -0.000816303 6.03588e-24)
(0.0295265 -0.00078789 0)
(0.0296063 -0.000757761 0)
(0.0296861 -0.00072609 0)
(0.0297661 -0.000693065 0)
(0.0298462 -0.000658882 0)
(0.0299265 -0.000623743 -6.4912e-22)
(0.030007 -0.000587855 0)
(0.0280614 -0.000988213 8.63634e-25)
(0.0281318 -0.000997485 2.70947e-25)
(0.0282038 -0.00100388 -5.98223e-23)
(0.0282771 -0.0010074 1.57129e-24)
(0.0283516 -0.00100807 -9.58534e-23)
(0.0284271 -0.00100589 -1.62887e-22)
(0.0285036 -0.00100091 7.09714e-23)
(0.0285809 -0.000993143 -1.14983e-22)
(0.0286589 -0.000982646 -1.17589e-24)
(0.0287374 -0.000969472 1.17591e-24)
(0.0288165 -0.000953683 0)
(0.0288959 -0.00093536 -1.17233e-25)
(0.0289757 -0.000914594 1.30742e-23)
(0.0290558 -0.000891491 0)
(0.0291362 -0.000866173 -9.76265e-23)
(0.0292167 -0.000838777 -1.41827e-22)
(0.0292975 -0.000809458 1.84813e-22)
(0.0293786 -0.000778382 2.21046e-22)
(0.0294599 -0.000745734 0)
(0.0295415 -0.000711707 -5.72435e-22)
(0.0296235 -0.000676508 0)
(0.0297059 -0.00064035 0)
(0.0297888 -0.000603449 7.53118e-22)
(0.0278097 -0.001017 3.02395e-27)
(0.0278802 -0.00102634 -3.29887e-23)
(0.0279522 -0.00103274 -4.97564e-25)
(0.0280256 -0.00103619 1.58368e-24)
(0.0281003 -0.00103672 -9.63159e-23)
(0.0281762 -0.00103433 8.32268e-23)
(0.028253 -0.00102906 -6.98246e-23)
(0.0283307 -0.00102093 1.55416e-24)
(0.0284091 -0.00101 -8.74741e-23)
(0.0284882 -0.000996312 6.07261e-23)
(0.0285678 -0.000979942 -3.67508e-23)
(0.028648 -0.000960967 7.82647e-25)
(0.0287285 -0.000939483 6.85657e-25)
(0.0288094 -0.000915599 6.98651e-25)
(0.0288907 -0.000889442 -1.14356e-22)
(0.0289723 -0.000861156 0)
(0.0290543 -0.000830899 -1.80071e-22)
(0.0291366 -0.000798847 8.45986e-24)
(0.0292194 -0.000765192 -7.59544e-24)
(0.0293026 -0.000730139 1.16053e-21)
(0.0293864 -0.000693904 9.55927e-24)
(0.0294709 -0.00065671 6.92255e-22)
(0.0275419 -0.00104602 -8.82588e-25)
(0.0276125 -0.00105542 1.72946e-25)
(0.0276846 -0.0010618 -5.03719e-25)
(0.0277583 -0.00106518 -5.44739e-23)
(0.0278332 -0.00106555 2.71319e-25)
(0.0279094 -0.00106293 0)
(0.0279866 -0.00105735 6.75015e-23)
(0.0280648 -0.00104884 1.13273e-22)
(0.0281438 -0.00103744 8.69545e-23)
(0.0282236 -0.00102322 -6.14623e-23)
(0.0283039 -0.00100624 2.36348e-24)
(0.0283848 -0.000986578 -1.8463e-23)
(0.0284662 -0.000964342 7.86893e-25)
(0.0285481 -0.000939642 7.42406e-23)
(0.0286304 -0.000912609 2.34755e-22)
(0.0287131 -0.000883392 -1.61214e-22)
(0.0287963 -0.000852159 0)
(0.0288799 -0.000819094 -2.33054e-22)
(0.0289642 -0.000784397 -9.02141e-24)
(0.0290491 -0.000748284 -1.20529e-21)
(0.0291347 -0.000710983 -1.08594e-23)
(0.0292212 -0.000672731 -6.87832e-22)
(0.0272568 -0.00107527 -2.05393e-24)
(0.0273275 -0.00108472 -4.80116e-26)
(0.0273998 -0.00109107 -6.19962e-23)
(0.0274738 -0.00109435 5.52153e-23)
(0.0275491 -0.00109455 9.6869e-23)
(0.0276258 -0.00109168 0)
(0.0277036 -0.00108578 -1.38402e-22)
(0.0277824 -0.00107686 -1.14432e-22)
(0.0278621 -0.00106498 2.67325e-24)
(0.0279426 -0.00105019 -5.91577e-23)
(0.0280239 -0.00103256 3.42105e-23)
(0.0281057 -0.00101219 1.90521e-23)
(0.0281882 -0.000989161 3.64844e-23)
(0.0282711 -0.000963603 -7.60371e-23)
(0.0283546 -0.00093565 3.10834e-24)
(0.0284385 -0.000905458 1.68024e-22)
(0.0285231 -0.000873201 0)
(0.0286082 -0.000839075 8.33485e-24)
(0.028694 -0.000803288 1.12711e-24)
(0.0287805 -0.000766071 6.13641e-22)
(0.028868 -0.000727665 0)
(0.0269528 -0.00110476 -1.62129e-25)
(0.0270237 -0.00111424 3.4934e-23)
(0.0270964 -0.00112056 6.38888e-23)
(0.0271708 -0.00112372 5.49986e-23)
(0.0272467 -0.00112373 -1.42048e-24)
(0.0273239 -0.0011206 1.42136e-24)
(0.0274024 -0.00111435 1.40649e-22)
(0.027482 -0.00110501 -7.70001e-25)
(0.0275627 -0.00109262 7.70366e-25)
(0.0276442 -0.00107724 1.15641e-22)
(0.0277265 -0.00105894 -2.8502e-25)
(0.0278096 -0.00103781 4.01605e-25)
(0.0278933 -0.00101395 -8.07696e-23)
(0.0279776 -0.000987489 0)
(0.0280624 -0.000958567 -1.32098e-22)
(0.0281479 -0.000927346 0)
(0.028234 -0.000894011 0)
(0.0283207 -0.000858765 2.73292e-22)
(0.0284082 -0.000821831 -1.84773e-23)
(0.0284966 -0.000783453 6.6613e-22)
(0.0285861 -0.000743887 -7.28053e-22)
(0.0266284 -0.00113447 2.4422e-24)
(0.0266995 -0.00114398 3.56015e-23)
(0.0267726 -0.00115026 0)
(0.0268475 -0.0011533 -5.69059e-23)
(0.0269241 -0.00115311 0)
(0.0270021 -0.0011497 8.46267e-23)
(0.0270816 -0.00114309 -9.90686e-25)
(0.0271622 -0.00113331 9.91356e-25)
(0.027244 -0.00112039 0)
(0.0273268 -0.0011044 -5.70434e-23)
(0.0274105 -0.00108539 -4.23737e-25)
(0.027495 -0.00106347 -1.64569e-24)
(0.0275803 -0.00103874 4.43873e-23)
(0.0276662 -0.00101133 -1.01865e-22)
(0.0277529 -0.000981391 -1.50049e-22)
(0.0278401 -0.000949083 0)
(0.0279281 -0.000914605 3.9858e-24)
(0.0280168 -0.000878172 -5.51683e-22)
(0.0281064 -0.00084002 0)
(0.0281969 -0.000800407 -6.78678e-22)
(0.026282 -0.00116435 2.47953e-24)
(0.0263533 -0.00117392 -1.16524e-25)
(0.0264268 -0.00118016 4.79975e-25)
(0.0265023 -0.00118309 3.63951e-25)
(0.0265796 -0.0011827 -1.168e-25)
(0.0266586 -0.00117901 -1.72653e-22)
(0.0267391 -0.00117203 -1.41567e-22)
(0.0268211 -0.00116179 0)
(0.0269042 -0.00114833 0)
(0.0269886 -0.00113171 0)
(0.027074 -0.00111198 -2.52984e-23)
(0.0271604 -0.00108924 6.54833e-24)
(0.0272476 -0.00106361 6.40849e-25)
(0.0273357 -0.0010352 1.02428e-22)
(0.0274245 -0.00100419 1.57194e-22)
(0.027514 -0.000970732 2.05685e-22)
(0.0276043 -0.000935042 0)
(0.0276955 -0.000897344 2.88919e-22)
(0.0277875 -0.00085789 -4.78357e-24)
(0.0278804 -0.000816956 -7.42298e-22)
(0.0259124 -0.00119432 -2.46082e-24)
(0.0259837 -0.00120397 -3.66986e-23)
(0.0260574 -0.00121021 -6.70568e-23)
(0.0261334 -0.00121305 6.02137e-26)
(0.0262115 -0.00121249 4.29761e-25)
(0.0262915 -0.00120852 8.67447e-23)
(0.0263732 -0.00120118 1.45079e-22)
(0.0264566 -0.00119049 -7.6742e-25)
(0.0265414 -0.00117649 7.68404e-25)
(0.0266276 -0.00115923 5.21495e-23)
(0.0267151 -0.00113876 4.86042e-23)
(0.0268037 -0.00111519 -1.73465e-23)
(0.0268933 -0.00108862 0)
(0.026984 -0.00105919 0)
(0.0270755 -0.00102706 1.73981e-22)
(0.0271679 -0.000992396 -2.13412e-22)
(0.0272612 -0.000955423 0)
(0.0273553 -0.000916379 0)
(0.0274504 -0.000875529 0)
(0.0255184 -0.00122421 0)
(0.0255893 -0.00123401 0)
(0.025663 -0.0012403 6.74803e-23)
(0.0257393 -0.0012431 -1.18796e-22)
(0.0258179 -0.0012424 1.03081e-22)
(0.0258988 -0.00123821 -8.77471e-23)
(0.0259818 -0.00123054 -1.43445e-22)
(0.0260667 -0.00121942 -8.88241e-25)
(0.0261534 -0.00120489 -8.09085e-23)
(0.0262417 -0.001187 -5.33089e-23)
(0.0263315 -0.00116581 -4.33235e-23)
(0.0264228 -0.0011414 1.26229e-23)
(0.0265153 -0.00111389 -7.7577e-23)
(0.0266091 -0.00108341 1.33794e-22)
(0.026704 -0.00105012 -3.65771e-22)
(0.0268 -0.00101421 -2.37602e-22)
(0.0268969 -0.000975891 2.89234e-22)
(0.0269948 -0.00093542 -4.68521e-24)
(0.0270937 -0.000893079 5.97326e-24)
(0.0250993 -0.00125379 0)
(0.0251693 -0.00126382 0)
(0.0252425 -0.00127024 0)
(0.0253186 -0.00127307 2.4241e-22)
(0.0253975 -0.00127231 -2.1036e-22)
(0.0254791 -0.00126796 8.94546e-23)
(0.0255631 -0.00126002 1.46606e-22)
(0.0256494 -0.00124853 -1.12334e-22)
(0.025738 -0.00123352 2.67049e-24)
(0.0258285 -0.00121504 4.86219e-23)
(0.025921 -0.00119315 3.30793e-24)
(0.0260152 -0.00116794 -2.23427e-25)
(0.0261111 -0.0011395 8.03369e-23)
(0.0262086 -0.00110797 -1.38044e-22)
(0.0263074 -0.00107352 -9.50697e-24)
(0.0264077 -0.00103633 2.43905e-22)
(0.0265091 -0.00099662 -2.94571e-22)
(0.0266117 -0.000954656 2.48608e-24)
(0.0267154 -0.000910734 0)
(0.0246549 -0.00128263 -1.24408e-27)
(0.0247231 -0.00129305 1.24888e-27)
(0.0247949 -0.00129974 0)
(0.0248703 -0.00130271 -1.23167e-22)
(0.0249488 -0.00130198 2.13074e-22)
(0.0250305 -0.00129756 3.98411e-26)
(0.0251152 -0.00128945 -1.03527e-25)
(0.0252026 -0.00127767 1.15106e-22)
(0.0252928 -0.00126227 1.61359e-22)
(0.0253855 -0.00124329 -4.95895e-23)
(0.0254806 -0.00122077 1.7439e-23)
(0.025578 -0.0011948 3.63315e-23)
(0.0256776 -0.00116549 2.43369e-25)
(0.0257792 -0.00113296 4.75318e-25)
(0.0258827 -0.00109737 2.05812e-22)
(0.025988 -0.00105891 2.7247e-22)
(0.0260948 -0.00101779 0)
(0.0262032 -0.000974298 0)
(0.0241847 -0.00131045 0)
(0.0242503 -0.00132122 -3.95399e-23)
(0.0243198 -0.0013283 7.06865e-23)
(0.0243932 -0.00133161 0)
(0.0244705 -0.00133107 -1.0802e-22)
(0.0245515 -0.0013267 -1.94658e-25)
(0.024636 -0.00131855 0)
(0.0247239 -0.00130661 0)
(0.0248151 -0.00129093 -1.59125e-22)
(0.0249096 -0.00127157 -4.40101e-23)
(0.0250071 -0.00124853 0)
(0.0251076 -0.00122192 -3.72452e-23)
(0.025211 -0.00119184 0)
(0.0253171 -0.00115839 0)
(0.0254258 -0.00112174 2.3495e-22)
(0.0255368 -0.00108206 1.05936e-23)
(0.0256501 -0.00103957 3.44694e-22)
(0.0257653 -0.00099455 7.81834e-22)
(0.023686 -0.0013372 0)
(0.0237494 -0.00134826 4.04297e-23)
(0.0238163 -0.00135561 -7.2128e-23)
(0.023887 -0.00135917 0)
(0.0239617 -0.00135896 0)
(0.0240407 -0.00135488 0)
(0.0241239 -0.00134687 -1.47243e-22)
(0.0242112 -0.00133492 -1.12098e-22)
(0.0243026 -0.00131914 1.56571e-22)
(0.0243979 -0.00129955 4.50272e-23)
(0.0244971 -0.00127615 -6.54796e-24)
(0.0246002 -0.00124907 5.57356e-23)
(0.024707 -0.00121837 -1.47329e-25)
(0.0248176 -0.00118415 -1.88939e-22)
(0.0249316 -0.00114659 1.09547e-23)
(0.025049 -0.00110582 1.15699e-23)
(0.0251695 -0.00106206 -7.20997e-22)
(0.0231543 -0.00136307 -8.5691e-26)
(0.0232162 -0.00137412 -4.15017e-23)
(0.0232813 -0.00138157 0)
(0.0233497 -0.00138535 4.68911e-25)
(0.0234217 -0.00138533 -4.6996e-25)
(0.0234978 -0.00138141 9.225e-23)
(0.0235782 -0.00137363 2.38584e-24)
(0.0236632 -0.00136197 1.13834e-22)
(0.0237533 -0.00134632 -7.78797e-23)
(0.0238481 -0.00132669 8.79772e-26)
(0.0239477 -0.00130314 4.16328e-24)
(0.0240523 -0.00127579 9.18251e-24)
(0.0241616 -0.0012447 1.89244e-25)
(0.0242759 -0.00120993 1.94155e-22)
(0.0243949 -0.00117167 1.22565e-23)
(0.0245185 -0.00113003 -3.22125e-22)
(0.0246466 -0.0010852 7.71063e-22)
(0.0225857 -0.00138817 -2.98057e-24)
(0.0226458 -0.00139909 4.28733e-23)
(0.0227092 -0.0014064 -7.55347e-23)
(0.022776 -0.00141006 -1.52002e-24)
(0.0228463 -0.00141003 9.63751e-25)
(0.0229201 -0.00140625 -1.88738e-22)
(0.0229977 -0.00139864 1.51626e-22)
(0.0230799 -0.00138703 -1.11028e-22)
(0.0231669 -0.00137149 0)
(0.0232592 -0.00135208 0)
(0.0233573 -0.00132872 4.44623e-24)
(0.0234615 -0.00130139 9.88822e-24)
(0.0235717 -0.00127016 0)
(0.0236881 -0.00123513 0)
(0.0238109 -0.00119649 1.24379e-23)
(0.0239399 -0.00115428 1.49734e-24)
(0.021976 -0.00141228 3.07547e-24)
(0.0220338 -0.00142304 0)
(0.0220951 -0.00143016 1.57167e-22)
(0.0221599 -0.00143361 1.35852e-22)
(0.0222283 -0.00143336 9.92998e-25)
(0.0223004 -0.00142934 9.71591e-23)
(0.0223764 -0.00142158 -1.03963e-24)
(0.0224565 -0.00141 1.15639e-22)
(0.0225408 -0.00139459 -4.21259e-25)
(0.0226304 -0.00137522 4.22835e-25)
(0.0227256 -0.00135186 -8.45747e-24)
(0.0228272 -0.00132465 -1.70035e-22)
(0.0229357 -0.00129365 0)
(0.0230519 -0.0012588 2.10822e-24)
(0.0231762 -0.00122015 1.0996e-23)
(0.0233085 -0.00117776 -3.87517e-22)
(0.0213758 -0.00144563 -6.73698e-25)
(0.0214341 -0.00145253 -8.05637e-23)
(0.0214962 -0.00145574 -5.23294e-25)
(0.021562 -0.00145521 0)
(0.0216318 -0.00145092 0)
(0.0217056 -0.00144284 0)
(0.0217838 -0.00143093 0)
(0.0218666 -0.00141522 0)
(0.0219545 -0.00139575 1.78658e-25)
(0.0220476 -0.00137244 -4.12433e-24)
(0.0221467 -0.00134533 1.94285e-22)
(0.0222529 -0.00131436 1.07483e-24)
(0.022367 -0.00127956 0)
(0.0224898 -0.00124113 -6.59462e-22)
(0.0206679 -0.00146644 4.65103e-23)
(0.0207221 -0.00147306 6.9767e-25)
(0.0207802 -0.00147596 -1.46205e-22)
(0.0208423 -0.00147513 0)
(0.0209086 -0.00147051 0)
(0.0209793 -0.00146208 1.59065e-22)
(0.0210546 -0.0014498 0)
(0.021135 -0.00143374 0)
(0.0212207 -0.00141388 1.2061e-25)
(0.0213122 -0.00139019 2.7472e-23)
(0.0214101 -0.00136282 -1.08342e-22)
(0.0215151 -0.00133179 1.20113e-24)
(0.0216277 -0.00129715 2.82038e-22)
(0.0217489 -0.00125895 3.48375e-22)
(0.0199078 -0.00148495 -4.97889e-23)
(0.0199565 -0.00149119 7.1895e-25)
(0.0200091 -0.00149372 1.08234e-24)
(0.0200659 -0.0014925 1.2601e-22)
(0.0201272 -0.00148748 0)
(0.020193 -0.00147865 -1.65119e-22)
(0.0202639 -0.00146597 0)
(0.0203402 -0.0014495 -6.92867e-23)
(0.0204224 -0.00142921 -7.69813e-25)
(0.0205109 -0.00140513 -1.67321e-23)
(0.0206064 -0.00137737 0)
(0.0207096 -0.00134596 0)
(0.0208212 -0.00131099 -2.9517e-22)
(0.0209423 -0.00127265 0)
(0.0190952 -0.00150057 -4.13188e-25)
(0.0191367 -0.00150633 1.28927e-24)
(0.0191822 -0.00150838 -1.29761e-24)
(0.019232 -0.00150667 -1.3115e-22)
(0.0192864 -0.00150116 -1.48275e-24)
(0.0193456 -0.00149184 1.49266e-24)
(0.0194101 -0.00147867 1.17003e-22)
(0.0194803 -0.00146171 7.34464e-23)
(0.0195568 -0.00144093 -7.35676e-25)
(0.0196402 -0.00141639 0)
(0.0197312 -0.00138819 -1.481e-24)
(0.0198307 -0.00135636 1.49021e-24)
(0.0199395 -0.00132106 0)
(0.0182323 -0.0015127 5.09693e-23)
(0.018265 -0.00151785 -9.02692e-23)
(0.0183017 -0.00151929 0)
(0.0183427 -0.00151697 0)
(0.0183883 -0.00151086 0)
(0.0184389 -0.00150092 2.23849e-24)
(0.018495 -0.00148716 -1.21493e-22)
(0.018557 -0.00146959 6.56363e-23)
(0.0186256 -0.00144822 -1.68682e-23)
(0.0187015 -0.00142312 3.21665e-23)
(0.0187856 -0.00139437 -2.38753e-24)
(0.0188788 -0.00136206 2.6759e-22)
(0.0189821 -0.00132633 -3.61342e-22)
(0.0173238 -0.0015208 -1.27034e-25)
(0.0173462 -0.00152521 9.20977e-23)
(0.0173725 -0.00152591 -7.96044e-23)
(0.0174031 -0.00152285 -1.34502e-22)
(0.0174382 -0.001516 -1.07898e-22)
(0.0174784 -0.00150532 -1.53042e-24)
(0.0175241 -0.00149082 -1.16641e-22)
(0.017576 -0.00147251 -6.89518e-23)
(0.0176346 -0.00145043 1.7445e-23)
(0.0177009 -0.00142462 -3.6062e-23)
(0.0177756 -0.00139519 1.84083e-22)
(0.0178599 -0.00136224 -2.68129e-22)
(0.0163768 -0.00152446 -1.44474e-25)
(0.0163876 -0.00152799 0)
(0.0164021 -0.00152782 8.08748e-23)
(0.0164208 -0.00152389 1.38697e-22)
(0.0164441 -0.00151616 1.12479e-22)
(0.0164723 -0.00150461 8.31696e-23)
(0.0165061 -0.00148924 1.18155e-22)
(0.0165461 -0.00147006 -8.41032e-25)
(0.016593 -0.00144711 7.82744e-24)
(0.0166476 -0.00142044 -1.90526e-24)
(0.016711 -0.00139018 9.34253e-24)
(0.0167842 -0.00135643 3.03442e-22)
(0.0154003 -0.00152337 -1.05619e-22)
(0.0153984 -0.0015259 9.45958e-23)
(0.0154001 -0.00152474 7.7051e-23)
(0.0154058 -0.00151981 -1.33625e-22)
(0.015416 -0.0015111 0)
(0.015431 -0.00149856 -8.73427e-23)
(0.0154516 -0.00148219 -1.11203e-22)
(0.0154783 -0.00146201 -5.91381e-23)
(0.0155119 -0.00143806 -8.81084e-24)
(0.0155533 -0.0014104 0)
(0.0156036 -0.00137915 -1.9765e-22)
(0.0144043 -0.00151738 5.44839e-23)
(0.0143889 -0.00151881 -9.52303e-23)
(0.014377 -0.00151654 -8.11703e-23)
(0.0143689 -0.00151053 -7.04945e-25)
(0.0143651 -0.00150072 1.93643e-24)
(0.014366 -0.00148708 8.2612e-23)
(0.0143723 -0.00146961 2.24003e-22)
(0.0143846 -0.00144832 6.06119e-23)
(0.0144038 -0.00142326 4.73835e-25)
(0.0144308 -0.00139448 0)
(0.0144666 -0.0013621 0)
(0.0133994 -0.00150646 -1.54054e-24)
(0.0133701 -0.0015067 1.55792e-24)
(0.013344 -0.00150325 -2.29944e-24)
(0.0133216 -0.00149605 2.74455e-22)
(0.0133031 -0.00148506 1.06233e-22)
(0.0132892 -0.00147024 -8.07087e-23)
(0.0132805 -0.00145158 -1.13441e-22)
(0.0132776 -0.00142909 5.21005e-23)
(0.0132815 -0.00140282 -4.37576e-24)
(0.013293 -0.00137282 -2.72059e-24)
(0.0133132 -0.0013392 2.76381e-24)
(0.012396 -0.0014907 -1.52557e-24)
(0.0123526 -0.00148968 -9.02922e-23)
(0.0123122 -0.00148498 0)
(0.0122751 -0.00147653 -1.33992e-22)
(0.0122417 -0.00146428 -1.10728e-22)
(0.0122125 -0.00144821 8.82099e-25)
(0.0121883 -0.00142828 2.10068e-24)
(0.0121697 -0.00140453 -3.79893e-24)
(0.0121576 -0.00137696 1.40319e-23)
(0.0121529 -0.00134565 -1.10339e-24)
(0.011404 -0.0014703 1.50431e-24)
(0.0113466 -0.00146797 -1.07457e-24)
(0.0112917 -0.00146196 -7.58181e-23)
(0.0112399 -0.0014522 -4.31339e-25)
(0.0111915 -0.00143865 9.86262e-25)
(0.0111471 -0.00142127 -2.88718e-24)
(0.0111073 -0.00140003 -1.00272e-22)
(0.0110727 -0.00137493 -9.27232e-23)
(0.0110443 -0.00134601 -8.24818e-24)
(0.011023 -0.00131332 -3.01614e-24)
(0.0104317 -0.00144556 1.89849e-24)
(0.0103606 -0.00144188 1.51846e-24)
(0.0102917 -0.00143453 7.69536e-26)
(0.0102255 -0.00142344 -2.21971e-24)
(0.0101624 -0.00140854 1.01831e-22)
(0.010103 -0.00138981 -1.93721e-24)
(0.0100477 -0.0013672 5.09426e-24)
(0.00999735 -0.00134072 4.39727e-23)
(0.00995273 -0.00131039 1.62272e-23)
(0.00991477 -0.00127627 -7.41262e-23)
(0.00948616 -0.00141685 4.12361e-25)
(0.00940184 -0.00141181 1.74574e-22)
(0.00931952 -0.00140311 1.50244e-22)
(0.00923954 -0.00139066 -1.24751e-22)
(0.00916233 -0.00137441 -1.02971e-22)
(0.00908838 -0.0013543 -7.00869e-23)
(0.00901828 -0.00133031 9.37069e-23)
(0.00895269 -0.00130242 1.04087e-24)
(0.00889239 -0.00127065 -3.5544e-23)
(0.00857265 -0.00138464 -4.03328e-25)
(0.00847594 -0.00137824 -8.54489e-23)
(0.00838095 -0.00136819 -4.39279e-25)
(0.00828802 -0.00135439 1.24139e-22)
(0.00819755 -0.00133678 -9.79127e-23)
(0.00811003 -0.00131531 6.97041e-23)
(0.00802601 -0.00128994 4.46235e-23)
(0.00794614 -0.00126064 8.66114e-25)
(0.00787115 -0.00122744 1.7791e-23)
(0.00769539 -0.00134939 0)
(0.00758722 -0.00134167 8.28545e-23)
(0.00748055 -0.0013303 -7.14679e-23)
(0.0073757 -0.00131519 1.16282e-22)
(0.00727308 -0.00129627 2.65672e-24)
(0.00717316 -0.00127347 0)
(0.00707647 -0.00124675 -8.35289e-23)
(0.00698363 -0.0012161 2.89096e-23)
(0.00689536 -0.00118151 2.47843e-23)
(0.0068584 -0.0013116 -2.42377e-23)
(0.00673979 -0.00130262 -7.93565e-23)
(0.00662252 -0.00129 0)
(0.00650694 -0.00127365 -1.13244e-22)
(0.00639346 -0.00125348 1.81195e-22)
(0.00628252 -0.00122944 -2.45265e-24)
(0.00617467 -0.00120148 2.18556e-25)
(0.00607051 -0.00116957 -1.43693e-24)
(0.00606652 -0.00127177 2.21588e-23)
(0.00593852 -0.00126162 1.11828e-24)
(0.00581184 -0.00124785 6.50812e-23)
(0.00568683 -0.00123037 0)
(0.0055639 -0.00120909 -8.67276e-23)
(0.00544351 -0.00118394 6.17819e-23)
(0.00532621 -0.00115488 3.80647e-23)
(0.00521259 -0.00112188 -2.58289e-23)
(0.00532596 -0.00123035 3.52029e-25)
(0.00518971 -0.00121917 -1.06588e-24)
(0.00505486 -0.0012044 -6.41097e-23)
(0.00492179 -0.00118595 1.81611e-24)
(0.00479093 -0.00116374 0)
(0.00466277 -0.00113768 6.19428e-25)
(0.00453786 -0.00110773 -2.19075e-24)
(0.0044168 -0.00107386 7.25582e-25)
(0.00464353 -0.00118779 -1.98824e-23)
(0.00450017 -0.00117576 0)
(0.00435843 -0.00116019 5.92954e-23)
(0.00421873 -0.00114099 4.87926e-23)
(0.00408151 -0.00111806 2.03616e-24)
(0.00394728 -0.00109134 -1.1115e-22)
(0.00381662 -0.00106078 0)
(0.00402376 -0.00114455 1.87023e-23)
(0.00387448 -0.00113189 0)
(0.00372714 -0.00111575 -3.16877e-25)
(0.00358217 -0.00109603 -4.5785e-23)
(0.00344007 -0.00107266 -1.88645e-24)
(0.00330136 -0.00104557 2.56376e-24)
(0.00316661 -0.00101469 0)
(0.00346472 -0.00110129 1.318e-24)
(0.00331069 -0.00108821 -1.03449e-24)
(0.00315893 -0.00107172 -5.377e-23)
(0.0030099 -0.00105174 1.49175e-24)
(0.00286412 -0.00102818 -6.62188e-23)
(0.00272213 -0.00100098 4.71592e-23)
(0.00258453 -0.000970077 2.74659e-23)
(0.00295387 -0.00105824 -1.69152e-23)
(0.00279617 -0.00104491 0)
(0.00264097 -0.00102826 0)
(0.00248876 -0.0010082 4.2069e-23)
(0.00234008 -0.000984648 6.16365e-23)
(0.00219548 -0.000957537 4.66256e-23)
(0.00247847 -0.00101542 1.65088e-23)
(0.00231779 -0.00100197 0)
(0.00215977 -0.000985287 -1.37892e-24)
(0.00200491 -0.000965286 -7.7289e-23)
(0.00185378 -0.000941883 -1.11196e-24)
(0.00170694 -0.000915012 -4.35267e-23)
(0.00203371 -0.000973213 0)
(0.00187041 -0.000959719 2.8135e-23)
(0.00170993 -0.000943092 0)
(0.00155278 -0.000923244 7.69775e-23)
(0.00139953 -0.000900093 -2.99173e-23)
(0.00125079 -0.00087357 8.08942e-25)
(0.00161776 -0.000931771 -1.58577e-23)
(0.00145216 -0.000918317 -5.51608e-23)
(0.00128951 -0.000901829 4.67805e-23)
(0.00113036 -0.000882221 -3.82337e-23)
(0.000975285 -0.00085941 2.9583e-23)
(0.000824897 -0.00083333 -4.06316e-23)
(0.00122885 -0.000891135 3.15885e-23)
(0.00106121 -0.000877793 2.58317e-23)
(0.000896658 -0.000861519 -4.51046e-23)
(0.000735748 -0.000842226 1.03591e-24)
(0.000579074 -0.000819835 -2.76101e-25)
(0.000865254 -0.000851368 -1.53017e-23)
(0.000695803 -0.0008382 0)
(0.000529557 -0.000822202 -2.25841e-23)
(0.000367092 -0.000803291 3.69361e-23)
(0.000209013 -0.000781387 0)
(0.000525296 -0.000812527 0)
(0.000354228 -0.000799586 -7.54343e-25)
(0.000186474 -0.000783919 2.36024e-23)
(2.26266e-05 -0.000765444 -3.69504e-23)
(-0.000136701 -0.000744082 0)
(0.000207378 -0.000774656 1.24113e-25)
(3.48586e-05 -0.000761987 -2.5147e-23)
(-0.000134245 -0.000746694 -1.36946e-24)
(-0.000299331 -0.0007287 3.64695e-23)
(-0.000459774 -0.000707928 -7.34641e-25)
(-9.00256e-05 -0.000737786 1.22592e-25)
(-0.00026385 -0.000725425 2.55059e-23)
(-0.000434169 -0.000710545 2.10325e-23)
(-0.000600368 -0.000693068 -3.36973e-23)
(-0.000368355 -0.000701939 0)
(-0.000543357 -0.000689916 2.52667e-23)
(-0.000714773 -0.000675477 -2.19597e-23)
(-0.000881978 -0.000658548 6.09461e-25)
(-0.000628968 -0.00066713 -7.20421e-24)
(-0.000805035 -0.000655469 -2.49825e-23)
(-0.000977444 -0.000641495 0)
(-0.00114556 -0.000625134 0)
(-0.000873137 -0.000633366 7.2583e-24)
(-0.00105017 -0.000622086 0)
(-0.00122348 -0.000608593 0)
(-0.00139242 -0.000592817 3.45244e-23)
(-0.00110205 -0.000600649 5.33166e-25)
(-0.00127996 -0.000589764 -4.16751e-25)
(-0.00145409 -0.000576766 0)
(-0.00162379 -0.000561585 -3.47588e-23)
(-0.00131682 -0.000568979 -7.1084e-24)
(-0.00149552 -0.000558499 -3.55529e-25)
(-0.00167039 -0.000546002 2.13373e-23)
(-0.00184078 -0.000531423 0)
(-0.00151847 -0.000538348 1.38795e-23)
(-0.00169789 -0.000528279 5.63924e-25)
(-0.00187344 -0.000516289 -4.22958e-23)
(-0.00170797 -0.000508749 -7.11405e-24)
(-0.00188803 -0.000499094 0)
(-0.00206419 -0.00048761 4.17978e-23)
(-0.00188618 -0.000480168 7.32368e-24)
(-0.00206683 -0.000470927 -5.69292e-25)
(-0.00224354 -0.000459949 -2.04838e-23)
(-0.00205393 -0.000452591 2.31632e-25)
(-0.0022351 -0.000443764 -2.11748e-25)
(-0.0024123 -0.000433287 0)
(-0.00221197 -0.000426003 2.34733e-25)
(-0.0023936 -0.000417585 -2.14191e-25)
(-0.00257124 -0.000407603 -2.13787e-23)
(-0.00236099 -0.000400386 -7.33985e-24)
(-0.00254303 -0.000392371 -1.33104e-23)
(-0.00272105 -0.000382877 3.36274e-23)
(-0.00250163 -0.00037572 7.61722e-24)
(-0.00268401 -0.000368103 1.29357e-23)
(-0.00263445 -0.000351986 2.34052e-26)
(-0.00281713 -0.000344759 1.32569e-23)
(-0.00276001 -0.000329162 -7.69588e-24)
(-0.00294293 -0.000322317 -1.38526e-23)
(-0.00287877 -0.000307228 6.75128e-26)
(-0.00306187 -0.000300755 -6.88425e-24)
(-0.00299118 -0.000286162 1.22196e-25)
(-0.0031744 -0.000280051 1.42793e-23)
(-0.00309763 -0.000265941 3.60981e-26)
(-0.00328092 -0.000260183 -7.344e-24)
(-0.00319847 -0.000246543 -1.31885e-25)
(-0.00338177 -0.000241128 3.60422e-25)
(-0.00329401 -0.000227946 4.59261e-24)
(-0.00347725 -0.000222863 1.38675e-25)
(-0.00338453 -0.000210128 -4.96082e-24)
(-0.00356763 -0.000205368 2.50958e-25)
(-0.00347023 -0.000193068 5.41471e-24)
(-0.0035513 -0.000176745 -5.50437e-24)
(-0.00362786 -0.000161139 0)
(-0.00369994 -0.000146229 9.47479e-26)
(-0.00376751 -0.000131999 2.93967e-26)
(-0.0038304 -0.000118431 -1.46437e-25)
(-0.0038883 -0.000105511 0)
(-0.00394064 -9.32265e-05 -4.89672e-24)
(-0.00398646 -8.15697e-05 5.7296e-24)
(-0.00402421 -7.05369e-05 0)
(-0.00405129 -6.01321e-05 6.70638e-26)
(-0.0040633 -5.03697e-05 -2.29734e-25)
(-0.00405257 -4.12781e-05 1.87546e-25)
(-0.00400556 -3.29007e-05 1.76727e-25)
(-0.00389932 -2.52993e-05 0)
)
;

boundaryField
{
    bottomWall
    {
        type            fixedValue;
        value           nonuniform 0();
    }
    defaultFaces
    {
        type            empty;
    }
    inlet
    {
        type            cyclic;
    }
    outlet
    {
        type            cyclic;
    }
    topWall
    {
        type            fixedValue;
        value           uniform (0 0 0);
    }
    procBoundary2to0
    {
        type            processor;
        value           nonuniform List<vector> 
175
(
(0.0014458 -1.22806e-07 1.15745e-26)
(0.00445935 -1.43419e-06 0)
(0.0076594 -4.12765e-06 1.7489e-22)
(0.0076594 -4.12765e-06 1.7489e-22)
(0.0109643 -8.24418e-06 -1.27246e-22)
(0.0140089 -1.34145e-05 0)
(0.016585 -1.916e-05 0)
(0.0187175 -2.52369e-05 3.2932e-22)
(0.0204847 -3.13302e-05 -2.33417e-22)
(0.0219525 -3.71309e-05 0)
(0.023178 -4.23948e-05 -4.07596e-22)
(0.0242077 -4.69466e-05 3.60668e-22)
(0.0250796 -5.06906e-05 -6.43176e-22)
(0.0258254 -5.36324e-05 5.60197e-22)
(0.0264734 -5.59084e-05 -1.64251e-23)
(0.0270471 -5.76438e-05 4.99828e-22)
(0.0276081 -6.46291e-05 -1.40587e-23)
(0.0276081 -6.46291e-05 -1.40587e-23)
(0.0280754 -6.62349e-05 0)
(0.0285006 -6.75579e-05 1.5145e-25)
(0.0288898 -6.86611e-05 7.39326e-22)
(0.0292475 -6.9604e-05 -6.9716e-22)
(0.0295771 -7.04404e-05 0)
(0.0298811 -7.1217e-05 -6.65837e-22)
(0.0301615 -7.19737e-05 1.20815e-21)
(0.0304196 -7.2743e-05 -5.82383e-22)
(0.0306895 -8.46603e-05 -4.16367e-25)
(0.0306895 -8.46603e-05 -4.16367e-25)
(0.0309036 -8.6198e-05 4.74756e-22)
(0.031098 -8.78156e-05 4.82879e-22)
(0.0312735 -8.95224e-05 -9.13744e-22)
(0.0314309 -9.13239e-05 -2.69817e-23)
(0.0315711 -9.32228e-05 -8.29324e-22)
(0.0317057 -0.000110091 -2.39385e-23)
(0.0317057 -0.000110091 -2.39385e-23)
(0.0318113 -0.000112909 -7.38981e-22)
(0.0319023 -0.00011584 -2.81198e-24)
(0.0319797 -0.000118886 1.30241e-21)
(0.0320444 -0.000122051 -6.41816e-22)
(0.0320907 -0.000143478 0)
(0.0320907 -0.000143478 0)
(0.03213 -0.000147669 -5.81136e-22)
(0.0321587 -0.000152008 5.57006e-22)
(0.0321775 -0.000156504 6.73842e-23)
(0.0321868 -0.000161165 -3.30431e-23)
(0.0321657 -0.000187741 -3.13183e-23)
(0.0321657 -0.000187741 -3.13183e-23)
(0.0321549 -0.000193602 -9.66909e-22)
(0.0321355 -0.000199674 9.37691e-22)
(0.0320765 -0.00022992 -8.61062e-22)
(0.0320765 -0.00022992 -8.61062e-22)
(0.0320379 -0.000237321 0)
(0.0319908 -0.000244974 0)
(0.031894 -0.000279237 8.20728e-22)
(0.031894 -0.000279237 8.20728e-22)
(0.031827 -0.000288325 -7.97218e-22)
(0.031751 -0.00029769 7.83543e-22)
(0.0316144 -0.000336209 -1.10718e-24)
(0.0316144 -0.000336209 -1.10718e-24)
(0.0315166 -0.000347049 2.37608e-23)
(0.0314087 -0.000358148 -7.37034e-22)
(0.0312286 -0.000400983 0)
(0.0312286 -0.000400983 0)
(0.0310962 -0.000413484 2.30627e-23)
(0.0309521 -0.000426163 0)
(0.0307243 -0.000473125 -7.34874e-22)
(0.0307243 -0.000473125 -7.34874e-22)
(0.0305524 -0.000486975 0)
(0.0302894 -0.000536658 7.22665e-22)
(0.0302894 -0.000536658 7.22665e-22)
(0.0300878 -0.000551419 -7.53212e-22)
(0.0298722 -0.00056602 -1.36083e-23)
(0.0295561 -0.000618788 -1.47473e-21)
(0.0295561 -0.000618788 -1.47473e-21)
(0.0293087 -0.000633771 7.21357e-22)
(0.0289566 -0.000688321 1.20486e-23)
(0.0289566 -0.000688321 1.20486e-23)
(0.0286768 -0.000703402 1.15837e-23)
(0.0282885 -0.00075961 7.39069e-22)
(0.0282885 -0.00075961 7.39069e-22)
(0.0279746 -0.000774837 7.90919e-22)
(0.0275465 -0.000833171 7.5267e-22)
(0.0275465 -0.000833171 7.5267e-22)
(0.0271936 -0.000849186 -5.90852e-24)
(0.0268202 -0.000865193 8.56819e-22)
(0.0263128 -0.000928723 0)
(0.0263128 -0.000928723 0)
(0.0258823 -0.000947292 -3.52821e-24)
(0.0252928 -0.00101558 2.52553e-23)
(0.0252928 -0.00101558 2.52553e-23)
(0.0247788 -0.00103744 2.71724e-23)
(0.0240751 -0.00110869 -4.0734e-22)
(0.0240751 -0.00110869 -4.0734e-22)
(0.0234492 -0.00113184 4.5159e-22)
(0.0226222 -0.00119912 3.99513e-22)
(0.0226222 -0.00119912 3.99513e-22)
(0.0218803 -0.00121711 3.6496e-24)
(0.0210739 -0.00123102 7.86156e-24)
(0.0200587 -0.00128244 4.30867e-22)
(0.0200587 -0.00128244 4.30867e-22)
(0.0190968 -0.00128735 1.38946e-23)
(0.017955 -0.00132594 3.6239e-22)
(0.017955 -0.00132594 3.6239e-22)
(0.0168686 -0.00131937 -3.98866e-22)
(0.0156639 -0.00134442 -3.09932e-22)
(0.0156639 -0.00134442 -3.09932e-22)
(0.0145125 -0.00132625 6.05875e-24)
(0.0133435 -0.0013021 -3.48638e-22)
(0.0121567 -0.0013107 -4.69217e-24)
(0.0121567 -0.0013107 -4.69217e-24)
(0.0110098 -0.00127696 3.07334e-24)
(0.00988455 -0.00123843 -1.28179e-22)
(0.00883829 -0.00123505 1.50286e-22)
(0.00883829 -0.00123505 1.50286e-22)
(0.00780191 -0.00119037 -1.53478e-22)
(0.00681248 -0.00114302 8.08436e-23)
(0.00597072 -0.0011337 -5.05418e-23)
(0.00597072 -0.0011337 -5.05418e-23)
(0.00510334 -0.00108491 5.48964e-23)
(0.00430027 -0.00103605 -2.63984e-23)
(0.00369013 -0.00102633 0)
(0.00369013 -0.00102633 0)
(0.00303646 -0.000979997 0)
(0.00245194 -0.000935433 -5.38411e-25)
(0.00205558 -0.000926808 -8.17042e-25)
(0.00205558 -0.000926808 -8.17042e-25)
(0.00156502 -0.000884613 -2.4991e-23)
(0.00110717 -0.000843618 0)
(0.000679836 -0.000803922 -1.03035e-24)
(0.000427263 -0.000794279 4.00575e-23)
(0.000427263 -0.000794279 4.00575e-23)
(5.59553e-05 -0.000756425 0)
(-0.00029086 -0.000719772 0)
(-0.000614914 -0.000684315 7.41032e-25)
(-0.000761814 -0.000672921 -2.83758e-23)
(-0.000761814 -0.000672921 -2.83758e-23)
(-0.00104433 -0.000639055 2.70221e-23)
(-0.00130874 -0.000606316 2.69241e-23)
(-0.00155635 -0.000574689 -2.73864e-23)
(-0.0017884 -0.000544157 4.7872e-25)
(-0.00200601 -0.000514698 3.5519e-25)
(-0.00204445 -0.000502314 0)
(-0.00204445 -0.000502314 0)
(-0.00223577 -0.000474238 -1.74819e-23)
(-0.00241563 -0.000447175 1.02683e-25)
(-0.00258485 -0.000421104 -7.93957e-26)
(-0.0027442 -0.000396003 -3.91027e-25)
(-0.00289437 -0.00037185 1.77229e-23)
(-0.00286236 -0.000359087 -1.09775e-23)
(-0.00286236 -0.000359087 -1.09775e-23)
(-0.00299576 -0.000336211 1.16516e-23)
(-0.00312178 -0.000314226 -1.17006e-23)
(-0.0032409 -0.00029311 -2.05466e-25)
(-0.00335355 -0.00027284 3.89412e-25)
(-0.00346013 -0.000253393 -2.20053e-25)
(-0.00356097 -0.000234746 1.32653e-23)
(-0.00365639 -0.000216878 -1.38756e-23)
(-0.00374664 -0.000199766 -4.63754e-25)
(-0.00365313 -0.000188619 -9.35656e-24)
(-0.00365313 -0.000188619 -9.35656e-24)
(-0.00373391 -0.000172598 1.93463e-23)
(-0.00381007 -0.000157282 -1.04808e-23)
(-0.00388165 -0.000142654 -9.52424e-26)
(-0.00394858 -0.000128695 0)
(-0.00401068 -0.00011539 -8.30087e-26)
(-0.00406759 -0.000102723 2.20798e-25)
(-0.00411868 -9.06831e-05 0)
(-0.00416294 -7.92626e-05 9.98373e-24)
(-0.0041987 -6.84585e-05 -2.34859e-23)
(-0.00422319 -5.82755e-05 1.41574e-23)
(-0.00423174 -4.87289e-05 -8.90556e-24)
(-0.00421626 -3.98484e-05 1.10609e-23)
(-0.00416252 -3.16789e-05 1.8042e-25)
(-0.00404664 -2.42851e-05 9.55054e-24)
(-0.00370098 -1.85804e-05 0)
)
;
    }
    procBoundary2to3
    {
        type            processor;
        value           nonuniform List<vector> 
121
(
(0.0284116 -0.000198916 4.25885e-25)
(0.0287214 -0.000212578 0)
(0.0289976 -0.000226336 0)
(0.0292428 -0.000240219 -2.38173e-23)
(0.0294593 -0.000254258 -3.56767e-26)
(0.0296496 -0.000268488 4.41978e-23)
(0.0298157 -0.000282945 -2.00771e-23)
(0.0299594 -0.000297663 -9.42878e-25)
(0.0300827 -0.000312676 -1.80322e-23)
(0.0301871 -0.000328015 3.30645e-23)
(0.0302741 -0.00034371 -3.24567e-23)
(0.030345 -0.000359788 1.54229e-23)
(0.030401 -0.000376275 0)
(0.0304433 -0.000393193 0)
(0.0304725 -0.000410562 8.71432e-25)
(0.0304897 -0.000428403 -8.36718e-25)
(0.0304953 -0.000446729 -1.6109e-24)
(0.03049 -0.000465557 -1.55477e-24)
(0.0304742 -0.000484898 1.5046e-24)
(0.0304482 -0.000504761 0)
(0.0304123 -0.000525154 -2.1659e-23)
(0.0303665 -0.000546081 2.30808e-23)
(0.0303112 -0.000567545 0)
(0.0302462 -0.000589547 2.22015e-23)
(0.0301715 -0.000612082 -2.0439e-23)
(0.0300871 -0.000635147 -1.28674e-24)
(0.0299928 -0.000658731 2.95383e-25)
(0.0298884 -0.000682825 4.04627e-23)
(0.0297738 -0.000707415 -7.60814e-23)
(0.0296486 -0.000732484 3.69695e-23)
(0.0295127 -0.000758013 -9.48759e-25)
(0.0293657 -0.000783981 0)
(0.0292072 -0.000810366 -1.2329e-24)
(0.0290369 -0.000837143 -1.52119e-24)
(0.0288545 -0.000864287 -3.85642e-23)
(0.0286593 -0.000891773 3.70802e-23)
(0.028451 -0.000919578 -1.5449e-24)
(0.028229 -0.00094768 -3.90523e-23)
(0.0279926 -0.000976059 7.87655e-23)
(0.027741 -0.0010047 -3.97923e-23)
(0.0274732 -0.0010336 0)
(0.027188 -0.00106274 -3.07787e-25)
(0.026884 -0.00109212 1.56587e-25)
(0.0265595 -0.00112171 0)
(0.0262131 -0.00115146 -1.90943e-25)
(0.0258438 -0.00118126 -4.46989e-23)
(0.0254504 -0.00121092 4.54201e-23)
(0.0250327 -0.00124016 0)
(0.0245906 -0.00126853 -1.19186e-26)
(0.0241227 -0.00129601 -4.79504e-23)
(0.0236257 -0.00132256 9.86784e-23)
(0.0230956 -0.00134848 -5.02783e-23)
(0.0225289 -0.00137368 -4.27807e-25)
(0.0219216 -0.00139792 5.4171e-23)
(0.0213211 -0.00143508 0)
(0.0213211 -0.00143508 0)
(0.0206175 -0.00145618 0)
(0.019863 -0.00147506 8.44724e-25)
(0.0190576 -0.00149115 4.1062e-25)
(0.0182035 -0.00150389 4.66676e-25)
(0.0173052 -0.00151274 0)
(0.0163697 -0.00151728 0)
(0.0154056 -0.00151719 1.8342e-24)
(0.0144228 -0.00151232 -1.35543e-24)
(0.0134315 -0.0015026 0)
(0.012442 -0.00148811 0)
(0.0114637 -0.00146903 0)
(0.0105049 -0.00144564 -8.81225e-25)
(0.00957218 -0.00141831 1.31916e-24)
(0.00867078 -0.00138746 -8.48469e-25)
(0.00780477 -0.00135355 0)
(0.00697808 -0.00131704 0)
(0.00619552 -0.00127841 4.09581e-25)
(0.00546329 -0.00123805 4.34126e-26)
(0.00478815 -0.00119638 1.3944e-24)
(0.00417457 -0.00115383 -1.3125e-24)
(0.00362058 -0.00111106 -2.90754e-25)
(0.00311362 -0.00106835 0)
(0.00264133 -0.00102574 0)
(0.00219932 -0.000983671 0)
(0.00178579 -0.000942286 0)
(0.00139904 -0.000901638 8.07353e-25)
(0.00103736 -0.000861797 -2.44513e-24)
(0.000699117 -0.000822832 1.06289e-24)
(0.000382737 -0.000784791 9.26692e-25)
(8.6718e-05 -0.000747715 -1.15833e-24)
(-0.000190363 -0.00071163 -1.35802e-25)
(-0.000449847 -0.000676558 -1.34522e-25)
(-0.000692996 -0.000642511 -2.52191e-25)
(-0.000920987 -0.000609497 -1.18086e-25)
(-0.00113492 -0.000577516 0)
(-0.00133582 -0.000546567 -1.4743e-26)
(-0.00152463 -0.000516644 -1.32966e-25)
(-0.00170224 -0.000487736 5.94371e-26)
(-0.00186944 -0.000459833 0)
(-0.002027 -0.000432918 -6.81218e-26)
(-0.0021756 -0.000406978 4.61586e-25)
(-0.00231587 -0.000381993 -5.93218e-25)
(-0.00244839 -0.000357944 5.43093e-25)
(-0.0025737 -0.000334813 -6.20078e-25)
(-0.00269227 -0.000312577 5.04458e-25)
(-0.00280454 -0.000291216 -9.61089e-25)
(-0.00291092 -0.000270707 1.88175e-25)
(-0.00301175 -0.00025103 0)
(-0.00310735 -0.000232162 -3.32571e-25)
(-0.00319799 -0.000214081 3.48754e-25)
(-0.0032839 -0.000196766 0)
(-0.00336527 -0.000180196 0)
(-0.00344221 -0.000164351 0)
(-0.0035148 -0.00014921 0)
(-0.003583 -0.000134757 -2.92682e-26)
(-0.00364669 -0.000120973 3.22692e-26)
(-0.00370557 -0.000107845 -3.46049e-25)
(-0.00375914 -9.5359e-05 -4.13678e-26)
(-0.00380651 -8.35073e-05 2.98755e-25)
(-0.00384623 -7.22857e-05 -4.69375e-25)
(-0.00387587 -6.16976e-05 4.98493e-25)
(-0.0038913 -5.17565e-05 8.27742e-26)
(-0.00388526 -4.24898e-05 5.67711e-25)
(-0.00384488 -3.39394e-05 7.01105e-26)
(-0.00374818 -2.61645e-05 -6.82737e-25)
)
;
    }
    procBoundary2to4
    {
        type            processor;
        value           nonuniform List<vector> 
15
(
(0.00102285 -2.52081e-08 1.0862e-28)
(0.00330647 -5.48959e-07 -1.62694e-25)
(0.00330647 -5.48959e-07 -1.62694e-25)
(0.00596835 -1.73482e-06 -1.82323e-25)
(0.00890172 -4.14671e-06 8.39153e-26)
(0.0116944 -7.86365e-06 -2.87029e-25)
(0.0140557 -1.2857e-05 -2.14541e-25)
(0.016019 -1.91622e-05 1.91407e-25)
(0.0176884 -2.68666e-05 -3.14472e-25)
(0.0191347 -3.58709e-05 2.74673e-25)
(0.0204092 -4.60635e-05 2.5433e-25)
(0.0215466 -5.73029e-05 -2.13708e-25)
(0.02257 -6.94202e-05 8.15281e-25)
(0.0234944 -8.22263e-05 -7.5293e-25)
(0.0234944 -8.22263e-05 -7.5293e-25)
)
;
    }
    procBoundary2to5
    {
        type            processor;
        value           nonuniform List<vector> 8((0.0242089 -9.12046e-05 1.20393e-23) (0.0249634 -0.000104539 1.12021e-23) (0.02564 -0.000118029 -2.00974e-23) (0.0262421 -0.000131536 1.92664e-23) (0.0267752 -0.000144939 -1.90618e-23) (0.027251 -0.000158339 0) (0.0276796 -0.000171798 1.58504e-23) (0.0280654 -0.000185327 -1.37547e-23));
    }
}


// ************************************************************************* //
